27,34
27,99993
27,99986
27,50
27,99980
27,74267
27,51328
34,39
34,50
34,99993
34,52
39,50
39,52
39,69
50,52
50,74
50,93155
52,69
52,74
52,95
69,74
69,95
69,127
74,95
74,127
74,135
74,52215
74,84319
95,127
95,135
95,49391
95,79449
127,135
127,145
127,163
135,163
135,169
135,41431
135,39796
145,169
145,199
145,6989
163,169
163,199
163,223
169,223
169,230
169,32791
199,223
199,230
199,257
223,230
223,257
223,269
223,93347
230,257
230,269
230,281
257,269
257,72678
257,57524
257,53427
269,281
269,283
269,297
281,283
281,297
281,340
283,297
283,340
283,409
297,340
297,409
297,413
297,89942
297,79975
297,48099
340,409
340,413
340,418
409,413
409,418
409,436
413,418
413,436
413,443
413,72947
418,436
418,443
418,465
418,2493
436,443
436,465
436,72307
436,26296
436,89329
443,465
443,472
443,480
465,472
465,480
465,550
472,480
472,505
472,550
472,7566
480,505
480,550
480,559
505,550
505,559
505,583
550,559
550,583
550,29294
559,583
559,597
559,609
583,597
583,609
583,623
597,609
597,623
597,31276
597,23261
609,623
609,638
609,648
623,638
623,648
623,668
623,87507
638,648
638,668
638,671
638,20355
648,688
648,38370
648,53134
648,33844
668,671
668,688
668,90121
668,95698
671,688
671,711
671,63647
671,22087
688,711
688,764
688,769
688,51115
711,764
711,769
711,789
711,25626
711,46783
764,769
764,789
764,790
769,789
769,790
769,793
769,34408
789,790
789,793
789,831
790,793
790,831
790,837
790,11979
793,831
793,837
793,879
831,837
831,879
831,885
837,879
837,885
837,908
879,885
879,908
879,930
885,908
885,930
885,952
908,930
908,952
908,994
930,952
930,994
930,74564
952,994
952,1025
952,1063
994,1025
994,1063
994,1066
1025,1063
1025,1066
1025,1074
1063,1066
1063,1089
1063,26479
1066,1074
1066,1089
1066,1150
1074,1089
1074,1150
1074,1155
1089,1167
1089,38902
1089,49564
1150,1155
1150,1167
1150,1181
1155,1167
1155,1181
1155,1183
1167,1183
1167,1190
1167,62416
1181,1183
1181,1218
1181,38562
1181,77005
1183,1190
1183,1218
1183,1220
1190,1218
1190,1248
1190,33582
1218,1220
1218,1248
1218,1283
1220,1248
1220,1283
1220,1297
1220,45931
1248,1283
1248,1297
1248,1303
1248,27553
1283,1297
1283,1303
1283,1322
1283,49635
1283,72753
1297,1303
1297,1322
1297,1341
1303,1322
1303,1341
1303,1350
1303,37668
1303,74538
1322,1341
1322,1350
1322,1374
1322,99076
1341,1350
1341,1374
1341,1383
1341,13651
1341,10855
1350,1374
1350,1383
1350,1406
1374,1383
1374,1406
1374,1417
1374,53839
1383,1406
1383,1417
1383,1420
1406,1417
1406,1420
1406,1422
1406,19591
1406,33231
1417,1420
1417,1422
1417,1431
1417,32396
1420,1431
1420,1437
1420,85036
1420,37265
1422,1431
1422,1437
1422,1452
1431,1437
1431,1477
1431,40041
1437,1452
1437,1477
1437,1525
1452,1477
1452,1525
1452,1530
1452,89194
1477,1525
1477,1530
1477,1533
1477,67210
1525,1530
1525,1533
1525,1554
1530,1533
1530,1554
1530,1579
1533,1554
1533,1579
1533,1580
1554,1579
1554,1580
1554,1590
1554,13202
1579,1580
1579,1590
1579,16008
1579,52312
1580,1590
1580,1595
1580,1600
1590,1595
1590,1600
1590,1651
1595,1600
1595,1651
1595,1658
1600,1651
1600,1658
1600,11207
1651,1658
1651,1664
1651,1729
1658,1664
1658,1729
1658,1742
1664,1729
1664,1742
1664,1758
1729,1742
1729,1758
1729,1759
1742,1758
1742,1759
1742,1792
1758,1759
1758,1792
1758,1804
1759,1804
1759,1821
1759,4549
1792,1804
1792,1821
1792,1824
1804,1821
1804,1824
1804,58069
1821,1841
1821,1884
1821,97082
1824,1841
1824,1884
1824,81287
1841,1884
1841,1898
1841,1905
1884,1898
1884,1905
1884,1922
1884,26344
1898,1905
1898,1922
1898,1939
1905,1939
1905,1943
1905,5806
1905,61766
1922,1939
1922,1943
1922,1951
1939,1943
1939,1951
1939,1964
1939,16470
1943,1951
1943,1964
1943,1965
1951,1964
1951,1965
1951,1998
1964,1965
1964,1998
1964,2000
1964,18943
1965,1998
1965,2000
1965,2044
1998,2000
1998,2044
1998,2051
1998,20000
2000,2044
2000,2051
2000,2061
2044,2051
2044,2061
2044,2085
2051,2061
2051,2085
2051,2088
2061,2085
2061,2088
2061,2139
2085,2088
2085,2139
2085,2243
2088,2139
2088,2243
2088,2253
2139,2243
2139,2253
2139,7466
2139,97322
2243,2275
2243,88986
2243,42994
2243,38087
2253,2271
2253,2275
2253,2277
2271,2275
2271,2277
2271,2291
2275,2277
2275,2291
2275,2318
2277,2291
2277,2318
2277,2331
2291,2318
2291,2410
2291,59703
2318,2331
2318,2431
2318,78064
2331,2410
2331,2431
2331,2441
2331,34360
2410,2431
2410,2441
2410,2455
2410,78949
2431,2441
2431,2455
2431,2456
2431,53113
2441,2455
2441,2456
2441,2465
2441,47498
2455,2456
2455,2465
2455,74292
2455,76327
2456,2465
2456,2467
2456,2471
2465,2467
2465,2471
2465,2481
2465,16777
2465,27859
2467,2471
2467,2481
2467,2493
2471,2481
2471,2493
2471,2494
2481,2493
2481,2494
2481,2532
2493,2532
2493,2548
2494,2532
2494,2548
2494,12320
2532,2561
2532,2574
2532,79560
2532,72577
2548,2561
2548,2574
2548,2635
2561,2574
2561,2635
2561,2663
2574,2635
2574,2663
2574,2668
2635,2663
2635,2668
2635,2673
2663,2673
2663,2680
2663,10390
2668,2673
2668,2680
2668,2732
2668,65909
2673,2680
2673,2732
2673,61937
2680,2732
2680,2735
2680,2750
2680,93244
2732,2750
2732,2791
2732,22405
2735,2750
2735,2791
2735,2799
2750,2791
2750,2799
2750,2801
2750,32541
2750,98853
2791,2799
2791,2801
2791,2803
2799,2803
2799,2804
2799,38077
2799,54767
2801,2803
2801,2804
2801,2807
2803,2804
2803,2807
2803,2827
2803,23560
2804,2807
2804,2854
2804,79412
2807,2854
2807,2868
2807,14537
2827,2854
2827,2868
2827,86081
2854,2903
2854,2913
2854,86591
2854,10536
2868,2903
2868,2913
2868,2936
2868,5735
2903,2913
2903,2937
2903,75988
2913,2936
2913,2937
2913,2949
2936,2937
2936,2949
2936,2953
2937,2949
2937,2953
2937,2995
2949,2953
2949,2995
2949,3010
2953,2995
2953,3010
2953,3024
2995,3010
2995,3024
2995,3028
3010,3024
3010,3028
3010,3127
3024,3028
3024,3127
3024,3172
3028,3127
3028,3172
3028,3179
3127,3172
3127,3179
3127,3184
3172,3184
3172,3211
3172,75829
3179,3184
3179,3211
3179,58725
3184,3211
3184,3212
3184,3227
3211,3212
3211,3227
3211,3230
3212,3227
3212,3230
3212,3241
3227,3230
3227,3241
3227,3265
3230,3241
3230,3265
3230,3283
3230,48396
3241,3265
3241,3283
3241,3290
3265,3283
3265,3290
3265,3311
3283,3290
3283,3311
3283,3359
3290,3311
3290,3359
3290,3369
3311,3359
3311,3369
3311,3382
3311,68884
3359,3369
3359,3382
3359,3389
3369,3382
3369,3389
3369,3400
3369,44831
3382,3400
3382,3404
3382,17261
3389,3404
3389,3409
3389,37529
3400,3404
3400,3409
3400,3410
3400,29917
3404,3409
3404,3410
3404,3419
3409,3410
3409,3419
3409,3420
3410,3419
3410,3420
3410,3434
3419,3420
3419,3434
3419,3438
3419,6088
3420,3438
3420,3439
3420,38960
3434,3438
3434,3439
3434,3446
3438,3439
3438,3462
3438,88371
3439,3446
3439,3462
3439,3468
3446,3462
3446,3468
3446,3501
3462,3468
3462,3501
3462,3509
3468,3501
3468,3509
3468,3518
3468,94508
3501,3509
3501,3518
3501,3533
3509,3518
3509,3533
3509,3536
3518,3533
3518,3536
3518,3584
3533,3536
3533,3584
3533,3644
3536,3584
3536,3644
3536,3662
3584,3644
3584,3662
3584,3667
3644,3667
3644,3677
3644,33032
3662,3667
3662,3677
3662,3718
3667,3677
3667,3718
3667,3769
3677,3718
3677,3769
3677,3798
3718,3769
3718,3798
3718,3833
3769,3798
3769,3833
3769,3906
3798,3833
3798,3906
3798,3920
3833,3906
3833,3920
3833,3922
3906,3920
3906,3922
3906,3929
3920,3922
3920,3945
3920,97719
3920,58212
3922,3929
3922,3945
3922,3973
3929,3945
3929,3973
3929,3997
3945,3973
3945,3997
3945,4012
3973,3997
3973,4012
3973,4031
3997,4044
3997,63655
3997,43886
4012,4031
4012,4044
4012,4066
4031,4044
4031,4066
4031,4073
4044,4066
4044,4073
4044,4077
4066,4073
4066,4077
4066,4103
4073,4077
4073,4103
4073,4135
4073,15842
4077,4103
4077,4135
4077,4152
4077,32849
4103,4135
4103,4152
4103,4159
4135,4152
4135,4159
4135,4160
4135,85145
4152,4160
4152,4168
4152,61083
4152,11105
4152,39228
4159,4160
4159,4168
4159,4208
4159,9044
4160,4168
4160,4208
4160,4209
4168,4208
4168,4209
4168,4210
4168,38045
4208,4209
4208,4210
4208,4231
4209,4210
4209,4231
4209,4258
4210,4231
4210,4258
4210,4267
4231,4258
4231,4280
4231,66259
4258,4267
4258,4280
4258,4297
4258,33424
4267,4280
4267,4300
4267,49754
4280,4297
4280,4300
4280,70029
4297,4300
4297,4314
4297,4332
4300,54005
4300,79253
4300,91160
4314,4332
4314,4356
4314,4388
4332,4356
4332,4388
4332,4389
4356,4388
4356,4389
4356,5743
4388,4389
4388,4402
4388,70679
4389,4394
4389,4402
4389,7790
4394,4402
4394,4408
4394,34343
4402,4408
4402,4437
4402,4449
4402,73079
4408,4449
4408,4465
4408,72495
4437,4449
4437,4465
4437,4468
4449,4465
4449,4468
4449,4470
4449,41720
4465,4468
4465,4470
4465,4474
4468,4470
4468,4474
4468,4501
4470,4474
4470,4501
4470,4549
4470,35921
4474,4501
4474,4549
4474,4560
4474,15820
4501,4549
4501,4560
4501,4568
4549,4560
4549,4568
4549,4590
4549,87910
4560,4590
4560,4611
4560,17575
4560,95994
4568,4590
4568,4611
4568,4613
4568,96298
4590,4611
4590,4613
4590,4649
4611,4613
4611,4649
4611,4656
4613,4649
4613,4656
4613,4658
4649,4656
4649,4658
4649,4688
4649,48956
4656,4658
4656,4688
4656,4705
4658,4688
4658,4705
4658,4712
4688,4705
4688,4723
4688,54300
4688,9415
4705,4712
4705,4723
4705,4727
4712,4727
4712,4733
4712,77231
4712,36807
4723,4727
4723,4733
4723,4755
4727,4733
4727,4755
4727,4766
4733,4755
4733,4766
4733,4768
4755,84040
4755,12051
4755,83070
4766,4768
4766,4816
4766,51981
4768,4816
4768,4829
4768,4834
4816,4834
4816,4855
4816,47203
4829,4834
4829,4855
4829,4870
4834,4855
4834,4870
4834,4882
4834,6244
4855,4870
4855,4882
4855,4925
4855,38231
4870,4882
4870,4925
4870,4941
4882,4925
4882,4941
4882,4947
4925,4941
4925,4947
4925,4958
4941,4947
4941,4958
4941,4963
4947,4958
4947,4963
4947,4970
4958,4963
4958,4970
4958,4987
4963,4970
4963,4987
4963,5001
4970,4987
4970,5001
4970,5021
4970,81335
4987,5001
4987,5029
4987,17878
5001,5021
5001,5029
5001,5039
5001,95648
5001,5744
5021,5029
5021,5060
5021,5215
5021,85470
5029,5039
5029,5060
5029,5064
5029,26719
5039,5060
5039,5064
5039,42931
5060,5064
5060,5084
5060,5090
5064,5084
5064,5090
5064,5111
5084,5090
5084,5111
5084,5112
5090,5111
5090,5112
5090,5117
5111,5112
5111,5127
5111,25289
5112,5117
5112,5127
5112,5131
5117,5127
5117,5131
5117,5172
5117,28486
5127,5131
5127,5172
5127,5186
5131,5172
5131,5186
5131,5189
5172,5186
5172,5202
5172,72761
5186,5189
5186,5202
5186,5215
5186,89633
5189,5202
5189,5215
5189,5219
5202,5215
5202,5219
5202,5268
5202,71343
5215,5268
5215,5270
5215,72061
5219,5268
5219,5270
5219,39292
5219,75467
5268,5273
5268,5303
5268,18183
5268,16159
5270,5273
5270,5303
5270,82363
5270,55346
5273,5303
5273,5332
5273,5337
5273,45113
5273,60828
5273,28485
5303,5337
5303,84763
5303,7643
5332,5337
5332,5364
5332,5386
5337,5364
5337,5386
5337,5396
5364,5386
5364,5396
5364,5402
5386,5396
5386,5402
5386,5404
5396,5402
5396,5404
5396,5410
5402,5404
5402,5410
5402,5418
5404,5410
5404,5418
5404,5476
5410,5418
5410,5476
5410,5510
5418,5510
5418,5558
5418,42986
5476,5510
5476,5558
5476,5614
5510,5558
5510,5614
5510,5615
5558,5614
5558,5615
5558,5616
5614,5615
5614,5616
5614,5629
5614,18679
5615,5616
5615,5629
5615,5641
5616,5629
5616,5641
5616,5648
5629,5682
5629,15553
5629,49170
5641,5648
5641,5682
5641,5695
5648,5682
5648,5695
5648,5697
5682,5695
5682,5697
5682,5722
5695,5697
5695,5722
5695,5735
5697,5722
5697,5735
5697,5743
5722,5735
5722,5743
5722,5744
5722,99688
5735,5775
5735,45077
5743,5744
5743,5775
5743,5778
5743,64865
5744,5775
5744,73791
5775,5778
5775,5782
5775,5801
5778,5782
5778,5801
5778,5806
5782,5801
5782,5824
5782,90286
5801,5806
5801,5824
5801,5825
5806,5824
5806,5825
5806,5834
5806,61579
5824,5825
5824,5834
5824,5885
5825,5834
5825,5885
5825,5891
5834,21143
5834,65630
5834,80221
5885,5891
5885,5911
5885,5915
5891,5911
5891,5915
5891,5942
5911,5915
5911,5942
5911,5943
5915,5942
5915,5943
5915,5995
5915,30576
5942,5995
5942,6018
5942,46005
5942,40553
5943,5995
5943,6018
5943,6034
5995,6018
5995,6034
5995,6046
5995,29169
5995,58629
5995,91034
6018,6034
6018,6072
6018,90923
6034,6072
6034,6088
6034,30476
6046,6072
6046,6088
6046,6112
6046,27835
6072,6088
6072,6112
6072,6169
6072,27371
6088,6112
6088,6183
6112,6169
6112,6183
6112,6196
6169,6183
6169,6205
6169,71481
6183,6196
6183,6205
6183,6207
6183,85564
6196,6205
6196,6207
6196,6216
6205,6207
6205,6216
6205,6226
6207,6216
6207,6226
6207,6235
6216,6226
6216,6235
6216,6240
6226,6235
6226,6240
6226,6241
6235,6240
6235,6241
6235,6244
6235,39831
6240,6241
6240,6244
6240,6256
6241,6244
6241,6266
6241,28605
6241,54848
6241,79869
6244,84291
6244,46042
6256,6266
6256,6269
6256,6277
6266,6269
6266,6277
6266,6304
6269,6277
6269,6304
6269,6331
6269,89633
6269,43678
6277,6304
6277,6331
6277,6384
6304,6331
6304,6384
6304,6392
6331,6384
6331,6392
6331,6412
6384,6392
6384,6412
6384,6416
6392,6412
6392,6416
6392,6439
6412,6416
6412,6439
6412,6451
6416,6439
6416,6451
6416,6462
6416,20348
6439,6451
6439,6462
6439,6495
6451,6462
6451,6495
6451,43036
6451,24137
6462,6512
6462,6529
6462,14442
6495,6512
6495,6549
6495,49754
6512,6529
6512,6549
6512,6562
6529,6549
6529,6562
6529,6571
6549,6562
6549,6571
6549,6579
6562,6571
6562,6579
6562,6593
6562,27360
6571,6579
6571,6593
6571,6630
6571,14238
6579,6593
6579,6630
6579,6645
6593,6630
6593,6645
6593,6663
6630,6645
6630,6663
6630,6706
6630,57200
6645,6663
6645,6706
6645,6714
6663,6706
6663,6714
6663,6725
6706,6714
6706,6725
6706,6736
6706,62400
6714,6725
6714,6736
6714,6746
6725,6736
6725,6746
6725,6770
6736,6746
6736,6770
6736,6780
6746,6770
6746,6780
6746,6805
6746,61386
6770,6780
6770,6805
6770,6824
6780,6805
6780,6847
6780,9482
6780,22629
6780,55309
6805,6824
6805,6847
6805,6850
6824,6847
6824,6850
6824,6865
6847,6850
6847,6865
6847,6878
6850,6865
6850,6878
6850,6890
6850,83743
6865,6890
6865,6919
6865,13632
6878,6890
6878,6919
6878,6954
6890,6919
6890,6954
6890,6969
6890,12867
6890,66259
6919,6969
6919,6987
6919,16900
6954,6969
6954,6987
6954,6988
6969,6987
6969,6988
6969,6989
6987,6988
6987,6989
6987,23541
6988,6989
6988,7014
6988,7027
6988,50228
6989,7014
6989,7027
6989,7052
7014,7027
7014,7052
7014,7070
7027,7052
7027,7070
7027,7074
7052,7070
7052,7074
7052,7080
7070,7074
7070,7080
7070,7145
7074,7080
7074,7145
7074,24391
7080,7145
7080,7152
7080,14509
7145,7146
7145,7152
7145,55228
7146,7165
7146,7169
7146,11815
7152,7170
7152,73903
7152,66733
7152,13453
7165,7169
7165,7170
7165,7171
7169,7170
7169,7171
7169,7181
7170,7171
7170,7181
7170,7197
7171,7181
7171,7197
7171,7206
7171,85440
7181,7197
7181,7222
7181,8264
7197,7206
7197,7222
7197,92952
7206,7222
7206,7226
7206,7244
7222,7226
7222,7244
7222,7254
7222,32581
7226,7244
7226,7301
7226,17939
7226,72414
7244,7254
7244,7301
7244,7357
7254,7301
7254,7357
7254,7371
7254,27930
7301,7357
7301,7371
7301,7401
7357,7371
7357,7401
7357,7414
7371,7401
7371,7414
7371,7418
7401,7414
7401,7418
7401,7422
7401,74037
7414,7418
7414,7422
7414,7433
7418,7422
7418,7433
7418,7440
7418,45926
7422,7433
7422,7440
7422,7461
7433,7440
7433,7461
7433,7466
7440,7461
7440,7466
7440,7563
7440,41205
7461,7565
7461,48661
7461,33491
7466,7563
7466,7566
7466,92166
7563,7566
7563,7580
7563,94377
7565,7566
7565,7580
7565,7581
7566,7580
7566,7585
7580,7581
7580,7585
7580,7588
7581,7585
7581,7588
7581,7643
7585,7588
7585,7643
7585,7661
7588,7643
7588,46268
7588,81474
7643,7661
7643,7691
7643,7705
7661,7691
7661,7705
7661,7722
7691,7705
7691,7722
7691,7725
7705,7725
7705,7736
7705,50934
7705,57627
7722,7736
7722,7743
7722,15361
7725,7736
7725,7743
7725,7790
7736,7790
7736,7795
7736,74538
7743,7790
7743,7795
7743,7796
7743,72077
7790,7795
7790,7796
7790,7814
7795,7796
7795,7814
7795,7826
7796,7814
7796,7826
7796,7848
7814,7826
7814,7848
7814,7850
7814,87593
7826,7848
7826,7850
7826,7870
7848,7850
7848,7871
7848,21434
7850,7870
7850,7871
7850,7883
7870,7871
7870,7883
7870,7952
7871,7883
7871,7952
7871,7978
7883,7952
7883,7978
7883,7982
7952,7978
7952,7982
7952,8059
7978,7982
7978,8059
7978,8070
7982,8059
7982,8070
7982,20221
8059,8070
8059,8071
8059,8073
8070,8071
8070,8073
8070,8075
8071,8073
8071,8075
8071,8087
8073,8075
8073,8087
8073,8110
8075,8087
8075,8110
8075,8113
8087,8110
8087,8113
8087,8143
8087,75638
8110,8113
8110,8143
8110,8169
8113,8143
8113,8205
8113,82985
8143,8169
8143,8205
8143,8220
8143,52129
8169,8205
8169,8220
8169,8254
8169,97027
8205,8220
8205,8254
8205,8264
8220,8254
8220,8264
8220,8277
8254,8264
8254,8277
8254,8278
8264,8277
8264,8278
8264,8286
8277,8278
8277,8286
8277,66385
8278,8286
8278,8316
8278,8321
8286,8316
8286,8321
8286,8327
8286,32065
8316,8321
8316,8327
8316,8328
8321,8327
8321,8328
8321,8330
8321,9067
8327,8328
8327,8330
8327,68163
8328,8330
8328,8361
8328,8362
8330,8361
8330,8362
8330,8365
8361,8362
8361,8365
8361,8376
8362,8365
8362,8376
8362,8399
8365,8399
8365,8414
8365,41541
8376,8414
8376,8415
8376,42388
8376,96765
8399,8414
8399,8415
8399,8458
8414,8458
8414,42473
8414,86482
8414,13270
8415,8458
8415,8462
8415,93362
8458,8462
8458,8490
8458,8548
8458,27252
8458,44484
8462,8490
8462,8548
8462,8572
8490,8548
8490,8572
8490,8624
8548,8572
8548,8624
8548,8647
8572,8624
8572,8647
8572,8649
8624,8647
8624,8649
8624,8663
8647,8649
8647,8668
8647,76956
8649,8663
8649,8670
8649,37670
8649,12339
8649,38008
8663,8668
8663,8670
8663,8676
8663,91517
8668,8670
8668,8676
8668,9401
8670,8676
8670,8691
8670,8696
8676,8691
8676,8696
8676,8701
8676,29724
8691,8696
8691,8701
8691,72505
8696,8701
8696,8707
8696,8709
8696,11176
8701,8707
8701,8709
8701,68192
8707,8709
8707,8732
8707,8736
8709,8732
8709,8736
8709,8738
8709,63048
8732,8736
8732,8738
8732,8741
8736,8738
8736,8741
8736,8782
8736,89890
8738,8741
8738,8782
8738,8795
8741,8795
8741,8820
8741,18397
8782,8795
8782,8820
8782,8826
8795,8820
8795,8826
8795,8831
8820,8826
8820,8831
8820,8838
8826,8831
8826,8838
8826,8859
8831,8838
8831,8859
8831,8868
8838,8859
8838,8877
8838,15718
8859,8868
8859,8877
8859,8919
8868,8877
8868,8919
8868,8950
8877,8919
8877,8950
8877,8954
8877,89074
8919,8950
8919,8954
8919,8958
8919,36350
8950,8954
8950,8958
8950,8980
8954,8958
8954,8980
8954,96618
8954,44198
8958,8980
8958,8988
8958,8995
8958,9071
8980,8988
8980,8995
8980,8997
8988,8995
8988,8997
8988,9008
8995,8997
8995,9008
8995,9034
8995,14254
8997,9008
8997,9034
8997,33010
9008,9034
9008,9040
9008,9043
9008,63450
9034,9040
9034,9043
9034,9044
9040,9044
9040,9049
9040,76289
9043,9044
9043,9049
9043,9054
9043,67462
9044,9049
9044,9056
9049,9054
9049,9056
9049,9064
9049,21897
9054,9056
9054,9064
9054,9067
9056,9064
9056,9067
9056,9071
9064,9067
9064,9071
9064,9078
9067,9071
9067,9104
9071,9078
9071,9109
9078,9104
9078,9113
9078,53262
9104,9109
9104,9117
9104,19775
9109,9113
9109,9117
9109,9124
9113,9117
9113,9124
9113,9126
9117,9124
9117,9126
9117,9141
9124,9126
9124,9141
9124,79244
9126,9141
9126,9172
9126,45965
9141,9164
9141,9172
9141,9178
9164,9172
9164,9178
9164,9179
9172,9178
9172,9179
9172,9198
9178,9198
9178,77772
9178,86662
9179,9213
9179,9256
9179,25576
9198,9213
9198,9256
9198,9342
9213,9256
9213,9262
9213,9333
9256,9262
9256,9342
9256,37263
9262,9333
9262,9342
9262,9357
9333,9342
9333,9357
9333,9370
9333,80960
9342,9357
9342,9370
9342,9401
9357,9370
9357,49594
9357,36036
9370,9401
9370,9402
9370,9415
9401,9402
9401,9415
9401,9421
9401,76056
9402,9415
9402,9421
9402,9423
9415,9421
9415,9445
9415,62782
9421,9423
9421,9445
9421,9464
9421,60867
9423,9445
9423,9464
9423,9465
9423,81280
9445,9464
9445,9465
9445,9470
9464,9465
9464,9470
9464,9478
9465,9470
9465,9478
9465,9482
9470,9478
9470,9482
9470,9500
9478,9482
9478,9500
9478,9525
9482,9500
9482,9525
9482,9544
9482,24391
9500,9525
9500,9544
9500,9555
9525,9544
9525,9555
9525,9572
9544,9555
9544,9572
9544,9573
9555,9573
9555,9581
9555,35230
9572,9573
9572,9581
9572,9588
9573,9581
9573,9588
9573,9600
9581,9588
9581,9600
9581,9631
9581,26235
9588,9600
9588,9631
9588,9639
9600,9631
9600,9639
9600,36129
9631,9639
9631,9642
9631,9652
9639,9642
9639,9652
9639,9677
9642,9652
9642,9677
9642,9714
9652,9677
9652,9714
9652,9729
9677,9714
9677,9729
9677,9753
9677,84769
9714,9729
9714,9753
9714,9755
9714,47175
9729,9753
9729,9755
9729,9791
9753,9755
9753,9791
9753,9799
9755,9791
9755,9799
9755,9828
9755,89024
9791,9799
9791,9828
9791,60540
9799,9828
9799,9835
9799,9845
9828,9835
9828,9845
9828,9868
9835,9845
9835,9868
9835,9872
9845,9868
9845,9872
9845,9889
9868,9872
9868,9889
9868,9917
9868,93352
9872,9889
9872,9917
9872,9927
9889,9917
9889,9927
9889,9935
9917,9927
9917,9943
9917,71896
9917,49679
9927,9935
9927,9953
9927,32975
9935,9943
9935,9953
9935,9965
9943,9953
9943,9965
9943,9976
9953,9981
9953,64201
9953,25576
9965,10004
9965,28562
9965,97027
9976,9981
9976,10004
9976,86726
9981,10004
9981,10013
9981,10020
9981,38389
10004,10013
10004,10054
10004,98633
10004,70377
10013,10020
10013,10054
10013,15707
10020,10054
10020,10060
10020,10065
10054,10060
10054,10065
10054,10112
10054,10204
10060,10065
10060,10112
10060,10130
10065,10112
10065,10130
10065,10149
10112,10130
10112,10149
10112,46752
10130,10149
10130,10156
10130,10181
10130,27250
10130,38760
10149,10156
10149,10181
10149,10198
10156,10181
10156,10198
10156,10204
10181,10198
10181,10204
10181,10233
10198,10204
10198,10233
10198,10235
10198,67772
10204,10233
10204,10258
10233,10258
10233,10297
10233,53250
10235,10258
10235,10297
10235,10376
10258,10297
10258,10376
10258,10380
10297,10376
10297,10380
10297,79765
10376,10380
10376,10398
10376,18530
10380,10390
10380,10398
10380,94921
10390,10398
10390,10411
10390,10457
10398,10411
10398,10457
10398,10480
10411,10457
10411,10480
10411,10493
10457,10480
10457,10495
10457,91277
10457,20601
10480,10493
10480,10495
10480,21886
10480,42473
10493,10495
10493,10514
10493,10532
10495,10514
10495,10532
10495,10536
10514,10532
10514,10536
10514,10545
10532,10536
10532,10587
10532,55657
10536,10587
10536,34265
10536,20037
10536,21170
10545,10587
10545,10591
10545,10592
10587,10592
10587,10629
10587,21646
10591,10592
10591,10629
10591,10657
10592,10629
10592,10657
10592,10669
10629,10657
10629,10669
10629,10702
10657,10669
10657,10702
10657,10727
10669,10702
10669,10727
10669,10772
10702,10772
10702,10776
10702,54786
10727,10772
10727,10776
10727,10784
10772,10776
10772,10784
10772,10822
10772,31099
10772,64311
10776,10784
10776,10822
10776,10847
10784,10822
10784,10847
10784,10855
10822,10847
10822,10855
10822,10861
10847,10855
10847,10861
10847,10903
10855,10861
10855,10908
10861,10903
10861,10908
10861,10924
10861,79209
10903,10908
10903,10924
10903,64899
10908,10924
10908,10934
10908,62180
10924,10930
10924,10934
10924,10957
10924,40032
10930,10934
10930,10957
10930,10970
10930,56804
10934,10957
10934,10970
10934,10972
10957,10970
10957,10972
10957,10986
10957,91167
10957,84291
10970,10972
10970,10986
10970,10992
10972,10986
10972,10992
10972,10997
10986,10997
10986,74974
10986,67462
10986,96958
10992,10997
10992,11045
10992,49976
10997,11045
10997,11066
10997,11081
10997,24200
11045,11066
11045,11081
11045,11105
11066,11081
11066,11126
11066,71175
11066,66133
11081,11105
11081,91560
11081,20039
11081,86690
11105,11135
11105,11161
11126,11135
11126,11161
11126,39771
11135,11161
11135,11163
11135,57046
11161,11163
11161,11165
11161,11168
11163,11165
11163,11168
11163,11171
11165,11168
11165,11171
11165,11176
11168,11171
11168,11182
11168,82695
11171,11176
11171,11182
11171,75284
11176,11191
11176,11195
11182,11195
11182,11207
11182,63679
11191,11195
11191,11207
11191,11225
11195,11207
11195,11233
11195,48078
11207,11225
11207,11233
11207,84083
11225,11233
11225,11252
11225,11267
11233,11252
11233,11267
11233,11273
11252,11267
11252,11273
11252,11275
11267,11273
11267,11275
11267,11276
11273,11275
11273,11276
11273,11278
11275,11276
11275,11278
11275,11334
11276,11278
11276,11334
11276,66684
11278,11334
11278,11337
11278,67543
11334,11337
11334,11359
11334,64294
11337,11407
11337,11429
11337,77099
11337,70638
11359,11407
11359,11429
11359,11438
11407,11429
11407,11438
11407,11442
11429,11442
11429,11444
11429,93182
11429,23072
11429,93740
11438,11442
11438,11444
11438,11447
11442,11444
11442,11447
11442,11450
11444,11447
11444,11450
11444,11453
11444,76412
11447,11450
11447,11453
11447,11457
11450,11453
11450,11457
11450,11501
11450,42228
11453,11457
11453,11501
11453,11505
11457,11501
11457,11554
11457,47697
11501,11505
11501,11554
11501,11564
11501,16267
11505,11554
11505,11564
11505,11576
11554,11564
11554,11576
11554,11579
11554,76715
11554,65316
11564,11623
11564,29569
11564,28327
11576,11579
11576,11623
11576,11626
11579,11623
11579,11626
11579,11628
11579,59300
11623,11626
11623,11628
11623,11636
11623,40213
11623,42967
11626,11628
11626,11636
11626,11642
11628,11636
11628,11673
11628,60907
11636,11642
11636,11673
11636,11678
11642,11673
11642,11678
11642,11703
11673,11678
11673,11703
11673,11713
11678,11703
11678,11716
11678,14974
11703,11713
11703,11716
11703,11793
11713,11716
11713,11793
11713,11815
11713,24067
11716,11793
11716,11815
11716,11855
11793,11815
11793,11855
11793,11856
11815,11855
11815,11856
11815,11875
11815,77679
11855,11856
11855,11875
11855,11896
11856,11875
11856,11896
11856,11912
11875,11896
11875,11912
11875,11923
11896,11912
11896,11923
11896,11926
11912,11923
11912,11926
11912,11927
11912,21989
11923,11926
11923,11927
11923,11958
11923,59038
11923,85025
11923,39834
11926,11927
11926,11972
11926,22442
11927,11958
11927,11972
11927,11977
11958,11972
11958,11977
11958,22004
11972,11977
11972,12014
11972,51873
11977,12014
11977,12027
11977,28505
11979,12014
11979,12027
12014,12027
12014,12051
12014,12059
12027,12051
12027,12059
12027,12063
12051,12059
12051,12063
12051,12068
12059,12063
12059,12068
12059,12072
12059,69058
12063,12068
12063,12072
12063,12089
12063,51234
12068,12072
12068,12089
12068,12105
12072,12089
12072,12105
12072,12108
12089,12105
12089,12108
12089,12111
12105,12108
12105,12111
12105,12124
12108,12111
12108,12124
12108,12126
12111,12124
12111,12126
12111,12130
12124,12126
12124,12130
12124,12141
12124,66454
12126,12130
12126,12141
12126,12148
12126,32482
12130,12141
12130,12148
12130,87262
12141,12148
12141,12173
12141,94500
12148,12176
12148,12179
12148,32410
12148,85592
12173,12176
12173,12179
12173,12187
12176,12179
12176,12187
12176,12211
12179,12187
12179,12211
12179,12227
12187,12211
12187,12227
12187,12243
12211,12227
12211,12243
12211,12268
12227,12243
12227,12271
12227,61720
12243,12268
12243,12271
12243,12279
12268,12271
12268,12279
12268,12310
12268,37162
12271,12279
12271,12313
12271,88048
12279,12310
12279,12320
12279,99272
12310,12313
12310,12320
12310,12339
12313,12320
12313,12339
12313,12349
12320,12339
12320,12349
12320,12358
12339,12349
12339,12358
12349,12358
12349,12390
12349,12393
12358,12390
12358,12393
12358,12396
12390,12393
12390,12396
12390,12400
12393,12396
12393,12400
12393,12449
12396,12400
12396,12449
12396,12463
12400,12449
12400,12463
12400,12470
12449,12463
12449,37162
12449,48958
12463,12470
12463,12492
12463,97043
12470,12473
12470,12522
12470,71283
12473,12492
12473,12541
12473,60249
12492,12522
12492,12541
12492,12566
12522,12541
12522,12566
12522,12567
12541,12566
12541,12567
12541,12697
12541,53809
12566,12697
12566,12699
12566,70062
12567,12697
12567,12713
12567,19582
12697,12699
12697,12713
12697,12738
12699,12713
12699,12738
12699,12743
12699,12921
12713,12738
12713,12743
12713,12748
12738,12743
12738,12748
12738,12764
12738,74380
12738,80837
12743,12748
12743,12764
12743,12802
12748,12764
12748,12802
12748,12803
12748,17611
12764,12802
12764,12803
12764,12844
12764,32067
12764,34343
12802,12803
12802,12844
12802,12847
12802,22727
12802,16854
12803,12847
12803,16907
12803,96782
12844,12847
12844,12857
12844,12865
12844,60756
12847,12857
12847,12865
12847,12867
12857,12865
12857,12867
12857,12869
12865,12867
12865,94623
12865,77099
12867,12869
12867,12905
12867,84893
12869,12884
12869,12921
12869,96358
12884,12905
12884,12921
12884,12925
12905,12921
12905,12925
12905,12932
12921,12925
12921,12932
12925,12932
12925,12965
12925,12966
12932,12965
12932,12966
12932,13008
12965,12966
12965,13008
12965,13013
12965,52824
12966,13008
12966,13013
12966,13036
12966,34601
13008,13013
13008,13036
13008,13052
13013,13036
13013,13052
13013,13060
13036,13052
13036,13060
13036,13065
13036,52131
13052,13060
13052,13065
13052,13088
13060,13065
13060,13088
13060,13115
13065,13088
13065,13115
13065,13131
13088,13115
13088,13131
13088,13167
13115,13131
13115,13167
13115,13185
13131,13167
13131,13185
13131,13187
13167,13185
13167,13187
13167,13202
13185,13187
13185,13202
13185,13210
13187,13202
13187,13210
13187,13232
13202,13232
13202,13253
13210,13232
13210,13253
13210,13270
13232,13253
13232,13270
13232,26837
13253,13270
13253,13271
13253,13283
13270,13271
13270,13283
13271,13290
13271,13341
13271,78910
13283,13290
13283,13341
13283,13381
13283,64279
13290,13381
13290,13388
13290,23836
13290,38868
13341,13381
13341,13388
13341,55129
13381,13388
13381,13418
13381,13421
13388,13418
13388,13421
13388,13438
13418,13421
13418,13438
13418,21719
13421,13439
13421,13443
13421,17947
13438,13439
13438,13443
13438,13453
13439,13453
13439,87628
13439,35829
13443,13453
13443,13469
13443,13489
13453,13490
13453,49996
13453,84894
13469,13489
13469,13490
13469,13493
13489,13490
13489,13493
13489,13500
13490,13493
13490,13500
13490,13520
13493,13500
13493,13520
13493,35992
13493,23953
13500,13520
13500,13542
13500,13554
13500,96289
13520,13566
13520,47350
13520,49208
13520,89083
13542,13554
13542,13573
13542,43089
13554,13566
13554,13573
13554,13609
13566,13573
13566,13609
13566,13614
13573,13609
13573,13614
13573,13617
13609,13614
13609,13617
13609,13618
13614,13617
13614,40402
13614,75364
13617,13618
13617,13632
13617,13651
13617,57067
13618,13632
13618,13651
13618,13656
13632,13651
13632,13656
13632,13661
13651,13661
13651,13676
13651,67665
13656,13661
13656,13676
13656,13694
13661,13676
13661,13694
13661,13716
13676,13694
13676,13716
13676,13749
13694,13716
13694,13749
13694,13766
13716,13749
13716,13766
13716,13767
13749,13766
13749,13767
13749,13781
13766,13767
13766,13781
13766,13800
13767,13800
13767,13814
13767,16037
13781,13800
13781,13814
13781,13850
13800,13814
13800,13850
13800,13858
13814,13850
13814,13858
13814,13876
13850,13858
13850,13876
13850,13893
13858,13876
13858,13893
13858,18614
13876,13893
13876,13904
13876,13926
13893,13904
13893,13926
13893,80099
13893,92721
13904,13926
13904,13958
13904,55751
13926,13958
13926,13965
13926,71855
13958,13965
13958,13982
13958,16759
13965,13972
13965,14014
13965,83821
13972,13982
13972,14014
13972,14036
13982,14014
13982,14036
13982,14078
14014,14036
14014,14078
14014,14090
14036,14078
14036,14090
14036,14108
14078,14090
14078,14108
14078,14116
14090,14116
14090,14154
14090,70300
14108,14154
14108,14156
14108,63872
14116,14154
14116,14156
14116,56890
14154,14156
14154,66684
14154,67564
14156,14181
14156,14196
14156,14211
14181,14211
14181,14238
14181,86184
14181,63895
14196,14238
14196,14254
14196,38562
14211,14238
14211,14254
14211,14260
14238,14260
14238,14291
14238,46804
14254,14291
14254,14315
14260,14291
14260,14315
14260,82069
14291,14315
14291,14338
14291,14353
14315,14338
14315,14353
14315,14394
14338,14353
14338,14394
14338,14408
14353,14394
14353,14408
14353,14422
14394,14408
14394,14422
14394,14442
14394,56980
14408,14422
14408,14442
14408,14446
14422,14442
14422,14446
14422,14448
14442,14446
14442,14448
14442,14465
14446,14448
14446,14465
14446,14479
14446,58951
14448,14479
14448,46930
14448,15699
14465,14479
14465,14491
14465,14506
14479,14491
14479,14506
14479,14509
14491,14506
14491,14509
14491,14515
14506,14509
14506,14515
14506,14537
14509,14515
14509,14558
14509,74447
14515,14537
14515,14558
14515,14563
14537,14563
14537,14568
14537,20619
14558,14563
14558,14568
14558,14591
14563,14568
14563,14603
14563,69527
14568,14591
14568,14603
14568,14608
14591,14603
14591,14608
14591,14614
14603,14608
14603,14614
14603,14639
14608,14614
14608,14639
14608,14678
14614,14639
14614,14678
14614,14684
14639,14678
14639,14684
14639,14693
14639,98126
14678,14684
14678,14693
14678,14750
14684,14693
14684,14750
14684,14754
14693,14750
14693,14754
14693,14772
14750,14754
14750,14772
14750,14836
14754,14772
14754,14836
14754,14886
14772,14836
14772,14929
14772,35631
14836,14886
14836,14929
14836,14937
14886,14929
14886,14937
14886,14940
14886,98467
14929,14937
14929,14940
14929,14944
14937,14940
14937,14944
14937,14974
14940,14944
14940,14991
14940,63058
14944,14991
14944,15012
14944,35344
14974,14991
14974,15012
14974,15019
14991,15012
14991,15019
14991,15046
15012,15019
15012,15046
15012,15097
15019,15046
15019,15097
15019,15120
15046,15097
15046,15120
15046,15128
15097,15120
15097,15128
15097,15148
15120,15128
15120,15148
15120,15177
15128,15148
15128,15177
15128,15188
15148,15177
15148,15188
15148,15199
15177,15188
15177,15199
15177,57946
15188,15199
15188,15203
15188,15212
15199,15203
15199,15212
15199,15220
15203,15212
15203,15220
15203,15230
15203,86121
15212,15220
15212,15230
15212,15235
15220,15230
15220,15235
15220,15283
15230,15235
15230,15283
15230,15304
15235,15283
15235,15304
15235,15318
15283,15304
15283,15318
15283,15333
15283,76155
15304,15318
15304,15333
15304,15347
15318,15333
15318,15347
15318,15351
15333,15347
15333,15351
15333,15359
15347,15351
15347,15359
15347,15361
15347,92291
15351,15359
15351,15361
15351,15389
15351,99164
15359,15361
15359,15389
15359,15396
15361,15396
15361,71251
15361,35230
15389,15396
15389,15398
15389,15426
15396,15398
15396,15426
15396,15450
15398,15426
15398,15450
15398,15475
15426,15450
15426,15475
15426,15522
15426,82861
15450,15475
15450,15522
15450,15553
15475,15522
15475,15553
15475,15561
15522,15553
15522,15561
15522,15573
15553,15561
15553,15573
15553,15586
15561,15573
15561,15620
15561,66808
15573,15586
15573,15620
15573,15633
15586,15620
15586,15633
15586,15639
15620,15633
15620,15639
15620,46817
15633,15639
15633,15645
15633,15651
15639,15645
15639,15651
15639,16777
15639,29091
15645,15651
15645,15679
15645,15699
15651,15679
15651,15699
15651,15707
15679,15699
15679,15707
15679,15717
15699,15707
15699,15717
15699,15718
15707,15717
15707,15718
15707,15720
15717,15718
15717,15720
15717,15741
15717,87254
15718,15720
15718,15741
15718,15754
15720,15741
15720,15754
15720,70029
15720,30209
15741,15754
15741,15758
15741,15760
15754,15758
15754,15805
15754,95780
15758,15760
15758,15805
15758,15818
15760,15805
15760,15818
15760,15820
15805,15818
15805,15820
15805,15842
15818,15820
15818,15842
15818,15873
15820,15842
15820,15887
15842,15887
15842,96425
15873,15887
15873,15908
15873,15935
15887,15908
15887,15935
15887,65316
15908,15935
15908,15963
15908,15984
15908,60753
15935,15984
15935,16008
15935,27780
15963,15984
15963,16008
15963,16036
15984,16036
15984,16037
15984,68602
15984,44956
16008,16037
16008,16043
16008,26858
16036,16037
16036,16043
16036,16062
16037,16043
16037,16062
16037,16085
16043,16062
16043,16085
16043,16133
16062,16085
16062,16133
16062,16144
16085,16133
16085,16144
16085,16147
16133,16144
16133,16147
16133,16149
16144,16147
16144,16149
16144,16159
16144,55644
16147,16149
16147,16159
16147,16172
16147,25565
16149,16159
16149,16172
16149,16177
16159,16177
16159,16257
16172,16177
16172,16257
16172,16267
16172,58866
16177,16257
16177,16267
16177,16299
16177,80488
16257,16267
16257,16299
16257,16313
16267,16299
16267,16317
16299,16313
16299,16317
16299,16373
16313,16317
16313,16373
16313,16376
16317,16373
16317,16384
16317,61712
16373,16376
16373,16384
16373,16387
16376,16384
16376,16387
16376,16401
16384,16387
16384,16401
16384,16404
16384,26351
16387,16401
16387,16404
16387,16406
16401,16404
16401,16406
16401,16470
16401,74538
16404,16406
16404,16470
16404,16492
16406,16470
16406,16492
16406,16496
16406,75386
16470,16504
16470,53339
16492,16504
16492,16542
16492,29169
16496,16504
16496,16542
16496,16554
16504,16542
16504,16554
16504,16559
16542,16559
16542,16607
16542,66954
16542,94331
16554,16559
16554,16607
16554,16613
16559,16607
16559,16613
16559,16616
16607,16613
16607,16616
16607,16649
16607,56311
16613,16616
16613,16649
16613,16675
16616,16649
16616,16675
16616,32262
16649,16675
16649,16680
16649,16717
16675,16680
16675,16717
16675,16721
16680,16717
16680,16721
16680,16722
16717,16721
16717,16722
16717,16733
16721,16722
16721,16733
16721,16749
16722,16733
16722,16749
16722,16757
16733,16757
16733,16759
16733,32527
16749,16757
16749,16773
16749,42473
16757,16759
16757,16773
16757,26341
16759,16773
16759,16777
16759,16786
16759,61712
16773,16777
16773,16786
16773,16794
16773,72794
16777,16794
16786,16800
16786,16808
16786,77994
16794,16800
16794,16808
16794,16854
16794,55644
16800,16808
16800,16892
16800,39354
16808,16854
16808,16892
16808,16900
16854,16892
16854,16900
16892,16900
16892,16907
16892,16908
16900,16907
16900,16908
16900,16950
16907,16908
16907,16950
16907,16952
16907,72934
16908,16950
16908,17001
16908,97644
16950,16952
16950,17001
16950,17020
16952,17001
16952,17020
16952,17032
17001,17020
17001,17032
17001,17076
17020,17032
17020,17076
17020,17079
17032,17076
17032,17079
17032,17080
17076,17080
17076,17094
17076,49754
17079,17080
17079,17094
17079,17101
17080,17094
17080,17101
17080,17149
17094,17101
17094,17149
17094,17152
17101,17149
17101,17152
17101,29662
17149,17152
17149,17218
17149,17261
17152,17218
17152,17263
17152,50934
17218,17261
17218,17263
17218,63168
17261,17263
17261,17295
17261,17296
17263,17295
17263,17296
17263,17392
17295,17296
17295,17392
17295,17436
17295,68847
17295,98294
17296,17392
17296,17468
17296,92413
17392,17436
17392,17468
17392,17499
17392,88648
17436,17468
17436,17499
17436,17502
17468,17573
17468,39217
17468,97605
17499,17502
17499,17573
17499,17575
17502,17573
17502,17575
17502,71624
17502,37093
17573,17575
17573,17604
17573,17606
17573,74267
17573,68181
17575,17604
17575,17606
17575,76986
17604,17606
17604,17611
17604,84627
17606,17607
17606,17611
17606,17624
17607,17611
17607,17624
17607,17650
17611,17650
17611,53839
17611,90817
17624,17650
17624,17652
17624,17658
17650,17652
17650,17658
17650,17663
17652,17658
17652,17663
17652,17752
17658,17663
17658,17752
17658,17754
17658,59304
17663,17752
17663,17754
17663,17756
17752,17754
17752,17756
17752,17763
17754,17763
17754,17820
17754,30329
17756,17763
17756,17820
17756,17852
17763,17820
17763,17852
17763,17855
17820,17852
17820,17855
17820,17868
17852,17855
17852,17868
17852,17878
17855,17868
17855,17878
17855,17886
17868,17878
17868,17886
17868,17888
17878,17886
17878,17888
17878,17894
17886,17888
17886,17894
17886,17897
17888,17894
17888,17897
17888,17939
17894,17897
17894,17939
17894,17947
17897,17939
17897,17947
17897,17956
17939,17947
17939,17956
17939,17974
17947,17956
17947,17974
17947,17985
17956,17974
17956,17985
17956,17991
17974,17985
17974,17991
17974,18028
17985,17991
17985,18109
17985,94245
17985,95754
17991,18028
17991,18109
17991,18121
18028,18109
18028,18121
18028,18165
18109,18121
18109,18165
18109,18174
18121,18165
18121,18174
18121,18176
18165,18174
18165,18176
18165,18183
18174,18176
18174,18183
18174,72654
18176,18183
18176,18267
18176,24651
18183,18249
18183,18267
18183,18274
18249,18267
18249,18274
18249,18313
18267,18274
18267,18313
18267,18332
18274,18313
18274,18332
18274,18366
18313,18332
18313,18366
18313,18375
18332,18366
18332,18378
18332,55135
18366,18375
18366,18378
18366,18383
18366,35393
18375,18378
18375,18383
18375,18393
18375,72843
18378,18393
18378,18397
18378,93891
18383,18397
18383,18422
18383,53250
18393,18397
18393,18422
18393,18432
18397,18422
18397,18432
18397,18468
18422,18432
18422,18468
18422,18530
18432,18468
18432,18530
18432,18531
18468,18530
18468,18531
18468,18538
18530,18531
18530,18538
18530,21601
18531,18538
18531,18569
18531,18574
18538,18569
18538,18574
18538,18614
18569,18614
18569,18632
18569,94864
18574,18614
18574,18632
18574,18655
18614,18655
18614,18679
18614,58282
18614,44060
18632,18655
18632,18679
18632,18680
18655,18680
18655,18750
18655,95639
18679,18750
18679,18775
18680,18750
18680,18775
18680,18785
18680,52131
18750,18785
18750,18794
18750,79988
18775,18785
18775,18794
18775,18850
18785,18794
18785,18850
18785,18870
18785,43678
18794,18850
18794,18870
18794,18930
18850,18870
18850,18930
18850,18943
18850,99622
18870,18930
18870,18943
18870,18948
18930,18943
18930,18948
18930,18957
18943,18957
18943,19035
18948,18957
18948,19039
18948,83519
18957,19035
18957,19039
18957,19051
19035,19039
19035,19056
19035,98467
19039,19051
19039,19127
19039,58766
19051,19056
19051,19127
19051,19161
19056,19127
19056,19161
19056,19184
19056,70079
19127,19184
19127,36527
19127,95172
19161,19184
19161,19185
19161,19210
19184,19185
19184,19210
19184,19211
19185,19210
19185,19211
19185,19256
19185,37403
19210,19211
19210,19256
19210,19280
19210,87768
19211,19280
19211,19291
19211,45401
19256,19280
19256,19291
19256,19303
19280,19291
19280,19303
19280,19310
19291,19303
19291,19310
19291,19321
19303,19310
19303,19321
19303,19322
19310,19321
19310,19322
19310,19346
19321,19322
19321,19346
19321,19361
19322,19346
19322,19361
19322,19383
19322,52612
19346,19361
19346,19383
19346,19389
19361,19383
19361,19389
19361,19409
19383,19389
19383,19409
19383,19428
19383,98634
19383,43198
19383,91948
19389,19409
19389,19428
19389,19459
19409,19459
19409,19471
19409,23698
19409,60977
19428,19459
19428,19471
19428,19484
19459,19471
19459,19484
19459,19516
19471,19484
19471,19516
19471,19582
19471,70107
19471,70810
19484,19516
19484,19582
19484,19591
19484,52732
19516,19582
19516,19591
19516,58662
19582,19591
19582,19601
19582,19612
19591,19601
19591,19612
19591,63315
19601,19612
19601,19627
19601,19665
19612,19627
19612,19665
19612,19671
19627,19665
19627,19671
19627,19686
19627,78151
19665,19671
19665,19686
19665,19706
19665,80696
19671,19686
19671,19706
19671,19710
19686,19706
19686,19710
19686,19715
19706,19715
19706,19718
19706,75193
19710,19715
19710,19718
19710,19723
19715,19718
19715,19723
19715,19724
19718,19723
19718,19724
19718,19733
19723,19724
19723,19733
19723,19755
19724,19733
19724,19755
19724,19775
19733,19755
19733,19775
19733,19777
19755,19775
19755,19777
19755,19811
19775,19777
19775,19811
19775,19890
19775,59907
19777,19811
19777,19890
19777,19967
19811,19890
19811,19967
19811,20000
19811,46811
19890,19967
19890,20000
19890,20037
19967,20000
19967,20037
19967,20039
20000,20039
20000,20117
20037,20039
20037,20138
20039,20117
20039,20138
20039,20221
20117,20138
20117,20221
20117,20227
20117,61111
20138,20221
20138,20227
20138,20237
20221,20227
20221,20237
20221,20294
20227,20237
20227,20294
20227,20295
20237,20294
20237,20295
20237,20301
20294,20295
20294,20301
20294,20323
20294,22064
20295,20301
20295,20323
20295,39796
20301,20323
20301,20348
20301,20355
20323,20348
20323,20355
20323,20397
20323,52959
20348,20355
20348,20401
20348,73605
20355,20397
20355,20402
20397,20401
20397,20402
20397,20462
20401,20402
20401,20462
20401,20480
20402,20462
20402,20480
20402,20492
20462,20480
20462,20512
20462,36690
20480,20492
20480,20512
20480,20537
20492,20512
20492,20537
20492,20541
20512,20537
20512,20547
20512,84627
20537,20541
20537,20547
20537,34182
20541,20548
20541,20549
20541,60229
20547,20549
20547,20552
20547,32184
20548,20549
20548,20552
20548,20601
20549,20552
20549,20601
20549,20610
20552,20601
20552,20610
20552,20619
20601,20610
20601,20619
20610,20619
20610,20629
20610,20701
20610,61171
20619,20629
20619,20701
20619,40353
20629,20701
20629,20724
20629,20739
20629,83920
20701,20724
20701,20749
20701,30015
20724,20739
20724,20749
20724,20751
20739,20749
20739,20751
20739,20786
20749,20751
20749,20786
20749,20799
20751,20786
20751,20799
20751,20819
20786,20799
20786,20819
20786,20821
20799,20819
20799,20821
20799,20822
20799,43032
20819,20821
20819,20822
20819,20834
20821,20822
20821,20834
20821,98357
20822,20834
20822,20898
20822,20911
20834,20898
20834,20911
20834,20922
20898,20911
20898,20922
20898,21136
20898,23953
20911,20922
20911,21136
20911,60282
20922,21136
20922,21143
20922,21170
21136,21170
21136,21171
21136,25637
21136,29881
21143,21170
21143,21171
21143,21187
21170,21171
21170,21212
21170,60624
21171,21187
21171,21212
21171,21255
21187,21212
21187,21255
21187,21280
21212,21255
21212,21280
21212,21298
21255,21280
21255,21323
21255,97185
21280,21323
21280,21331
21280,48479
21280,35648
21298,21323
21298,21331
21298,21332
21323,21331
21323,21332
21323,21334
21331,21332
21331,21334
21331,21352
21332,21334
21332,21352
21332,21390
21334,21352
21334,21390
21334,21392
21334,55619
21352,21390
21352,21404
21352,21718
21390,21392
21390,21419
21390,54005
21392,21404
21392,21419
21392,21425
21404,21419
21404,21425
21404,52788
21419,21425
21419,21434
21419,21436
21425,21434
21425,21436
21425,21444
21434,21436
21434,21444
21434,21462
21436,21444
21436,21462
21436,49676
21444,21462
21444,21504
21444,93891
21462,21504
21462,21527
21462,21561
21504,21561
21504,21593
21504,24651
21527,21561
21527,21593
21527,21601
21561,21593
21561,21601
21561,21607
21593,21601
21593,21607
21593,21636
21601,21607
21601,21646
21601,83743
21607,21636
21607,21646
21607,21716
21636,21646
21636,21716
21636,21718
21646,21716
21646,21718
21646,21719
21716,21718
21716,21719
21716,21725
21718,21719
21718,21725
21718,21777
21719,21725
21719,21777
21719,21797
21725,21777
21725,21797
21725,21804
21777,21797
21777,21804
21777,21825
21797,21804
21797,21825
21797,21829
21804,21825
21804,21829
21804,21886
21825,21829
21825,21886
21825,21897
21829,21886
21829,21897
21829,21924
21886,21924
21886,21928
21897,21924
21897,21928
21924,21928
21924,21929
21924,21943
21928,21929
21928,21943
21928,21971
21928,97698
21929,21943
21929,21971
21929,21989
21943,21971
21943,21989
21943,21994
21971,21989
21971,21994
21971,21999
21989,21994
21989,21999
21994,21999
21994,22004
21994,22021
21999,22004
21999,22021
21999,22023
21999,43469
22004,22021
22004,22023
22004,22047
22021,22023
22021,22047
22021,22064
22023,22047
22023,22064
22023,22075
22047,22064
22047,22075
22047,22077
22064,22075
22064,22077
22075,22077
22075,22087
22075,56880
22077,22082
22077,22087
22077,22090
22082,22087
22082,22090
22082,22133
22087,22090
22087,22133
22087,22189
22087,68779
22090,22133
22090,22189
22090,89633
22133,22189
22133,22197
22133,22216
22189,22197
22189,22216
22189,22238
22197,22216
22197,22238
22197,22253
22197,57172
22216,22238
22216,22253
22216,22274
22238,22253
22238,22274
22238,22287
22253,22274
22253,22299
22253,66542
22274,22287
22274,22299
22274,22318
22287,22299
22287,22318
22287,22321
22299,22318
22299,22385
22299,47910
22318,22321
22318,22385
22318,22386
22321,22385
22321,22386
22321,22400
22385,22386
22385,22400
22385,59846
22386,22400
22386,22403
22386,22405
22400,22403
22400,22405
22400,22419
22403,22405
22403,22419
22403,22423
22405,22419
22405,22423
22405,22440
22419,22423
22419,22440
22419,22442
22423,22440
22423,22442
22423,22444
22440,22442
22440,22444
22440,22451
22440,45617
22442,22444
22442,22451
22442,22463
22444,22451
22444,22463
22444,22485
22451,22463
22451,22485
22451,22505
22451,96602
22463,22485
22463,22505
22463,22516
22485,22505
22485,22516
22485,22531
22505,22516
22505,22531
22505,22537
22516,22531
22516,22537
22516,22556
22531,22537
22531,22556
22531,22594
22537,22556
22537,22594
22537,22629
22556,22629
22556,22644
22556,40032
22594,22629
22594,22644
22594,22648
22629,22644
22629,22648
22629,63058
22644,22648
22644,22661
22644,22717
22648,22661
22648,22717
22648,22727
22648,44566
22661,22717
22661,22727
22661,22755
22661,32680
22717,22727
22717,22755
22717,22760
22717,68854
22727,22755
22727,22763
22755,22760
22755,22763
22755,22773
22760,22773
22760,22777
22760,98357
22763,22773
22763,22777
22763,22781
22773,22781
22773,22800
22773,27171
22777,22781
22777,22800
22777,22851
22781,22800
22781,22851
22781,22902
22800,22851
22800,22902
22800,22918
22851,22902
22851,22918
22851,22968
22851,80550
22902,22918
22902,22968
22902,22969
22918,22968
22918,22969
22918,22973
22968,22969
22968,22973
22968,22994
22969,22994
22969,23024
22969,89155
22973,22994
22973,23024
22973,23038
22994,23024
22994,23038
22994,23040
23024,23038
23024,23040
23024,23048
23038,23040
23038,23048
23038,23053
23040,23048
23040,23053
23040,23072
23048,23053
23048,23072
23048,23116
23053,23072
23053,23116
23053,74760
23072,23137
23072,23161
23116,23137
23116,23161
23116,23174
23137,23161
23137,23174
23137,67543
23161,23174
23161,23179
23161,23186
23174,23186
23174,23190
23174,99506
23179,23186
23179,23190
23179,87814
23186,23190
23186,23200
23186,23216
23190,23200
23190,23216
23190,23261
23200,23216
23200,23261
23200,23304
23216,23261
23216,23304
23216,23308
23261,23304
23261,23308
23261,23310
23304,23308
23304,23310
23304,61804
23308,23310
23308,23312
23308,23345
23310,23312
23310,23345
23310,23350
23312,23345
23312,23350
23312,30653
23345,23350
23345,23366
23345,23431
23350,23366
23350,23431
23350,23476
23366,23431
23366,23476
23366,23483
23431,23476
23431,23483
23431,23526
23476,23483
23476,23526
23476,23541
23483,23526
23483,23541
23483,23560
23526,23541
23526,23560
23526,23578
23526,98155
23541,23560
23541,23578
23541,23595
23560,23578
23560,23595
23578,23595
23578,23641
23578,23654
23595,23641
23595,23654
23595,23698
23641,23654
23641,23698
23641,23722
23654,23698
23654,23722
23654,23756
23698,23756
23698,23794
23698,71296
23722,23756
23722,23794
23722,23800
23722,94362
23756,23794
23756,23800
23756,86888
23794,23800
23794,23812
23794,23836
23800,23812
23800,23836
23800,23869
23812,23836
23812,23869
23812,23884
23812,25408
23836,23869
23836,23884
23836,23885
23869,23885
23869,23887
23869,41089
23884,23887
23884,23924
23884,70547
23885,23887
23885,23924
23885,23932
23887,23932
23887,23953
23887,72912
23924,23953
23924,23969
23924,44546
23932,23953
23932,23969
23932,23979
23953,23969
23969,23979
23969,23982
23969,24001
23979,23982
23979,24001
23979,24020
23982,24001
23982,24020
23982,24067
24001,24020
24001,24067
24001,24076
24020,24067
24020,24102
24020,99400
24067,24102
24067,24103
24076,24102
24076,24103
24076,24137
24102,24103
24102,24137
24102,24139
24103,24139
24103,24190
24103,43087
24137,24139
24137,24190
24139,24190
24139,24195
24139,24200
24139,69848
24190,24195
24190,24200
24190,24231
24195,24231
24195,24232
24195,33205
24200,24231
24200,24232
24231,24232
24231,24251
24231,24259
24232,24251
24232,24259
24232,24265
24232,75552
24251,24259
24251,24265
24251,24289
24259,24265
24259,24289
24259,24335
24265,24377
24265,27250
24265,61539
24289,24335
24289,24391
24289,94027
24335,24377
24335,24410
24335,29507
24377,24391
24377,24410
24377,24421
24377,30804
24391,24410
24391,24483
24391,90710
24410,24421
24410,24483
24410,24490
24421,24483
24421,24490
24421,24549
24483,24490
24483,24549
24483,24561
24490,24549
24490,24561
24490,24566
24490,66983
24549,24566
24549,24570
24549,75284
24561,24566
24561,24570
24561,24578
24566,24570
24566,24578
24566,24651
24570,24578
24570,24651
24570,24660
24578,24651
24578,24660
24578,24682
24651,24660
24651,24682
24651,24687
24651,32808
24660,24682
24660,24687
24660,24705
24660,72947
24682,24687
24682,24705
24682,74037
24682,94017
24687,24705
24687,24735
24687,24738
24705,24735
24705,24738
24705,24763
24735,24738
24735,24804
24735,90217
24738,24763
24738,24804
24738,24851
24763,24851
24763,92981
24763,75956
24804,24851
24804,24859
24804,24874
24804,82599
24851,24859
24851,24874
24851,24890
24859,24874
24859,24890
24859,24895
24874,24890
24874,24983
24874,67965
24874,55429
24890,24895
24890,24983
24890,96520
24895,24983
24895,24986
24895,24994
24983,24986
24983,24994
24983,25010
24986,24994
24986,25010
24986,25013
24994,25010
24994,25013
24994,25055
24994,42931
25010,25013
25010,25055
25010,25110
25013,25055
25013,25110
25013,25170
25013,65983
25055,25110
25055,25170
25055,25181
25110,25170
25110,25181
25110,25183
25170,25181
25170,25183
25170,77133
25181,25183
25181,25210
25181,73962
25183,25193
25183,25210
25183,25225
25193,25210
25193,25226
25193,43210
25210,25225
25210,25226
25210,25247
25225,25226
25225,25247
25225,25267
25225,78987
25226,25247
25226,25267
25226,25279
25247,25267
25247,25279
25247,25289
25267,25279
25267,25289
25267,25307
25279,25289
25279,25307
25279,25347
25289,25307
25289,25347
25289,25353
25307,25347
25307,25353
25307,25368
25347,25353
25347,25368
25347,25389
25353,25368
25353,25389
25353,98916
25368,25389
25368,76286
25368,27835
25389,25408
25389,25415
25389,25419
25389,76535
25408,25419
25408,25421
25408,30102
25415,25419
25415,25421
25415,25455
25419,25421
25419,25455
25419,25470
25421,25470
25421,25480
25421,65261
25455,25470
25455,25480
25455,25518
25470,25480
25470,25518
25470,25552
25470,88534
25480,25518
25480,25552
25480,25565
25518,25552
25518,25565
25518,25566
25518,46355
25552,25565
25552,25566
25552,25576
25565,25566
25565,25576
25565,42676
25566,25576
25566,25582
25566,25583
25566,96520
25576,25582
25576,25583
25576,25593
25576,84272
25582,25583
25582,25593
25582,25600
25583,25593
25583,25600
25583,45391
25583,39243
25583,76056
25593,25600
25593,25602
25593,25619
25600,25602
25600,25619
25600,25626
25602,25619
25602,25626
25602,25631
25619,25631
25619,27716
25619,32396
25619,35614
25626,25631
25626,25650
25631,25637
25631,25650
25631,25670
25637,25650
25637,25670
25637,25687
25650,25670
25650,25703
25650,48322
25670,25687
25670,25703
25670,25707
25687,25703
25687,25707
25687,25721
25703,25707
25703,25721
25703,25748
25707,25721
25707,25748
25707,25758
25721,25748
25721,25758
25721,25787
25748,25758
25748,25787
25748,25790
25758,25787
25758,25790
25758,25849
25758,75364
25787,25790
25787,25849
25787,25854
25790,25849
25790,25854
25790,25857
25790,37445
25849,25854
25849,25857
25849,25897
25854,25857
25854,25897
25854,77857
25857,25897
25857,25898
25857,25912
25897,25898
25897,25912
25897,25999
25898,25912
25898,25999
25898,26057
25912,25999
25912,26069
25912,70062
25999,26057
25999,26069
25999,26131
25999,68602
26057,26069
26057,26131
26057,26141
26057,64251
26069,26131
26069,26210
26069,82333
26131,26141
26131,26210
26131,43570
26141,26216
26141,26233
26141,54168
26210,26216
26210,26233
26210,26235
26210,66391
26216,26233
26216,26235
26216,26244
26233,26235
26233,26244
26233,26246
26233,32387
26235,26244
26235,26254
26244,26246
26244,26254
26244,26257
26246,26254
26246,26257
26246,26278
26254,26257
26254,26278
26254,26282
26257,26278
26257,26282
26257,26285
26278,26282
26278,26285
26278,26296
26282,26285
26282,26296
26282,26320
26285,26296
26285,26320
26285,26330
26296,26320
26296,26330
26320,26330
26320,26334
26320,26341
26330,26334
26330,26341
26330,26344
26334,26341
26334,26344
26334,26351
26341,26344
26341,26351
26341,26420
26344,26351
26344,26479
26351,26479
26351,26488
26420,26479
26420,26488
26420,26507
26420,62747
26479,26488
26479,26507
26479,93476
26488,26507
26488,26567
26488,26575
26507,26567
26507,26575
26507,26649
26567,26575
26567,26649
26567,26672
26575,26649
26575,26672
26575,26678
26649,26672
26649,26719
26649,93554
26672,26678
26672,26719
26672,26741
26678,26719
26678,26741
26678,26753
26719,26753
26719,26792
26741,26753
26741,26792
26741,26797
26753,26792
26753,26797
26753,26835
26792,26797
26792,26837
26792,67759
26797,26835
26797,26837
26797,26842
26835,26837
26835,26842
26835,26858
26837,26858
26837,26902
26837,27455
26842,26858
26842,26902
26842,61083
26842,51688
26858,26902
26858,26973
26858,27025
26902,26973
26902,27025
26902,27036
26902,43174
26902,69905
26973,27025
26973,27036
26973,27048
27025,27036
27025,27048
27025,27105
27036,27048
27036,27105
27036,27171
27036,54300
27048,27105
27048,27171
27048,27178
27105,27171
27105,27178
27105,27223
27171,27178
27171,27223
27171,27245
27178,27245
27178,50633
27178,54802
27178,28188
27223,27245
27223,27252
27223,71072
27245,27250
27245,27252
27245,27270
27245,60577
27245,63168
27250,27270
27250,27312
27250,72505
27252,27270
27252,80994
27252,73123
27270,27312
27270,27359
27270,67165
27312,27359
27312,27360
27312,39594
27356,27359
27356,27360
27356,27371
27356,89155
27359,27360
27359,27371
27359,27372
27360,27371
27360,27372
27371,27382
27371,27406
27372,27406
27372,27448
27372,61647
27382,27406
27382,27448
27382,27455
27406,27448
27406,27455
27406,27536
27448,27455
27448,27536
27448,37506
27455,27536
27455,27549
27455,27553
27536,27549
27536,27553
27536,27564
27549,27553
27549,27564
27549,27628
27549,81487
27553,27564
27553,27640
27564,27628
27564,27640
27564,27661
27564,49020
27628,27661
27628,36129
27628,57009
27640,27662
27640,27708
27640,60928
27661,27662
27661,27708
27661,73838
27662,27708
27662,27716
27662,27728
27708,27716
27708,27728
27708,27760
27708,58621
27716,27728
27716,27760
27716,27776
27728,27776
27728,27780
27728,38087
27760,27776
27760,27780
27760,27786
27760,86121
27776,27780
27776,27786
27776,27803
27780,27786
27780,27803
27780,27822
27786,27803
27786,27822
27786,27825
27803,27822
27803,27825
27803,27827
27803,37158
27822,27825
27822,27827
27822,27835
27825,27827
27825,27835
27825,27838
27827,27835
27827,27838
27827,27859
27835,27926
27835,75913
27838,27859
27838,27926
27838,27930
27859,27926
27859,27930
27926,27930
27926,27932
27926,27934
27930,27934
27930,27939
27932,27934
27932,27939
27932,27945
27934,27939
27934,27945
27934,27989
27939,27945
27939,27989
27939,28021
27945,27989
27945,28021
27945,28036
27945,65404
27989,28021
27989,28036
27989,28083
28021,28036
28021,28083
28021,28094
28036,28083
28036,28094
28036,28109
28036,38587
28083,28094
28083,28109
28083,28188
28094,28109
28094,28188
28094,28196
28109,28188
28109,28196
28109,78648
28109,84319
28188,28196
28188,28213
28188,28217
28196,28213
28196,28217
28196,28224
28213,28217
28213,28224
28213,28230
28213,84332
28213,89337
28217,28224
28217,28230
28217,28231
28224,28230
28224,28231
28224,28236
28230,28236
28230,28308
28230,44201
28231,28236
28231,28308
28231,28313
28236,28308
28236,28313
28236,28319
28308,28313
28308,28319
28308,28327
28313,28319
28313,28327
28313,28393
28319,28327
28319,28393
28319,28442
28327,28393
28327,28442
28327,28464
28393,28442
28393,28464
28393,28475
28442,28464
28442,28478
28442,72479
28464,28475
28464,28478
28464,28485
28475,28478
28475,28485
28475,28486
28478,28485
28478,28486
28478,38281
28485,28486
28485,28505
28486,28512
28486,87640
28486,58458
28505,28520
28505,28562
28505,43969
28505,28859
28512,28520
28512,28562
28512,28563
28520,28562
28520,28563
28520,28575
28562,28563
28562,28575
28562,28596
28563,28575
28563,28596
28563,28605
28563,93507
28563,72678
28575,28596
28575,28605
28575,28643
28575,32420
28596,28605
28596,28643
28596,28652
28605,28643
28605,28652
28605,28698
28643,28652
28643,28698
28643,28777
28652,28698
28652,28777
28652,28820
28698,28777
28698,28820
28698,28832
28777,28820
28777,28858
28777,57314
28820,28832
28820,28858
28820,28859
28820,31582
28832,28859
28832,28881
28832,34803
28858,28859
28858,28881
28858,28886
28859,28881
28859,28886
28881,28886
28881,28887
28881,28949
28886,28949
28886,28951
28886,71126
28886,50058
28886,78790
28887,28949
28887,28951
28887,43653
28949,28951
28949,28989
28949,29012
28951,28989
28951,29012
28951,29034
28989,29012
28989,29050
28989,58646
29012,29034
29012,29050
29012,29091
29012,98134
29034,29050
29034,29091
29034,29105
29050,29091
29050,29105
29050,29127
29091,29127
29091,29144
29091,42724
29091,36567
29105,29127
29105,29144
29105,29151
29105,41755
29105,91441
29127,29144
29127,29151
29127,29169
29144,29151
29144,29169
29144,29177
29151,29169
29151,29188
29151,43036
29169,29219
29169,51725
29177,29188
29177,29219
29177,29224
29188,29224
29188,29231
29188,46470
29188,53118
29219,29224
29219,29231
29219,29235
29224,29231
29224,29235
29224,29260
29231,29260
29231,29294
29231,84260
29235,29260
29235,29294
29235,29295
29260,29294
29260,29295
29260,29311
29294,29295
29294,29311
29294,29322
29295,29311
29295,29322
29295,29331
29311,29322
29311,29331
29311,94245
29322,29331
29322,29346
29322,29389
29331,29346
29331,29389
29331,29395
29331,60765
29346,29389
29346,29395
29346,29444
29389,29395
29389,29474
29389,72794
29389,41982
29395,29444
29395,29474
29395,29486
29444,29474
29444,29486
29444,29500
29474,29486
29474,29500
29474,29507
29486,29500
29486,29507
29486,29565
29486,69557
29500,29507
29500,29565
29500,39099
29507,29565
29507,29566
29507,29568
29565,29566
29565,29568
29565,29569
29566,29568
29566,29582
29566,40072
29568,29569
29568,29582
29568,29607
29569,29582
29569,29607
29569,29611
29582,29607
29582,29611
29582,29613
29582,30940
29607,29611
29607,29613
29607,29619
29611,29613
29611,29619
29611,29657
29613,29619
29613,29657
29613,29662
29619,29657
29619,29662
29619,29674
29619,96602
29657,29662
29657,29674
29657,29675
29662,29674
29662,29675
29662,29688
29674,29675
29674,29688
29674,29689
29675,29688
29675,29689
29675,29697
29688,29689
29688,29697
29688,29724
29689,29697
29689,29724
29689,29751
29697,29724
29697,29751
29697,29767
29724,29767
29724,59620
29724,57065
29751,29767
29751,29800
29751,29810
29767,29800
29767,29810
29767,29817
29767,93162
29800,29810
29800,29825
29800,62388
29800,93197
29810,29817
29810,29825
29810,29844
29817,29825
29817,29844
29817,29880
29825,29844
29825,29880
29825,29881
29844,29880
29844,29881
29844,29896
29844,57172
29880,29881
29880,29896
29880,29917
29880,73838
29881,29917
29881,29920
29896,29917
29896,29920
29896,50469
29917,29920
29917,29944
29920,29927
29920,29944
29920,29968
29927,29968
29927,29974
29927,57660
29944,29974
29944,30015
29944,88361
29968,30015
29968,30019
29968,77176
29974,30015
29974,30019
29974,30063
30015,30019
30015,30063
30015,30081
30019,30063
30019,30081
30019,30101
30019,35653
30063,30081
30063,30101
30063,30102
30081,30101
30081,30102
30081,30107
30101,30102
30101,30107
30101,30109
30102,30127
30102,78783
30107,30109
30107,30127
30107,30154
30109,30127
30109,30154
30109,30184
30127,30154
30127,30184
30127,30209
30154,30184
30154,30209
30154,30311
30184,30209
30184,30311
30184,30326
30209,30311
30209,30329
30209,41499
30311,30326
30311,30329
30311,30351
30326,30329
30326,30351
30326,30352
30329,30351
30329,30352
30329,30360
30351,30352
30351,30360
30351,94556
30352,30360
30352,30371
30352,30411
30360,30371
30360,30411
30360,78949
30371,30411
30371,30426
30371,30429
30411,30426
30411,30435
30411,91077
30426,30429
30426,30435
30426,30444
30429,30435
30429,30444
30429,30448
30435,30444
30435,30448
30435,30475
30444,30448
30444,30475
30444,30476
30448,30475
30448,30476
30448,30502
30475,30476
30475,30502
30475,30521
30476,30502
30476,30525
30476,38258
30502,30521
30502,30525
30502,30552
30502,84434
30521,30525
30521,30552
30521,30554
30521,76328
30525,30552
30525,30554
30525,30556
30552,30554
30552,30556
30552,30576
30552,34314
30554,30556
30554,30582
30554,93909
30556,30576
30556,30582
30556,30653
30576,30582
30576,30668
30582,30653
30582,30668
30582,30671
30653,30668
30653,30671
30653,30702
30668,30671
30668,30712
30668,84433
30671,30702
30671,30712
30671,30765
30671,82086
30702,30712
30702,30765
30702,30778
30712,30765
30712,30778
30712,30790
30765,30778
30765,30790
30765,30804
30778,30790
30778,30804
30778,30869
30790,30804
30790,30869
30790,30892
30790,40296
30804,30869
30804,30892
30869,30892
30869,30900
30869,30940
30892,30900
30892,30940
30892,30972
30900,30940
30900,30972
30900,31034
30940,30972
30940,31034
30972,31034
30972,31082
30972,31084
31034,31082
31034,31084
31034,31087
31082,31084
31082,31087
31082,31099
31084,31087
31084,31099
31084,31110
31087,31099
31087,31110
31087,97758
31099,31113
31099,31124
31110,31113
31110,31124
31110,31135
31110,32896
31113,31124
31113,31135
31113,31155
31124,31135
31124,31155
31124,31190
31135,31155
31135,31190
31135,31194
31155,31190
31155,31194
31155,31212
31190,31194
31190,31212
31190,31215
31190,61335
31194,31212
31194,31215
31194,70955
31194,35196
31212,31215
31212,31217
31212,31239
31212,79680
31215,31217
31215,31239
31215,31250
31217,31239
31217,31250
31217,31276
31239,31250
31239,31276
31239,31281
31250,31276
31250,31281
31250,31291
31276,31281
31276,31316
31281,31291
31281,31316
31281,31319
31291,31316
31291,31319
31291,31323
31316,31319
31316,31323
31316,31347
31319,31323
31319,31347
31319,31355
31323,31347
31323,31355
31323,95819
31347,31355
31347,31357
31347,31371
31355,31357
31355,31371
31355,31378
31355,79986
31357,31371
31357,31378
31357,31380
31371,31380
31371,31400
31371,79876
31378,31380
31378,31400
31378,31415
31380,31400
31380,31415
31380,31428
31400,31415
31400,31428
31400,31439
31400,82484
31415,31428
31415,31439
31415,31498
31428,31439
31428,31498
31428,31527
31439,31498
31439,31527
31439,31558
31498,31527
31498,31558
31498,31560
31527,31560
31527,31570
31527,39292
31558,31560
31558,31570
31558,31571
31560,31570
31560,31582
31560,47838
31570,31571
31570,31582
31570,31646
31570,88388
31571,31582
31571,31646
31571,31658
31582,31658
31582,31659
31646,31658
31646,31659
31646,31666
31658,31659
31658,31666
31658,31673
31659,31666
31659,31673
31659,31677
31666,31673
31666,31677
31666,83601
31666,73717
31673,31677
31673,31686
31673,31696
31677,31686
31677,31696
31677,31707
31686,31696
31686,31782
31686,39871
31696,31707
31696,31782
31696,31785
31707,31782
31707,31785
31707,31795
31707,77946
31782,31785
31782,31795
31782,31800
31782,97859
31785,31795
31785,31800
31785,31805
31795,31800
31795,31805
31795,31834
31800,31805
31800,31834
31800,31868
31805,31834
31805,31868
31805,31894
31834,31868
31834,31894
31834,31898
31868,31894
31868,31898
31868,31899
31868,63653
31894,31899
31894,31954
31894,76408
31898,31899
31898,31954
31898,31974
31899,31954
31899,31974
31899,31979
31954,31974
31954,31979
31954,32009
31974,31979
31974,32009
31974,32043
31974,65668
31979,32009
31979,32043
31979,32065
31979,47456
32009,32043
32009,32065
32009,32067
32009,80550
32043,32065
32043,32067
32043,32076
32043,74447
32065,32076
32065,32083
32067,32076
32067,32097
32076,32083
32076,32097
32076,32122
32083,32097
32083,32122
32083,32136
32097,32122
32097,32136
32097,79884
32122,32136
32122,32158
32122,32174
32136,32174
32136,32184
32136,73684
32158,32184
32158,32223
32158,52440
32174,32184
32174,32223
32174,32230
32184,32223
32184,32230
32184,32262
32223,32230
32223,32262
32223,32274
32230,32274
32230,32282
32230,40759
32262,32274
32262,32282
32262,32317
32262,66219
32274,32282
32274,32317
32274,32328
32282,32317
32282,32328
32282,32374
32317,32328
32317,32387
32317,45119
32328,32374
32328,32387
32328,32396
32374,32387
32374,32396
32374,32410
32387,32410
32387,32420
32396,32420
32396,32430
32410,32420
32410,32430
32410,32431
32420,32430
32420,32431
32430,32431
32430,32454
32430,32462
32431,32454
32431,32469
32431,79325
32454,32462
32454,32469
32454,32482
32462,32469
32462,32512
32462,37698
32462,68110
32469,32512
32469,32527
32469,41667
32469,77506
32482,32512
32482,32541
32512,32541
32512,39643
32512,50712
32512,48234
32527,32541
32527,32545
32527,32554
32527,78650
32541,32554
32541,32581
32541,42980
32545,32554
32545,32581
32545,32607
32554,32581
32554,32607
32554,32609
32554,88707
32581,32607
32581,32609
32607,32609
32607,32616
32607,32658
32609,32616
32609,32658
32609,32659
32616,32658
32616,32659
32616,32680
32658,32659
32658,32680
32658,32703
32658,60624
32659,32680
32659,32703
32659,32707
32680,32707
32680,32712
32703,32712
32703,32720
32703,70096
32707,32712
32707,32720
32707,32748
32712,32720
32712,32748
32712,32774
32712,34226
32720,32748
32720,32774
32720,32791
32748,32774
32748,32791
32748,32808
32774,32791
32774,32808
32774,32848
32791,32808
32791,32848
32791,32849
32808,32848
32808,32851
32808,74541
32848,32849
32848,32851
32848,32896
32849,32851
32849,32897
32851,32896
32851,32897
32851,32914
32896,32897
32896,32914
32897,32914
32897,32917
32897,32933
32914,32917
32914,32933
32914,32969
32914,73949
32917,32933
32917,32969
32917,32975
32933,32969
32933,32975
32933,32992
32969,32975
32969,32992
32969,33007
32975,32992
32975,33010
32975,62180
32992,33007
32992,33010
32992,33030
33007,33010
33007,33030
33007,33032
33010,33030
33010,33032
33010,33036
33030,33032
33030,33058
33030,98832
33032,33036
33032,33058
33032,33062
33032,98081
33036,33058
33036,33062
33036,33085
33036,45536
33058,33062
33058,33085
33058,33093
33062,33085
33062,33093
33062,33157
33085,33093
33085,33157
33085,33174
33093,33157
33093,33174
33093,33198
33093,85412
33157,33174
33157,33198
33157,33205
33157,65376
33174,33231
33174,44910
33174,46432
33198,33205
33198,33231
33198,33234
33205,33231
33205,33234
33205,33266
33231,33234
33231,33266
33234,33266
33234,33300
33234,49140
33266,33274
33266,33300
33266,33301
33274,33300
33274,33301
33274,33329
33300,33301
33300,33366
33300,94331
33301,33329
33301,33366
33301,33396
33329,33366
33329,33396
33329,33407
33366,33396
33366,33407
33366,33424
33366,82729
33396,33407
33396,33491
33396,84525
33396,98300
33407,33424
33407,33491
33407,66201
33424,33497
33424,33511
33424,43014
33491,33497
33491,33511
33491,33547
33497,33511
33497,33547
33497,33556
33511,33547
33511,33556
33511,33582
33547,33556
33547,33582
33547,33600
33556,33582
33556,33600
33556,33629
33582,33600
33582,33629
33582,33630
33600,33629
33600,33630
33600,33638
33629,33630
33629,33638
33629,33661
33630,33638
33630,33661
33630,68565
33638,33661
33638,33710
33638,98793
33638,38788
33661,33693
33661,33710
33661,33711
33693,33710
33693,33711
33693,85739
33710,33711
33710,33725
33710,33738
33711,33725
33711,33844
33711,51422
33725,33738
33725,33844
33725,33875
33725,36791
33738,33844
33738,33875
33738,33881
33844,33875
33844,33893
33875,33881
33875,33893
33875,33906
33881,33893
33881,33906
33881,66150
33881,86448
33893,33906
33893,33909
33893,33943
33893,68475
33906,33909
33906,33943
33906,33976
33909,33943
33909,33976
33909,33998
33943,33976
33943,34025
33943,38784
33976,33998
33976,34025
33976,34044
33998,34025
33998,34046
33998,60928
33998,54262
34025,34044
34025,34046
34025,34069
34044,34046
34044,34069
34044,34117
34046,34069
34046,34117
34046,34122
34046,55429
34069,34117
34069,34122
34069,34123
34117,34122
34117,34123
34117,34137
34122,34123
34122,34137
34122,34162
34122,87906
34123,34137
34123,34162
34123,34169
34137,34162
34137,34182
34137,75876
34162,34169
34162,34182
34162,34226
34162,47302
34169,34182
34169,34226
34169,65358
34182,34226
34182,34229
34182,60991
34182,49999
34226,34227
34226,71468
34226,84098
34227,34229
34227,34240
34227,34253
34229,34240
34229,34253
34229,34265
34240,34265
34240,34274
34240,44376
34253,34265
34253,34274
34253,34276
34265,34274
34265,34276
34265,34314
34265,90490
34274,34276
34274,34314
34274,34319
34276,34314
34276,34319
34276,34331
34314,34319
34314,34343
34319,34331
34319,34343
34319,34344
34319,43210
34331,34343
34331,34344
34331,34360
34343,34344
34343,34360
34344,34360
34344,34396
34344,34402
34344,43483
34360,34402
34360,34408
34396,34402
34396,34408
34396,34415
34402,34408
34402,34415
34402,34462
34402,85377
34408,34415
34408,34462
34415,34462
34415,34465
34415,34490
34462,34465
34462,34490
34462,34518
34465,34490
34465,34518
34465,34530
34490,34518
34490,34530
34490,34532
34490,62855
34518,34530
34518,34532
34518,34546
34530,34532
34530,34546
34530,34595
34532,34595
34532,34601
34532,82409
34546,34595
34546,34601
34546,34641
34595,34601
34595,34641
34595,34695
34601,34695
34601,65392
34641,34695
34641,34703
34641,34779
34695,34779
34695,34803
34695,50657
34703,34779
34703,34803
34703,34807
34703,73807
34779,34803
34779,66983
34779,39217
34803,34807
34803,34819
34803,34823
34807,34819
34807,34823
34807,34829
34819,34823
34819,34829
34819,34834
34823,34829
34823,34834
34823,92952
34829,34834
34829,34881
34829,34885
34834,34881
34834,34885
34834,34902
34834,65036
34881,34885
34881,34902
34881,34903
34885,34902
34885,34903
34885,61429
34902,34903
34902,34928
34902,34935
34903,34928
34903,34935
34903,34952
34928,34935
34928,34952
34928,35009
34935,34952
34935,35009
34935,35033
34952,35009
34952,35033
34952,35059
35009,35033
35009,35059
35009,35061
35033,35059
35033,35061
35033,35065
35059,35061
35059,35065
35059,35093
35061,35065
35061,35093
35061,35094
35065,35093
35065,35094
35065,35113
35093,35094
35093,35113
35093,35116
35094,35113
35094,35116
35094,35118
35113,35116
35113,35118
35113,35125
35116,35118
35116,35125
35116,35142
35118,35125
35118,35142
35118,35196
35125,35142
35125,35196
35125,35207
35142,35196
35142,35207
35142,35230
35196,35207
35196,35230
35196,35236
35207,35230
35207,35236
35207,35256
35230,35236
35230,35256
35230,35269
35236,35256
35236,35269
35236,35273
35256,35269
35256,35273
35256,35317
35269,35273
35269,35317
35269,35344
35273,35317
35273,35344
35273,35365
35317,35365
35317,35373
35317,67925
35317,43908
35344,35365
35344,35373
35344,35382
35365,35373
35365,35393
35365,51145
35373,35382
35373,35393
35373,35412
35373,40571
35382,35393
35382,35412
35382,35440
35382,74997
35382,75810
35393,35412
35393,35440
35393,50657
35412,35454
35412,35468
35412,51688
35440,35484
35440,67890
35440,92981
35454,35468
35454,35484
35454,35520
35468,35484
35468,35520
35468,35524
35484,35520
35484,35524
35484,35525
35520,35524
35520,35525
35520,35528
35524,35525
35524,35528
35524,35614
35525,35528
35525,35614
35525,35631
35528,35614
35528,35631
35528,35648
35528,72864
35614,35631
35614,35648
35631,35648
35631,35649
35631,59583
35648,35653
35648,35673
35649,35653
35649,35673
35649,35680
35653,35673
35653,35680
35673,35680
35673,35700
35673,35728
35680,35700
35680,35728
35680,35733
35700,35728
35700,35733
35700,35741
35728,35733
35728,35741
35728,35772
35733,35741
35733,35772
35733,35779
35741,35772
35741,35779
35741,35780
35741,58626
35741,84525
35772,35779
35772,35780
35772,35818
35779,35780
35779,35818
35779,35829
35780,35818
35780,35829
35780,35834
35818,35829
35818,35834
35818,35842
35829,35842
35829,35903
35829,39659
35834,35842
35834,35903
35834,35914
35834,93166
35842,35903
35842,35914
35842,35921
35903,35914
35903,35921
35903,35935
35914,35921
35914,35935
35914,35938
35921,35935
35921,35992
35935,35938
35935,35992
35935,36005
35938,35992
35938,36005
35938,36024
35992,36005
35992,36024
35992,36028
36005,36024
36005,36036
36005,69998
36024,36028
36024,36036
36024,36062
36028,36036
36028,36062
36028,36073
36036,36062
36036,36073
36036,36077
36036,71614
36062,36073
36062,36077
36062,36108
36073,36077
36073,36108
36073,36112
36073,99598
36077,36112
36077,36113
36077,58470
36108,36112
36108,36113
36108,88400
36112,36113
36112,36129
36112,36143
36113,36129
36113,36143
36113,36148
36129,36143
36129,36148
36129,36151
36129,58661
36143,36148
36143,36151
36143,36181
36148,36151
36148,36181
36148,61855
36151,36181
36151,36254
36151,78727
36181,36233
36181,36254
36181,36267
36181,46817
36233,36254
36233,36267
36233,36285
36254,36290
36254,88789
36254,56101
36267,36285
36267,36290
36267,36308
36285,36290
36285,36308
36285,36324
36285,63064
36290,36308
36290,36324
36290,63864
36290,75531
36308,36324
36308,36341
36308,36347
36324,36341
36324,36347
36324,36350
36341,36347
36341,36350
36341,36380
36347,36350
36347,36380
36347,36385
36350,36380
36350,36385
36380,36385
36380,36395
36380,36427
36385,36395
36385,36427
36385,36439
36395,36439
36395,36453
36395,56153
36427,36439
36427,36453
36427,36460
36439,36453
36439,36460
36439,36464
36439,61702
36453,36460
36453,36464
36453,36477
36453,92517
36460,36464
36460,36477
36460,36517
36464,36477
36464,36517
36464,36527
36477,36517
36477,36527
36477,36567
36477,36937
36517,36527
36517,36567
36517,36586
36527,36567
36527,36586
36527,36598
36567,36586
36567,36598
36586,36598
36586,36642
36586,36660
36598,36642
36598,36660
36598,36668
36642,36660
36642,36668
36642,36687
36642,38729
36660,36668
36660,36687
36660,36690
36668,36687
36668,36690
36668,36695
36687,36690
36687,36695
36687,36719
36690,36719
36690,36728
36690,80368
36695,36719
36695,36728
36695,36758
36719,36728
36719,36758
36719,36761
36719,54978
36728,36758
36728,36761
36728,36791
36728,94244
36758,36761
36758,36791
36758,36793
36761,36791
36761,36800
36761,66771
36791,36800
36791,36807
36793,36800
36793,36807
36793,36811
36800,36807
36800,36811
36800,79531
36807,36811
36807,36842
36811,36823
36811,36842
36811,96746
36811,62087
36823,36842
36823,36858
36823,36862
36823,63861
36842,36858
36842,36862
36842,36870
36858,36870
36858,36884
36858,53396
36862,36870
36862,36884
36862,36888
36870,36884
36870,36888
36870,36903
36884,36888
36884,36903
36884,36928
36888,36903
36888,36928
36888,36930
36903,36928
36903,36930
36903,36937
36928,36930
36928,36937
36928,36945
36928,93092
36930,36937
36930,36945
36930,37013
36937,36945
36937,37015
36945,37013
36945,37015
36945,37080
37013,37015
37013,37080
37013,37093
37015,37080
37015,37093
37015,37107
37080,37093
37080,37107
37080,37127
37093,37107
37093,37127
37093,78456
37107,37127
37107,37128
37107,69941
37127,37128
37127,37129
37127,37155
37127,61195
37128,37129
37128,37155
37128,37158
37129,37155
37129,37158
37129,37162
37155,37158
37155,37162
37155,37196
37158,37162
37158,37202
37162,37196
37162,37227
37196,37202
37196,37227
37196,37229
37202,37227
37202,37229
37202,37263
37202,72495
37227,37229
37227,37263
37227,37265
37227,85420
37229,37263
37229,37265
37229,37293
37263,37265
37263,37301
37263,57699
37265,37317
37265,81198
37293,37301
37293,37317
37293,37352
37301,37317
37301,37352
37301,37357
37317,37352
37317,37357
37317,37375
37352,37357
37352,37375
37352,37397
37357,37375
37357,37397
37357,37403
37375,37397
37375,37403
37375,37442
37397,37403
37397,37442
37397,71754
37403,37442
37403,37445
37442,37443
37442,37445
37442,37460
37442,50414
37443,37445
37443,37460
37443,37464
37445,37460
37445,37464
37445,44201
37460,37464
37460,37467
37460,37479
37460,75618
37464,37467
37464,37479
37464,37506
37467,37479
37467,37506
37467,37529
37479,37506
37479,37529
37479,83943
37479,37585
37506,37548
37506,37559
37506,56964
37529,37548
37529,37559
37529,37577
37548,37559
37548,37577
37548,37585
37559,37577
37559,37585
37559,37618
37577,37585
37577,37618
37577,37621
37585,37618
37585,37621
37585,37648
37585,79253
37618,37621
37618,37648
37618,37668
37621,37648
37621,37668
37621,37670
37648,37668
37648,37670
37648,37698
37668,37698
37668,37746
37670,37698
37670,37746
37670,37782
37698,37746
37698,37782
37698,37812
37746,37782
37746,37812
37746,37835
37782,37812
37782,37902
37782,47867
37812,37835
37812,37902
37812,37911
37812,55947
37835,37902
37835,37911
37835,37933
37902,37911
37902,37933
37902,38008
37911,37933
37911,38008
37911,38043
37933,38008
37933,38043
37933,38045
38008,38043
38008,38045
38043,38045
38043,38077
38043,38087
38043,86844
38045,38087
38045,38095
38077,38087
38077,38143
38077,83437
38087,38095
38087,38143
38087,38152
38087,97027
38095,38143
38095,38152
38095,38221
38143,38152
38143,38221
38143,38231
38152,38221
38152,38231
38152,38248
38152,86433
38221,38231
38221,38248
38221,38258
38231,38248
38231,38258
38248,38258
38248,38266
38248,38281
38258,38266
38258,38281
38258,38294
38266,38281
38266,38294
38266,38303
38281,38294
38281,38303
38281,38321
38294,38303
38294,38321
38294,38330
38303,38321
38303,38330
38303,38336
38321,38330
38321,38336
38321,38351
38330,38336
38330,38351
38330,38370
38330,44219
38336,38351
38336,38370
38336,38389
38351,38370
38351,38389
38351,38396
38370,38389
38370,38396
38370,38414
38389,38396
38389,38414
38396,38414
38396,38449
38396,38455
38414,38449
38414,38455
38414,38456
38414,93801
38414,39643
38449,38456
38449,38490
38449,83116
38455,38456
38455,38490
38455,38495
38456,38490
38456,38495
38456,38530
38490,38495
38490,38530
38490,38554
38495,38530
38495,38554
38495,38562
38530,38554
38530,38562
38530,38564
38554,38562
38554,38564
38554,38575
38562,38564
38562,38575
38562,38577
38562,83116
38562,86261
38564,38575
38564,38577
38564,38587
38575,38577
38575,38587
38575,38655
38575,47075
38577,38655
38577,38684
38577,83618
38587,38655
38587,38684
38655,38684
38655,38729
38655,72801
38684,38722
38684,38729
38684,38746
38722,38729
38722,38746
38722,38760
38729,38760
38729,38763
38746,38760
38746,38763
38746,38784
38760,38784
38760,38788
38763,38784
38763,38788
38763,38824
38784,38788
38784,38824
38784,38842
38788,38824
38788,38842
38824,38842
38824,38868
38824,38902
38842,38868
38842,38902
38842,38904
38868,38902
38868,38905
38902,38904
38902,38918
38902,74598
38904,38905
38904,38918
38904,38929
38905,38918
38905,38929
38905,38948
38918,38929
38918,38948
38918,38958
38929,38948
38929,38958
38929,38959
38948,38958
38948,38959
38948,38960
38958,38960
38958,38997
38958,90530
38959,38960
38959,38997
38959,39035
38959,67649
38959,89502
38960,38997
38960,39035
38960,54168
38997,39035
38997,39049
38997,39099
39035,39049
39035,39099
39035,39147
39049,39099
39049,39147
39049,39150
39099,39147
39099,39150
39099,39165
39147,39150
39147,39165
39147,39179
39147,95536
39150,39165
39150,39179
39150,39182
39165,39179
39165,39182
39165,39195
39179,39182
39179,39195
39179,39217
39182,39195
39182,39217
39182,39219
39182,66738
39195,39217
39195,39219
39195,39228
39195,43145
39217,39219
39217,39228
39217,39243
39219,39228
39219,39243
39219,39273
39219,66506
39228,39243
39228,39273
39243,39273
39243,95540
39273,39325
39273,39354
39273,49942
39292,39325
39292,39354
39292,39400
39325,39354
39325,39400
39325,39421
39354,39400
39354,39434
39354,93301
39400,39421
39400,39434
39400,39449
39421,39449
39421,39457
39421,88622
39434,39449
39434,39457
39434,39509
39449,39457
39449,39509
39449,39583
39457,39509
39457,39583
39457,39594
39509,39583
39509,39594
39509,39643
39583,39594
39583,39643
39583,39651
39594,39643
39594,39651
39594,39652
39643,39651
39643,39652
39643,68727
39651,39652
39651,39659
39651,39662
39651,62870
39652,39662
39652,39706
39652,71292
39652,64780
39659,39662
39659,39706
39659,95160
39662,39706
39662,39721
39662,39724
39706,39721
39706,39724
39706,39727
39721,39724
39721,39727
39721,39730
39724,39727
39724,39730
39724,39771
39724,62195
39727,39730
39727,39771
39727,39796
39730,39771
39730,39796
39730,39797
39771,39796
39771,39797
39771,39819
39796,39797
39796,39819
39797,39819
39797,39831
39797,39834
39819,39831
39819,39834
39819,39840
39831,39834
39831,39840
39831,47396
39834,39871
39834,96298
39840,39871
39840,39875
39840,39876
39871,39875
39871,39876
39871,39884
39875,39876
39875,39884
39875,39897
39876,39884
39876,39897
39876,39917
39884,39897
39884,39917
39884,39924
39884,78910
39897,39917
39897,39924
39897,90287
39917,39924
39917,39932
39917,39956
39924,39932
39924,39956
39924,39989
39932,39956
39932,39989
39932,91906
39956,39989
39956,40032
39956,40041
39956,69034
39989,40032
39989,40041
39989,40072
40032,40041
40032,40072
40032,49009
40032,76452
40041,40072
40041,40109
40041,40134
40072,40109
40072,40134
40072,40145
40109,40134
40109,40145
40109,40152
40134,40145
40134,40152
40134,75359
40145,40152
40145,40155
40145,40156
40152,40155
40152,40156
40152,40173
40155,40156
40155,40173
40155,40180
40156,40173
40156,40180
40156,40213
40173,40180
40173,40213
40173,40216
40180,40213
40180,40216
40180,40224
40213,40224
40213,40233
40213,55271
40216,40224
40216,40233
40216,40296
40224,40233
40224,40296
40224,86325
40233,40296
40233,40297
40233,40323
40296,40323
40296,40353
40297,40323
40297,40353
40297,40357
40323,40353
40323,40357
40323,40367
40353,40357
40353,40367
40353,40402
40357,40367
40357,40402
40357,40483
40357,79385
40367,40402
40367,40483
40367,40506
40402,40483
40402,40506
40402,40508
40483,40506
40483,40508
40483,81014
40506,40508
40506,40525
40506,40553
40508,40525
40508,40553
40508,40559
40525,40553
40525,40559
40525,40571
40525,62151
40553,40606
40553,49926
40559,40571
40559,40606
40559,40623
40571,40606
40571,40626
40606,40623
40606,40626
40606,40647
40623,40626
40623,40647
40623,40661
40626,40647
40626,40661
40626,40665
40647,40661
40647,40665
40647,40676
40661,40665
40661,40676
40661,40718
40665,40676
40665,40718
40665,40759
40665,59790
40676,40718
40676,40759
40676,94172
40718,40759
40718,40772
40718,40831
40759,40772
40759,40831
40759,40837
40772,40831
40772,40837
40772,40864
40831,40837
40831,40864
40831,40882
40837,40864
40837,40882
40837,40891
40837,78740
40864,40882
40864,40891
40864,40935
40882,40891
40882,40935
40882,40974
40891,40935
40891,40974
40891,67832
40891,72728
40935,40974
40935,40981
40935,40989
40974,40981
40974,40989
40974,41013
40981,40989
40981,41013
40981,65524
40989,41013
40989,41083
40989,56880
41013,41040
41013,41083
41013,41089
41040,41083
41040,41089
41040,41105
41083,41089
41083,41105
41083,41106
41089,41105
41089,41106
41089,41118
41105,41106
41105,41118
41105,41128
41106,41118
41106,41128
41106,69196
41118,41141
41118,41151
41118,69735
41118,75346
41128,41141
41128,41170
41128,89805
41128,83618
41141,41151
41141,41170
41141,41205
41151,41170
41151,41205
41151,41208
41151,86591
41170,41205
41170,41208
41170,41212
41205,41236
41205,65358
41208,41212
41208,41236
41208,41282
41212,41236
41212,41282
41212,41322
41236,41282
41236,41322
41236,41326
41282,41322
41282,41328
41282,56890
41322,41326
41322,41328
41322,41380
41326,41328
41326,41380
41326,41391
41326,67300
41328,41380
41328,41391
41328,41410
41380,41391
41380,41410
41380,41431
41391,41410
41391,41431
41391,41442
41410,41431
41410,41442
41410,41466
41431,41442
41431,41466
41431,41475
41431,58212
41442,41466
41442,41475
41442,41492
41466,41475
41466,41492
41466,41499
41475,41492
41475,41499
41475,41526
41475,41638
41492,41499
41492,41526
41492,41541
41499,41526
41499,41541
41499,41560
41526,41541
41526,41560
41526,41592
41541,41560
41541,41592
41541,41611
41560,41592
41560,41611
41560,41638
41592,41638
41592,41643
41592,67490
41611,41638
41611,41643
41611,41644
41638,41644
41638,41667
41643,41644
41643,41667
41643,41675
41643,55752
41644,41667
41644,41675
41644,41720
41667,41675
41667,41720
41667,41750
41675,41720
41675,41755
41675,43240
41720,41761
41720,47867
41750,41755
41750,41761
41750,41795
41750,58766
41755,41761
41755,41846
41761,41795
41761,41846
41761,41872
41795,41846
41795,41872
41795,41923
41846,41872
41846,41923
41846,41927
41872,41927
41872,41939
41872,92291
41923,41927
41923,41939
41923,41961
41923,97296
41927,41939
41927,41961
41927,41962
41939,41961
41939,41962
41939,41964
41961,41962
41961,41964
41961,41982
41962,41982
41962,42004
41962,67599
41964,41982
41964,42004
41964,42029
41982,42004
41982,42029
41982,42033
42004,42029
42004,42033
42004,42037
42029,42033
42029,42037
42029,42054
42033,42037
42033,42054
42033,42095
42037,42054
42037,42095
42037,42117
42054,42095
42054,42219
42054,79223
42095,42117
42095,42219
42095,42228
42117,42219
42117,42228
42117,42255
42219,42228
42219,42255
42219,42319
42228,42319
42228,42337
42255,42319
42255,42337
42255,42366
42319,42337
42319,42388
42319,93182
42337,42366
42337,42388
42337,42460
42337,58646
42366,42388
42366,42460
42366,42473
42388,42460
42388,42473
42388,42476
42460,42476
42460,42481
42460,97813
42473,42476
42473,42494
42473,76536
42473,89116
42476,42481
42476,42494
42476,42516
42481,42494
42481,42516
42481,92166
42494,42516
42494,42544
42494,42555
42516,42544
42516,42555
42516,42562
42544,42555
42544,42562
42544,42567
42555,42562
42555,42567
42555,42582
42562,42567
42562,42582
42562,42603
42567,42582
42567,42603
42567,42612
42582,42603
42582,42612
42582,42637
42603,42612
42603,42637
42603,42646
42612,42637
42612,42653
42612,66808
42637,42646
42637,42653
42637,42667
42646,42653
42646,42667
42646,42670
42653,42667
42653,42670
42653,42676
42653,58003
42667,42670
42667,42676
42667,42689
42670,42676
42670,42689
42670,42690
42676,42689
42676,42690
42689,42690
42689,42699
42689,42724
42690,42699
42690,42724
42690,42731
42699,42724
42699,42731
42699,42742
42724,42731
42724,42742
42724,42756
42724,99462
42731,42742
42731,42756
42731,42757
42742,42756
42742,42757
42742,42783
42756,42757
42756,42783
42756,66227
42757,42783
42757,42801
42757,42820
42783,42801
42783,42820
42783,42872
42801,42820
42801,42872
42801,42878
42820,42872
42820,42878
42820,42925
42872,42878
42872,42925
42872,42931
42878,42925
42878,42931
42878,42957
42878,65143
42925,42931
42925,42957
42925,42967
42931,42957
42931,42980
42957,42967
42957,42980
42957,42986
42957,45324
42957,68551
42967,42980
42967,42986
42980,42986
42980,42987
42986,42987
42986,42988
42986,42994
42987,42988
42987,42994
42987,43014
42988,42994
42988,43014
42988,43026
42994,43032
42994,66227
43014,43026
43014,43036
43026,43032
43026,43036
43026,43069
43032,43036
43032,43084
43036,43069
43036,43084
43036,43085
43069,43084
43069,43085
43069,43087
43069,97103
43084,43085
43084,43087
43084,43089
43085,43087
43085,43114
43085,72634
43087,43089
43087,43114
43087,43145
43089,43114
43089,43145
43089,43174
43114,43145
43114,43174
43114,43176
43145,43174
43145,43198
43174,43198
43174,43210
43174,54394
43176,43198
43176,43210
43176,43228
43198,43210
43198,43228
43210,43228
43210,43282
43228,43240
43228,43282
43228,43344
43240,43282
43240,43344
43240,43359
43282,43344
43282,43359
43282,43395
43344,43359
43344,43395
43344,43466
43359,43395
43359,43466
43359,43468
43395,43466
43395,43468
43395,43469
43466,43468
43466,43469
43466,43483
43466,73140
43468,43469
43468,43483
43468,43485
43469,43485
43469,43490
43483,43490
43483,43510
43485,43490
43485,43510
43485,43570
43490,43510
43490,43570
43490,43595
43510,43570
43510,43595
43510,43635
43510,82761
43570,43595
43570,43635
43570,43653
43570,86151
43595,43635
43595,43653
43595,43659
43635,43653
43635,43659
43635,43661
43653,43659
43653,43661
43653,43678
43659,43661
43659,43678
43659,43696
43661,43678
43661,43705
43661,95187
43678,43696
43696,43705
43696,43744
43696,43758
43696,75876
43705,43744
43705,43758
43705,43761
43744,43758
43744,43761
43744,59170
43758,43761
43758,43789
43758,43804
43761,43789
43761,43804
43761,43855
43761,62429
43789,43804
43789,43855
43789,43866
43804,43855
43804,43866
43804,43886
43855,43886
43855,43908
43855,69662
43866,43886
43866,43953
43866,56554
43886,43908
43886,43953
43886,43954
43908,43954
43908,43960
43953,43954
43953,43960
43953,43966
43954,43960
43954,43966
43954,43969
43954,90673
43960,43966
43960,43969
43960,44060
43966,43969
43966,44060
43966,44069
43969,44060
43969,44069
43969,44080
44060,44125
44060,62891
44069,44125
44069,44130
44069,98467
44080,44130
44080,44134
44080,71896
44125,44130
44125,44134
44125,44153
44130,44134
44130,44153
44130,44165
44130,60577
44134,44153
44134,44165
44134,44192
44153,44165
44153,44192
44153,44198
44165,44192
44165,44198
44165,44201
44192,44198
44192,44201
44192,44207
44198,44201
44198,44207
44198,44219
44201,44207
44201,44227
44201,86930
44207,44219
44207,44227
44207,44228
44219,44227
44219,44230
44219,74259
44227,44228
44227,44230
44227,44239
44228,44230
44228,44239
44228,44265
44228,81424
44230,44239
44230,44265
44230,44295
44239,44265
44239,44295
44239,44301
44265,44301
44265,44322
44265,74746
44295,44301
44295,44322
44295,44355
44295,78651
44301,44322
44301,44355
44301,44362
44322,44355
44322,44362
44322,44376
44355,44362
44355,44376
44355,44377
44362,44376
44362,44377
44362,44423
44362,83059
44362,66139
44376,44377
44376,44423
44376,44430
44377,44423
44377,44430
44377,44444
44423,44430
44423,44444
44423,44468
44430,44444
44430,44468
44430,44481
44430,46280
44444,44468
44444,44481
44444,61555
44444,98786
44468,44481
44468,44484
44468,44508
44481,44484
44481,44540
44481,47272
44484,44508
44484,44540
44508,44540
44508,44546
44508,75193
44540,44546
44540,44566
44540,44615
44546,44566
44546,44615
44546,44626
44566,44660
44566,46137
44566,89343
44615,44626
44615,44660
44615,44670
44626,44660
44626,44670
44626,44680
44626,68754
44660,44670
44660,44680
44660,44682
44670,44680
44670,44682
44670,44684
44680,44682
44680,44684
44680,44716
44682,44684
44682,44716
44682,44746
44684,44716
44684,44746
44684,44831
44684,80185
44716,44746
44716,44831
44716,44838
44746,44831
44746,44838
44746,44865
44831,44838
44831,44878
44831,80897
44838,44865
44838,44886
44838,79076
44865,44886
44865,44894
44865,97925
44878,44886
44878,44910
44878,73100
44886,44894
44886,44910
44886,44934
44894,44910
44894,44934
44894,44956
44910,44934
44910,44956
44910,44991
44934,44956
44934,44991
44934,45064
44956,45064
44956,45070
44991,45064
44991,45070
44991,45077
44991,48309
45064,45070
45064,45077
45064,45113
45070,45077
45070,45113
45070,45119
45077,45113
45077,45119
45077,45134
45113,45134
45113,45146
45119,45134
45119,45146
45119,45160
45134,45146
45134,45160
45134,45174
45134,50061
45146,45160
45146,45174
45146,45208
45160,45208
45160,45233
45160,91261
45174,45208
45174,45233
45174,45251
45208,45233
45208,45251
45208,45266
45233,45251
45233,45266
45233,45279
45251,45266
45251,45279
45251,45324
45266,45279
45266,45324
45266,45350
45279,45324
45279,45350
45279,45352
45324,45350
45324,92138
45350,45352
45350,45391
45350,45396
45352,45391
45352,45396
45352,45401
45391,45401
45391,45456
45396,45401
45396,45456
45396,45460
45401,45456
45401,45460
45401,80578
45456,45460
45456,45536
45456,45555
45460,45536
45460,45555
45460,45569
45536,45569
45536,45580
45536,53879
45555,45569
45555,45580
45555,45583
45569,45580
45569,45583
45569,45587
45580,45583
45580,45587
45580,45606
45583,45587
45583,45606
45583,45617
45587,45606
45587,45617
45587,45644
45587,94872
45606,45617
45606,45644
45606,45649
45617,45644
45617,45691
45644,45649
45644,45691
45644,45700
45649,45691
45649,45700
45649,45712
45691,45700
45691,45712
45691,45773
45700,45712
45700,45773
45700,45868
45700,60381
45700,93182
45712,45773
45712,45868
45712,45906
45712,89083
45773,45868
45773,45908
45773,57219
45868,45906
45868,45908
45868,45914
45906,45908
45906,45914
45906,45916
45908,45914
45908,45916
45908,45919
45914,45916
45914,45919
45914,45926
45916,45919
45916,45926
45916,45931
45919,45926
45919,45931
45919,45939
45926,45931
45926,45939
45931,45951
45931,45952
45931,81531
45939,45951
45939,45952
45939,45965
45939,73984
45951,45952
45951,45965
45951,45991
45952,45965
45952,46005
45952,76631
45952,64339
45965,45991
45965,46005
45965,46013
45991,46005
45991,46013
45991,46016
45991,64311
46005,46013
46005,46016
46005,46021
46013,46016
46013,46021
46013,46024
46016,46021
46016,59966
46016,91553
46021,46024
46021,46042
46021,46046
46024,46042
46024,46046
46024,46055
46042,46046
46042,46055
46042,46070
46046,46055
46046,46070
46046,46092
46055,46070
46055,46092
46055,73123
46070,46092
46070,46114
46070,46137
46092,46137
46092,46177
46092,92743
46114,46137
46114,46177
46114,46213
46137,46177
46137,46213
46137,46226
46137,51975
46177,46213
46177,46226
46177,46239
46177,65618
46213,46226
46213,46239
46213,46250
46226,46239
46226,46250
46226,55639
46239,46250
46239,46258
46239,46268
46250,46258
46250,46280
46250,65036
46258,46268
46258,46280
46258,46321
46268,46280
46268,46321
46268,46337
46280,46321
46280,46337
46280,61937
46321,46337
46321,46341
46321,46355
46337,46341
46337,46355
46337,46432
46341,46355
46341,46432
46341,46452
46355,46460
46355,62646
46432,46452
46432,46460
46432,46470
46452,46460
46452,46470
46452,46471
46460,46470
46460,46471
46460,46473
46470,46471
46470,46473
46470,46482
46471,46473
46471,46482
46471,46502
46473,46482
46473,46512
46473,68906
46482,46502
46482,46512
46482,46581
46502,46512
46502,46589
46502,94587
46512,46581
46512,46589
46512,93641
46581,46589
46581,46594
46581,46616
46589,46594
46589,46616
46589,46661
46594,46616
46594,46661
46594,46710
46616,46661
46616,46710
46616,46719
46661,46710
46661,46719
46661,46721
46710,46719
46710,46721
46710,46730
46710,67818
46719,46721
46719,46730
46719,46752
46721,46730
46721,46752
46721,46758
46730,46752
46730,46758
46730,46772
46752,46758
46752,46772
46752,46775
46758,46772
46758,46775
46758,58537
46758,79076
46772,46775
46772,46783
46772,46802
46775,46783
46775,46802
46775,46804
46783,46802
46783,46804
46802,46804
46802,46811
46802,67914
46804,46817
46804,94918
46804,87455
46811,46813
46811,46836
46813,46817
46813,46836
46813,46840
46817,46836
46817,46844
46836,46840
46836,46844
46836,46853
46840,46844
46840,46853
46840,46875
46844,46882
46844,73481
46844,96933
46844,84789
46853,46875
46853,46882
46853,46885
46875,46882
46875,46929
46875,67772
46882,46885
46882,46930
46882,64724
46885,46929
46885,46930
46885,46935
46929,46935
46929,46960
46929,83149
46930,46935
46930,46960
46930,46975
46935,46960
46935,46996
46935,79610
46960,46975
46960,46996
46960,47015
46975,46996
46975,47015
46975,47018
46996,47015
46996,47018
46996,47021
47015,47018
47015,47021
47015,47024
47018,47021
47018,47024
47018,47060
47018,85241
47021,47024
47021,47060
47021,47068
47024,47060
47024,47068
47024,47075
47060,47068
47060,47077
47060,77996
47068,47075
47068,47077
47068,47081
47075,47077
47075,47082
47077,47081
47077,47082
47077,47084
47081,47082
47081,47084
47081,47093
47082,47084
47082,47093
47082,47115
47084,47093
47084,47115
47084,47161
47093,47161
47093,47175
47093,59753
47115,47161
47115,47175
47115,47181
47161,47175
47161,47181
47161,47203
47175,47181
47175,47203
47181,47203
47181,47213
47181,47228
47203,47213
47203,47228
47203,47272
47203,75252
47213,47228
47213,47272
47213,47294
47228,47272
47228,47294
47228,47302
47272,47294
47272,47302
47272,47320
47294,47302
47294,47320
47294,47332
47302,47332
47302,47346
47320,47332
47320,47346
47320,47350
47332,47346
47332,47350
47332,47394
47346,47350
47346,47394
47346,47396
47350,47394
47350,47396
47350,47425
47394,47396
47394,47425
47394,47433
47396,47425
47396,47433
47425,47433
47425,47443
47425,47450
47433,47443
47433,47450
47433,47456
47443,47450
47443,47456
47443,68906
47450,47456
47450,47469
47450,47498
47456,47498
47456,47539
47469,47498
47469,47539
47469,47558
47498,47539
47498,47589
47539,47558
47539,47589
47539,47602
47558,47589
47558,47602
47558,47611
47589,47602
47589,47611
47589,47628
47602,47611
47602,47628
47602,47638
47611,47628
47611,47638
47611,47656
47628,47638
47628,47656
47628,47679
47638,47656
47638,47679
47638,47685
47656,47679
47656,47685
47656,47692
47679,47685
47679,47692
47679,47697
47685,47692
47685,47717
47685,83379
47692,47697
47692,47717
47692,47751
47697,47717
47697,47751
47697,47759
47717,47751
47717,47759
47717,47798
47751,47759
47751,47798
47751,47811
47751,69420
47759,47798
47759,47811
47759,47838
47798,47811
47798,47838
47798,47842
47811,47838
47811,47842
47811,47858
47838,47842
47838,47858
47838,47867
47842,47858
47842,47867
47842,47872
47858,47867
47858,47872
47858,47873
47867,47872
47867,47873
47867,47892
47872,47892
47872,47899
47872,69290
47873,47892
47873,47899
47873,58244
47892,47899
47892,47905
47892,47910
47899,47905
47899,47910
47899,47914
47905,47910
47905,47914
47905,47932
47910,47914
47910,47932
47910,48039
47914,47932
47914,48039
47914,48071
47932,48039
47932,48071
47932,48078
48039,48071
48039,48078
48039,73392
48071,48078
48071,48093
48071,48099
48078,48099
48078,48116
48078,99508
48093,48099
48093,48116
48093,48121
48099,48116
48099,48121
48116,48121
48116,48135
48116,48234
48121,48135
48121,48234
48121,48249
48135,48234
48135,48249
48135,48266
48234,48249
48234,48266
48234,48305
48249,48266
48249,48305
48249,48308
48266,48305
48266,48309
48266,78788
48305,48308
48305,48309
48305,48316
48308,48309
48308,48316
48308,48322
48309,48316
48309,48322
48316,48322
48316,48327
48316,48377
48322,48327
48322,48377
48322,86695
48327,48377
48327,48386
48327,48394
48377,48386
48377,48394
48377,48396
48386,48394
48386,48396
48386,48422
48386,92837
48394,48396
48394,48422
48394,48442
48396,48442
48396,48479
48422,48442
48422,48479
48422,48486
48442,48479
48442,48486
48442,48497
48479,48486
48479,48497
48479,48499
48486,48497
48486,48499
48486,48514
48497,48499
48497,48514
48497,48534
48497,67861
48499,48514
48499,48534
48499,48559
48514,48534
48514,48559
48514,72431
48534,48559
48534,48620
48534,48626
48559,48620
48559,48626
48559,48628
48620,48626
48620,48628
48620,48641
48626,48628
48626,48641
48626,48660
48628,48641
48628,48660
48628,48661
48641,48660
48641,48661
48641,48677
48660,48661
48660,48677
48660,48749
48661,48677
48661,48749
48661,48756
48677,48749
48677,48756
48677,48757
48677,65048
48749,48756
48749,48757
48749,48760
48756,48760
48756,48773
48756,69570
48757,48773
48757,48811
48757,77743
48760,48773
48760,48811
48760,48821
48760,58032
48760,57854
48773,48811
48773,48821
48773,48825
48773,80878
48811,48821
48811,48825
48811,48834
48821,48825
48821,48834
48821,48845
48825,48834
48825,48845
48825,48860
48834,48845
48834,48860
48834,48865
48845,48860
48845,48940
48845,54951
48860,48940
48860,48956
48860,70388
48865,48940
48865,48956
48865,48958
48940,48956
48940,48960
48940,72908
48940,86065
48956,48960
48956,48989
48958,48960
48958,48989
48958,49009
48960,48989
48960,49009
48960,49020
48989,49009
48989,49020
48989,49029
49009,49029
49009,49040
49020,49029
49020,49040
49029,49040
49029,49072
49029,49086
49040,49072
49040,49086
49040,49094
49072,49086
49072,49094
49072,49112
49072,83569
49086,49094
49086,49112
49086,66451
49094,49112
49094,49120
49094,49135
49112,49120
49112,49135
49112,49139
49112,75833
49112,87857
49120,49135
49120,49139
49120,76631
49135,49139
49135,49140
49135,49149
49139,49140
49139,49170
49139,91853
49140,49149
49140,49170
49140,49173
49149,49170
49149,49173
49149,49179
49149,62613
49170,49173
49170,49179
49170,49188
49173,49179
49173,49188
49173,49205
49179,49188
49179,49205
49179,49208
49188,49205
49188,49208
49188,49303
49205,49208
49205,49352
49205,94918
49208,49303
49208,49352
49208,49391
49303,49352
49303,49391
49303,83061
49352,49391
49352,49399
49352,49414
49391,49399
49391,49414
49391,49461
49399,49414
49399,49461
49399,50584
49414,49461
49414,49486
49414,49503
49461,49486
49461,49503
49461,49534
49486,49503
49486,49534
49486,49537
49503,49534
49503,49537
49503,49542
49534,49537
49534,49542
49534,49564
49537,49542
49537,49564
49537,49579
49542,49564
49542,49579
49542,49594
49564,49579
49564,49594
49564,49635
49564,96661
49564,49888
49564,57319
49579,49594
49579,49635
49579,49644
49594,49635
49594,49644
49594,49654
49635,49644
49635,75625
49644,49654
49644,49667
49644,49676
49654,49667
49654,49676
49654,49679
49667,49676
49667,49679
49667,49683
49667,87107
49676,49679
49676,49683
49676,49709
49679,49683
49679,49711
49679,86482
49683,49709
49683,49711
49683,49715
49709,49711
49709,49715
49709,49735
49711,49715
49711,49735
49711,49754
49715,49735
49715,49754
49715,73100
49735,49754
49735,49756
49735,49775
49754,49756
49754,49775
49754,49800
49756,49775
49756,49800
49756,71283
49775,49800
49775,49815
49775,49828
49775,99986
49800,49815
49800,49828
49800,49851
49815,49828
49815,49851
49815,49866
49828,49851
49828,49866
49828,49888
49851,49866
49851,49888
49851,49926
49866,49888
49866,49926
49866,49927
49888,49926
49888,49942
49926,49927
49926,49942
49926,49947
49927,49942
49927,49947
49927,49976
49942,49947
49942,49976
49942,49996
49947,49976
49947,49996
49947,49999
49976,49996
49976,49999
49976,50011
49996,49999
49996,50011
49996,50023
49999,50011
49999,50025
50011,50023
50011,50025
50011,50058
50023,50025
50023,50058
50023,50061
50025,50058
50025,50061
50025,50087
50058,50061
50058,50087
50061,50089
50061,50102
50087,50089
50087,50102
50087,50128
50087,62192
50089,50102
50089,50128
50089,50143
50102,50128
50102,50143
50102,50174
50128,50143
50128,50174
50128,50228
50143,50174
50143,50228
50143,50235
50174,50228
50174,50235
50174,50285
50228,50285
50228,50307
50235,50285
50235,50307
50235,50328
50285,50307
50285,50328
50285,50333
50307,50328
50307,50333
50307,50355
50328,50333
50328,50355
50328,50380
50333,50355
50333,50380
50333,50382
50355,50380
50355,50382
50355,87162
50380,50382
50380,50395
50380,50403
50382,50395
50382,50403
50382,50414
50395,50403
50395,50414
50395,50416
50403,50414
50403,50416
50403,50443
50414,50416
50414,50469
50416,50443
50416,50469
50416,50502
50416,82342
50443,50469
50443,50502
50443,50531
50443,60391
50469,50502
50469,50531
50469,50547
50502,50531
50502,50547
50502,50553
50531,50547
50531,50553
50531,50584
50547,50553
50547,50584
50547,50614
50547,78622
50553,50584
50553,50614
50553,50616
50584,50616
50584,50632
50584,79221
50614,50616
50614,50632
50614,50633
50616,50632
50616,50633
50616,50643
50632,50633
50632,50643
50632,50657
50633,50643
50633,50657
50633,50665
50643,50657
50643,50665
50643,50695
50657,50695
50657,50707
50665,50695
50665,50707
50665,50712
50695,50707
50695,50712
50695,50716
50707,50712
50707,50716
50707,50718
50712,50716
50712,50731
50716,50718
50716,50731
50716,50744
50718,50731
50718,50744
50718,50745
50731,50744
50731,50765
50731,60870
50744,50745
50744,50765
50744,50806
50745,50765
50745,50806
50745,50833
50765,50806
50765,50833
50765,50834
50765,86410
50765,63861
50806,50833
50806,50834
50806,50877
50833,50834
50833,50877
50833,50879
50834,50877
50834,50879
50834,50895
50877,50879
50877,50895
50877,50896
50879,50896
50879,68335
50879,94106
50895,50896
50895,50943
50895,78561
50896,50934
50896,50943
50896,51000
50934,50943
50934,51000
50934,51031
50943,51000
50943,51031
50943,51048
51000,51031
51000,51048
51000,51062
51031,51048
51031,51062
51031,51115
51048,51062
51048,51115
51048,51117
51062,51115
51062,51117
51062,51122
51115,51122
51115,51128
51117,51122
51117,51128
51117,51141
51122,51128
51122,51141
51122,51145
51128,51141
51128,51145
51128,51169
51141,51145
51141,51169
51141,51188
51145,51169
51145,51188
51145,51215
51169,51188
51169,51215
51169,51231
51169,79364
51169,94556
51188,51215
51188,51231
51188,51234
51215,51231
51215,51234
51215,51283
51231,51234
51231,51283
51231,51296
51234,51296
51234,62560
51283,51296
51283,51314
51283,51328
51296,51314
51296,51328
51296,51333
51314,51328
51314,51333
51314,51374
51328,51333
51328,51374
51328,58210
51333,51374
51333,51381
51333,51384
51374,51381
51374,51384
51374,51394
51381,51384
51381,51394
51381,65632
51384,51394
51384,51422
51384,51434
51394,51422
51394,51434
51394,51451
51422,51434
51422,51451
51422,51455
51422,78621
51434,51451
51434,51455
51434,51492
51434,95889
51451,51455
51451,51492
51451,51515
51455,51492
51455,51515
51455,51523
51492,51515
51492,51523
51492,51608
51492,80615
51515,51523
51515,51608
51515,51628
51523,51608
51523,51628
51523,73143
51608,51664
51608,51688
51608,59789
51608,71511
51628,51664
51628,51688
51628,51694
51664,51688
51664,51694
51664,51723
51688,51694
51688,51725
51688,78651
51694,51723
51694,51725
51694,51745
51723,51725
51723,51745
51723,51751
51725,51745
51725,51751
51725,51820
51745,51751
51745,51820
51745,51826
51751,51820
51751,51840
51751,92502
51820,51826
51820,51840
51820,51859
51826,51840
51826,51859
51826,51873
51840,51859
51840,51873
51840,51879
51859,51873
51859,51879
51859,55735
51873,51879
51873,51910
51873,51916
51879,51910
51879,51916
51879,51975
51910,51916
51910,51975
51910,51981
51916,51975
51916,51981
51916,52026
51975,51981
51975,52026
51981,52026
51981,52089
51981,52095
52026,52089
52026,52095
52026,52129
52026,70980
52089,52095
52089,52129
52089,52131
52095,52129
52095,52131
52095,52143
52129,52131
52129,52144
52131,52145
52143,52144
52143,52145
52143,52215
52144,52145
52144,52215
52144,60624
52145,52215
52145,52218
52145,52232
52215,52232
52215,52239
52218,52232
52218,52239
52218,52250
52232,52239
52232,52250
52232,52276
52239,52250
52239,52276
52239,52312
52250,52276
52250,52312
52250,52379
52276,52312
52276,52379
52276,52385
52312,52379
52312,52385
52379,52385
52379,52432
52379,52440
52385,52432
52385,52440
52385,52450
52432,52440
52432,52450
52432,52494
52440,52450
52440,52494
52440,52526
52440,56804
52450,52494
52450,52526
52450,52564
52494,52526
52494,52564
52494,52601
52526,52601
52526,52612
52526,92093
52564,52601
52564,52612
52564,52616
52601,52612
52601,52616
52601,52617
52612,52617
52612,52641
52616,52617
52616,52641
52616,52650
52617,52641
52617,52650
52617,52661
52641,52650
52641,52661
52641,52732
52650,52661
52650,52732
52650,52734
52661,52732
52661,52749
52661,89189
52732,52734
52732,52749
52734,52749
52734,52751
52734,52760
52749,52751
52749,52760
52749,52788
52751,52760
52751,52788
52751,52797
52760,52788
52760,52797
52760,52806
52788,52797
52788,52806
52788,52820
52797,52806
52797,52820
52797,52824
52797,80895
52806,52820
52806,52824
52806,52883
52806,73261
52820,52824
52820,52883
52820,52891
52824,52891
52824,52895
52883,52891
52883,52895
52883,52898
52891,52895
52891,52898
52891,52900
52895,52898
52895,52900
52895,52917
52898,52900
52898,52917
52898,52955
52900,52917
52900,52955
52900,52959
52917,52955
52917,52959
52917,52970
52955,52970
52955,53002
52955,85829
52955,68192
52959,53002
52959,60085
52970,53002
52970,53007
52970,53009
53002,53007
53002,53009
53002,53058
53007,53009
53007,53058
53007,53059
53009,53058
53009,53059
53009,53066
53058,53059
53058,53066
53058,53113
53059,53066
53059,53113
53059,53118
53066,53113
53066,53118
53066,53134
53113,53134
53113,53162
53118,53162
53118,53174
53134,53162
53134,53174
53134,53183
53134,68278
53162,53174
53162,53183
53162,53214
53174,53183
53174,53214
53174,53231
53174,87770
53183,53214
53183,53231
53183,53250
53214,53231
53214,53250
53214,53262
53231,53250
53231,53271
53231,81802
53250,53262
53250,53271
53250,60661
53262,53271
53262,53298
53262,53312
53271,53298
53271,53312
53271,53339
53298,53312
53298,53339
53298,53368
53312,53339
53312,53368
53312,53373
53339,53368
53339,53373
53339,53379
53368,53373
53368,53379
53368,53383
53373,53383
53373,53393
53373,89135
53379,53393
53379,53395
53379,70725
53383,53393
53383,53395
53383,53396
53393,53395
53393,53396
53393,53407
53395,53396
53395,53407
53395,53409
53396,53407
53396,53409
53396,53413
53407,53409
53407,53413
53407,53427
53409,53413
53409,53427
53409,53455
53413,53427
53413,53455
53413,53461
53427,53455
53427,53461
53427,53477
53455,53461
53455,53477
53455,53500
53461,53477
53461,53500
53461,53532
53477,53500
53477,53532
53477,53544
53500,53532
53500,53544
53500,53554
53532,53544
53532,53554
53532,53587
53544,53554
53544,53587
53544,53599
53554,53587
53554,53599
53554,53604
53587,53599
53587,53604
53587,53626
53599,53604
53599,53626
53599,53636
53599,55173
53604,53626
53604,53636
53604,53696
53626,53636
53626,53696
53626,53697
53636,53696
53636,53697
53636,53718
53696,53697
53696,53718
53696,53719
53697,53719
53697,53743
53697,70493
53718,53719
53718,53743
53718,53759
53719,53743
53719,53759
53719,53809
53743,53759
53743,53809
53743,53839
53759,53809
53759,53839
53759,53846
53809,53839
53809,53846
53839,53846
53839,53922
53846,53879
53846,53922
53846,53990
53879,53922
53879,54001
53922,53990
53922,54001
53922,54005
53990,54001
53990,54005
53990,54019
54001,54005
54001,54019
54001,54026
54001,75470
54005,54026
54005,54049
54005,67275
54019,54026
54019,54049
54019,54054
54026,54049
54026,54054
54026,54099
54049,54054
54049,54099
54049,54118
54054,54099
54054,54118
54054,54132
54054,67736
54099,54118
54099,54132
54099,54143
54118,54132
54118,54143
54118,54147
54132,54143
54132,54147
54132,54153
54143,54147
54143,54153
54143,54164
54147,54153
54147,54164
54147,54168
54153,54164
54153,54168
54153,54181
54164,54168
54164,54181
54164,54215
54168,54181
54168,54215
54168,69998
54181,54215
54181,54241
54181,54256
54215,54241
54215,54256
54215,54262
54241,54256
54241,54262
54241,87223
54256,54262
54256,54270
54256,54272
54262,54270
54262,54272
54270,54272
54270,54285
54270,54300
54270,59580
54272,54285
54272,54300
54272,54311
54285,54300
54285,54311
54285,54394
54300,54394
54300,54453
54311,54394
54311,54453
54311,54459
54394,54459
54394,54523
54453,54459
54453,54523
54453,54559
54459,54523
54459,54559
54459,54574
54523,54559
54523,54574
54523,54578
54559,54574
54559,54578
54559,54620
54574,54578
54574,54620
54574,54660
54578,54620
54578,54660
54578,54669
54620,54660
54620,54669
54620,54696
54660,54669
54660,54696
54660,54700
54669,54696
54669,54700
54669,54749
54696,54700
54696,54749
54696,54767
54700,54749
54700,54767
54700,54783
54749,54767
54749,54783
54749,54786
54767,54783
54767,54802
54783,54786
54783,54802
54783,54803
54786,54802
54786,54803
54786,54804
54802,54804
54802,54819
54803,54804
54803,54819
54803,54831
54804,54819
54804,54831
54804,54848
54819,54848
54819,54864
54819,94887
54831,54848
54831,54864
54831,54871
54848,54864
54848,54908
54848,78106
54864,54871
54864,54908
54864,54925
54871,54908
54871,54925
54871,54926
54908,54925
54908,54926
54908,54935
54925,54926
54925,54935
54925,54950
54926,54935
54926,54950
54926,54951
54935,54950
54935,54951
54935,54978
54950,54951
54950,54978
54950,54984
54951,54978
54951,54984
54951,61447
54978,55004
54978,95582
54984,55004
54984,55042
54984,91034
55004,55042
55004,55062
55004,55064
55042,55062
55042,55064
55042,55110
55062,55064
55062,55110
55062,70942
55064,55110
55064,55129
55064,55135
55110,55129
55110,55135
55110,55140
55110,82070
55129,55135
55129,55140
55129,55173
55135,55140
55135,55173
55135,55176
55140,55173
55140,55176
55140,55177
55173,55176
55173,55177
55176,55177
55176,55185
55176,55206
55177,55185
55177,55206
55177,55226
55185,55206
55185,55226
55185,55228
55206,55226
55206,55228
55206,55245
55206,72912
55226,55245
55226,55271
55226,87449
55228,55245
55228,55271
55228,55309
55228,90331
55245,55271
55245,55309
55245,97135
55271,55310
55271,55346
55309,55310
55309,55346
55310,55346
55310,55351
55310,55385
55346,55385
55346,94623
55351,55385
55351,55387
55351,55390
55385,55387
55385,55395
55385,96256
55387,55390
55387,55395
55387,55404
55387,79975
55390,55395
55390,55404
55390,55415
55395,55404
55395,55415
55395,55423
55404,55415
55404,55423
55404,55429
55415,55423
55415,55429
55415,55508
55423,55429
55423,55508
55423,55536
55429,55553
55508,55536
55508,55553
55508,55590
55536,55553
55536,55590
55536,55619
55553,55590
55553,55619
55553,55639
55553,62079
55590,55619
55590,55639
55590,55644
55619,55657
55619,81959
55639,55644
55639,55657
55639,55671
55644,55721
55657,55671
55657,55721
55657,55724
55671,55721
55671,55724
55671,55726
55721,55724
55721,55726
55721,55735
55724,55726
55724,55735
55724,55749
55726,55735
55726,55749
55726,55751
55735,55749
55735,55752
55735,98397
55735,83880
55749,55751
55749,55752
55749,55753
55751,55752
55751,55753
55751,55758
55752,55753
55752,55759
55753,55758
55753,55759
55753,55764
55758,55759
55758,55772
55758,68977
55759,55764
55759,55772
55759,55797
55764,55772
55764,55797
55764,55801
55772,55797
55772,55801
55772,55840
55797,55801
55797,55858
55797,75540
55801,55840
55801,55858
55801,55869
55840,55858
55840,55869
55840,55871
55858,55869
55858,55871
55858,55889
55869,55871
55869,55889
55869,55898
55871,55889
55871,55898
55871,55915
55889,55898
55889,55915
55889,55947
55889,61467
55898,55915
55898,55947
55898,83136
55915,55947
55915,55954
55915,60756
55947,56008
55947,56017
55947,56344
55954,56008
55954,56017
55954,85734
56008,56017
56008,56025
56008,56052
56017,56025
56017,56052
56017,56053
56017,89750
56025,56052
56025,56053
56025,56100
56052,56100
56052,56101
56052,78331
56053,56101
56053,56114
56053,90009
56100,56101
56100,56114
56100,56151
56101,56114
56101,56151
56101,56153
56114,56151
56114,56153
56114,56266
56151,56153
56151,56266
56151,56311
56151,64690
56153,56266
56153,56311
56153,56319
56266,56311
56266,56319
56266,56344
56311,56319
56311,56344
56319,56344
56319,56362
56319,56364
56344,56364
56344,56368
56362,56364
56362,56368
56362,56430
56364,56368
56364,56430
56364,56440
56368,56430
56368,56440
56368,56457
56368,89687
56430,56440
56430,56457
56430,56462
56440,56457
56440,56462
56440,56472
56457,56462
56457,56472
56457,56490
56462,56472
56462,56490
56462,56512
56472,56490
56472,56512
56472,56514
56490,56512
56490,56514
56490,56530
56512,56514
56512,56530
56512,56554
56512,87684
56514,56530
56514,56554
56514,56568
56530,56554
56530,56568
56530,56573
56554,56568
56554,56573
56554,56580
56568,56573
56568,56580
56568,56625
56573,56580
56573,56625
56573,56653
56580,56625
56580,56653
56580,81279
56625,56653
56625,56658
56625,56681
56653,56658
56653,56681
56653,56700
56658,56681
56658,56700
56658,56702
56681,56700
56681,56702
56681,56706
56700,56702
56700,56706
56700,56794
56702,56706
56702,56794
56702,56804
56706,56804
56706,56827
56706,80960
56794,56804
56794,56827
56794,56857
56804,56827
56827,56857
56827,56890
56827,99272
56857,56880
56857,56890
56857,56892
56857,89283
56880,56890
56880,56892
56880,56894
56890,56892
56890,56894
56890,79076
56892,56894
56892,56897
56892,56917
56894,56897
56894,56917
56894,56925
56897,56925
56897,56928
56897,66416
56917,56925
56917,56928
56917,56964
56925,56928
56925,56964
56925,56965
56928,56964
56928,56965
56928,56980
56964,56965
56964,56980
56964,56999
56964,90416
56965,56980
56965,56999
56965,57009
56980,56999
56980,57020
56999,57009
56999,57020
56999,57030
57009,57020
57009,57030
57009,57037
57020,57030
57020,57037
57020,57046
57030,57037
57030,57046
57030,57065
57037,57046
57037,57067
57037,76327
57046,57065
57046,57067
57046,57068
57065,57068
57065,57069
57067,57068
57067,57084
57068,57069
57068,57096
57068,89116
57069,57084
57069,57096
57069,57111
57084,57096
57084,57111
57084,57159
57096,57111
57096,57159
57096,57172
57111,57159
57111,57172
57111,57200
57159,57172
57159,57200
57159,57219
57159,74495
57172,57253
57200,57219
57200,57271
57219,57253
57219,57271
57219,57314
57253,57271
57253,57314
57253,57319
57253,66733
57271,57314
57271,57319
57271,57402
57314,57319
57314,57402
57314,57437
57319,57402
57319,57481
57402,57437
57402,57481
57402,57516
57437,57481
57437,57516
57437,57522
57481,57516
57481,57522
57481,57524
57516,57522
57516,57524
57516,57532
57522,57524
57522,57554
57522,78563
57524,57532
57524,57618
57532,57554
57532,57618
57532,57627
57554,57618
57554,57627
57554,57660
57618,57627
57618,57660
57618,57699
57627,57660
57627,57750
57660,57699
57660,57750
57660,57799
57699,57750
57699,57799
57699,57826
57750,57799
57750,57826
57750,57830
57799,57826
57799,57830
57799,57841
57826,57830
57826,57841
57826,57854
57830,57841
57830,57854
57830,57878
57841,57854
57841,57878
57841,57913
57854,57878
57854,57946
57878,57946
57878,57951
57878,60249
57913,57946
57913,57951
57913,57998
57946,57951
57946,57998
57946,58003
57951,57998
57951,58003
57951,58004
57998,58003
57998,58004
57998,58005
58003,58004
58003,58005
58004,58005
58004,58024
58004,58032
58005,58024
58005,58032
58005,58044
58024,58032
58024,58044
58024,58056
58032,58056
58032,58069
58044,58056
58044,58069
58044,58092
58056,58069
58056,58092
58056,58128
58069,58092
58069,58128
58069,58138
58092,58128
58092,58138
58092,58167
58128,58138
58128,58167
58128,58184
58128,59108
58138,58167
58138,58184
58138,58197
58167,58184
58167,58197
58167,58210
58184,58210
58184,58212
58184,70096
58197,58210
58197,58216
58197,71622
58210,58216
58210,58223
58212,58216
58216,58223
58216,58244
58216,58246
58223,58246
58223,58251
58223,96584
58244,58246
58244,58251
58244,58255
58246,58251
58246,58255
58246,58282
58251,58255
58251,58282
58251,58364
58255,58282
58255,58364
58255,58368
58282,58364
58282,58368
58282,58391
58364,58402
58364,90217
58364,88820
58364,71468
58368,58391
58368,58402
58368,58407
58391,58402
58391,58407
58391,58422
58402,58407
58402,58422
58402,58429
58407,58422
58407,58429
58407,58453
58422,58429
58422,58453
58422,58458
58429,58453
58429,58458
58429,58470
58453,58458
58453,58470
58453,58476
58458,58470
58458,58476
58470,58476
58470,58487
58470,58490
58476,58487
58476,58490
58476,58519
58487,58490
58487,58519
58487,58525
58487,66416
58490,58519
58490,58525
58490,58531
58519,58525
58519,58531
58519,58537
58525,58537
58525,58538
58525,59038
58525,75677
58531,58537
58531,58538
58531,58582
58531,96770
58537,58538
58537,58582
58537,58613
58537,78313
58538,58582
58538,58613
58538,58621
58582,58613
58582,58621
58582,58625
58613,58621
58613,58625
58613,58626
58621,58625
58621,58629
58625,58626
58625,58629
58625,58646
58625,70041
58626,58629
58626,58661
58629,58646
58629,58662
58629,70506
58646,58662
58646,58693
58661,58693
58661,58713
58662,58693
58662,58713
58662,58725
58693,58713
58693,58725
58693,58761
58713,58725
58713,58761
58713,58766
58725,58761
58725,58766
58725,58796
58761,58766
58761,58796
58761,74964
58766,58796
58766,58810
58796,58809
58796,58810
58796,58833
58809,58810
58809,58833
58809,58838
58810,58833
58810,58838
58810,58866
58833,58838
58833,58866
58833,58876
58838,58866
58838,58876
58838,58909
58866,58935
58866,70265
58876,58909
58876,58935
58876,58941
58909,58935
58909,58941
58909,58951
58935,58951
58935,58963
58935,78313
58941,58951
58941,58963
58941,58971
58951,58971
58951,77030
58963,58971
58963,59023
58963,59024
58963,78485
58971,59023
58971,59024
58971,59038
59023,59024
59023,59038
59023,59057
59024,59038
59024,59057
59024,59060
59038,59060
59038,59070
59057,59060
59057,59070
59057,59089
59057,97605
59060,59070
59060,59089
59060,59090
59060,83061
59070,59089
59070,59090
59070,59108
59089,59090
59089,59108
59089,59124
59090,59108
59090,59124
59090,59126
59090,71706
59108,59124
59108,59147
59124,59126
59124,59147
59124,59170
59126,59147
59126,59170
59126,59178
59147,59170
59147,59178
59147,59217
59170,59178
59170,59217
59170,92138
59178,59217
59178,59230
59178,59275
59217,59230
59217,59275
59217,59290
59230,59275
59230,59290
59230,59300
59275,59290
59275,59300
59275,59301
59290,59300
59290,59301
59290,59304
59300,59301
59300,59304
59300,88976
59301,59304
59301,59383
59301,59413
59304,59413
59304,59424
59383,59424
59383,59483
59383,83547
59413,59424
59413,59483
59413,59486
59424,59483
59424,59486
59424,59489
59483,59486
59483,59489
59483,59501
59486,59489
59486,59501
59486,59516
59489,59501
59489,59516
59489,59568
59501,59516
59501,59580
59501,99664
59516,59568
59516,59583
59516,98488
59568,59580
59568,59583
59568,59599
59580,59583
59580,71886
59580,71622
59583,59599
59583,59620
59583,59627
59599,59620
59599,59627
59599,59652
59620,59627
59620,59652
59620,59690
59627,59652
59627,59690
59627,59696
59652,59690
59652,59696
59652,59703
59690,59696
59690,59703
59690,59718
59696,59703
59696,59718
59696,59728
59703,59718
59703,59728
59703,59753
59718,59728
59718,59753
59718,59757
59728,59753
59728,59757
59728,59766
59753,59757
59753,59766
59753,59789
59757,59766
59757,59789
59757,59790
59766,59789
59766,59790
59766,59801
59789,59790
59789,59803
59789,96310
59790,59801
59790,59803
59801,59803
59801,59816
59801,59818
59803,59816
59803,59818
59803,59823
59816,59818
59816,59823
59816,69420
59818,59823
59818,59829
59818,59840
59823,59829
59823,59840
59823,59846
59829,59840
59829,59846
59829,59849
59840,59846
59840,59849
59840,59907
59846,59849
59846,59907
59846,59948
59849,59907
59849,59948
59849,59949
59849,63445
59907,59948
59907,59959
59948,59949
59948,59959
59948,59966
59949,59959
59949,59966
59949,59973
59959,59966
59959,59973
59959,59989
59966,59973
59966,59989
59966,60024
59973,59989
59973,60024
59973,60085
59973,89502
59989,60024
59989,60085
59989,60096
59989,74370
60024,60085
60024,60096
60024,60111
60085,60096
60085,60111
60085,60167
60096,60111
60096,60167
60096,60168
60111,60167
60111,60168
60111,60218
60167,60168
60167,60218
60167,60229
60168,60218
60168,60229
60168,60249
60218,60229
60218,60249
60218,60282
60218,64904
60229,60249
60229,60282
60229,60288
60249,60282
60249,60288
60249,60303
60282,60288
60282,60303
60282,60311
60288,60303
60288,60311
60288,60314
60303,60311
60303,60314
60303,60319
60311,60314
60311,60319
60311,60378
60314,60319
60314,60378
60314,60381
60314,80596
60319,60378
60319,60381
60319,60391
60378,60381
60378,60391
60378,60394
60381,60391
60381,88433
60381,69034
60391,60394
60391,60469
60391,86822
60394,60462
60394,60469
60394,60477
60462,60469
60462,60477
60462,60490
60462,69527
60469,60477
60469,60490
60469,60540
60477,60490
60477,60540
60477,60577
60490,60540
60490,60577
60490,60578
60540,60577
60540,60578
60540,60579
60577,60581
60578,60579
60578,60581
60578,60601
60578,71685
60579,60581
60579,60601
60579,60606
60581,60601
60581,60606
60581,60624
60601,60606
60601,60624
60601,60659
60606,60624
60606,60659
60606,60661
60624,60661
60659,60661
60659,60673
60659,60688
60661,60673
60661,60688
60661,60690
60673,60688
60673,60690
60673,60722
60673,80825
60688,60690
60688,60722
60688,60753
60688,63923
60690,60722
60690,60753
60690,60756
60722,60753
60722,60756
60722,60765
60722,87023
60753,60765
60753,60773
60753,68298
60756,60773
60756,60793
60765,60773
60765,60797
60773,60793
60773,60797
60773,60828
60793,60797
60793,60828
60793,91917
60797,60833
60797,60867
60797,81487
60828,60867
60828,60870
60833,60870
60833,60871
60833,72602
60867,60870
60867,60871
60870,60871
60870,60887
60870,93150
60871,60873
60871,60887
60871,60907
60873,60887
60873,60907
60873,60927
60887,60907
60887,60927
60887,60928
60907,60927
60907,60928
60907,60937
60927,60928
60927,60937
60927,60942
60928,60937
60928,60942
60928,60977
60928,69435
60937,60942
60937,60977
60937,60988
60942,60977
60942,60988
60942,60991
60977,60991
60977,61073
60977,89116
60988,60991
60988,61073
60988,61083
60991,61073
60991,61083
60991,61090
60991,66172
61073,61090
61073,89366
61073,83070
61083,61090
61083,61116
61090,61111
61090,61116
61090,61128
61111,61128
61111,61166
61116,61128
61116,61171
61116,64286
61128,61166
61128,61171
61128,61193
61128,71089
61166,61171
61166,61193
61166,61195
61171,61193
61171,61208
61171,83161
61193,61195
61193,61208
61193,61210
61195,61208
61195,61210
61208,61210
61208,61215
61208,61250
61210,61215
61210,61250
61210,61296
61215,61250
61215,61296
61215,61298
61250,61296
61250,61298
61250,61326
61296,61298
61296,61326
61296,61335
61298,61335
61298,61348
61298,69987
61326,61335
61326,61348
61326,61356
61326,65396
61335,61356
61335,61386
61335,83832
61348,61356
61348,61386
61348,61429
61356,61386
61356,61429
61356,61447
61356,99506
61386,61447
61386,61449
61429,61447
61429,61449
61429,61467
61447,61449
61447,61467
61447,61469
61449,61469
61449,61482
61449,80249
61467,61469
61467,61494
61469,61482
61469,61494
61469,61528
61482,61494
61482,61539
61482,82239
61494,61528
61494,61539
61494,61555
61528,61539
61528,61555
61528,61558
61539,61555
61539,61558
61539,61579
61555,61558
61555,61610
61558,61579
61558,61647
61558,86995
61579,61610
61579,61650
61610,61647
61610,61650
61610,61664
61647,61650
61647,61664
61647,61665
61647,98623
61650,61664
61650,61665
61650,61666
61664,61665
61664,61666
61664,61699
61664,68113
61665,61666
61665,61699
61665,61702
61666,61699
61666,61702
61666,61712
61699,61702
61699,61712
61699,61720
61702,61720
61702,61741
61712,61720
61712,61741
61720,61741
61720,61753
61720,61758
61741,61753
61741,61758
61741,61766
61753,61758
61753,61766
61753,61778
61758,61766
61758,61778
61758,61779
61766,61778
61766,61799
61778,61779
61778,61799
61778,61804
61778,75213
61779,61799
61779,61804
61779,61817
61799,61804
61799,61817
61799,61839
61804,61817
61804,61839
61804,61855
61817,61839
61817,61855
61817,61863
61839,61855
61839,61863
61839,61876
61855,61863
61855,61876
61855,61892
61863,61876
61863,61892
61863,61894
61876,61892
61876,61894
61876,61895
61892,61894
61892,61895
61892,61919
61894,61895
61894,61919
61894,61923
61895,61919
61895,61923
61895,61937
61919,61923
61919,61937
61919,61998
61923,61937
61923,61998
61923,62005
61937,62005
61937,62079
61998,62005
61998,62079
61998,62084
62005,62079
62005,62084
62005,62087
62079,62084
62079,62126
62084,62087
62084,62126
62084,62151
62087,62126
62087,62151
62087,62180
62087,77577
62126,62151
62126,62180
62126,62192
62151,62192
62151,62195
62151,75889
62180,62192
62180,62195
62180,62198
62192,62195
62192,62198
62195,62226
62195,62227
62198,62226
62198,62227
62198,62256
62226,62227
62226,62256
62226,62257
62227,62256
62227,62257
62227,62268
62256,62257
62256,62268
62256,62274
62257,62268
62257,62274
62257,62340
62268,62274
62268,62340
62268,62388
62274,62340
62274,62388
62274,62400
62340,62388
62340,62400
62340,62408
62340,75194
62388,62408
62388,62416
62388,90286
62400,62408
62400,62416
62408,62416
62408,62429
62408,62445
62416,62429
62416,62445
62416,62452
62429,62452
62429,62479
62445,62452
62445,62479
62445,62504
62445,94017
62452,62479
62452,62504
62452,62518
62479,62504
62479,62518
62479,62531
62504,62518
62504,62531
62504,62540
62518,62531
62518,62540
62518,62560
62531,62540
62531,62560
62531,62563
62531,72505
62540,62563
62540,62566
62540,76269
62560,62563
62560,62566
62560,62578
62563,62566
62563,62578
62563,62579
62566,62578
62566,62579
62566,62606
62578,62579
62578,62606
62578,62613
62579,62606
62579,62613
62579,62621
62606,62613
62606,62621
62606,62632
62613,62621
62613,62646
62621,62632
62621,62646
62621,62686
62632,62646
62632,62686
62632,62702
62646,62686
62646,62702
62646,62708
62686,62702
62686,62708
62686,62709
62702,62708
62702,62709
62702,62712
62708,62709
62708,62712
62708,62741
62709,62712
62709,62741
62709,62747
62709,97600
62712,62741
62712,62747
62712,62777
62741,62747
62741,62777
62741,82790
62741,81795
62747,62777
62747,62792
62777,62782
62777,62792
62777,62794
62782,62792
62782,62794
62792,62794
62792,62821
62792,62828
62794,62821
62794,62828
62794,62855
62821,62828
62821,62855
62821,62870
62828,62855
62828,62870
62828,62878
62855,62870
62855,62886
62870,62886
62870,62891
62878,62886
62878,62891
62878,62931
62886,62891
62886,62931
62886,62947
62886,68163
62891,62931
62891,62947
62891,63009
62931,62947
62931,63009
62931,63016
62947,63009
62947,63016
62947,63025
63009,63016
63009,63025
63009,63031
63016,63025
63016,63031
63016,63048
63025,63031
63025,63048
63025,63058
63031,63058
63031,63064
63031,86822
63048,63058
63048,76237
63058,63072
63058,67613
63058,86161
63064,63072
63064,63090
63064,67925
63072,63086
63072,63090
63072,63141
63086,63090
63086,63141
63086,63168
63090,63141
63090,63189
63090,71799
63141,63168
63141,63189
63141,78015
63168,63191
63168,63246
63189,63191
63189,63246
63189,63273
63191,63246
63191,63273
63191,63274
63246,63273
63246,63274
63246,63291
63273,63274
63273,63291
63273,63295
63274,63295
63274,63303
63274,67462
63291,63295
63291,63303
63291,63307
63291,77857
63295,63303
63295,63307
63295,63315
63303,63307
63303,63315
63303,63320
63307,63315
63307,63320
63307,63325
63315,63320
63315,63325
63320,63325
63320,63339
63320,63356
63325,63339
63325,63356
63325,63360
63339,63356
63339,63360
63339,63386
63356,63360
63356,63386
63356,63401
63360,63386
63360,63401
63360,63445
63386,63401
63386,63445
63386,63450
63401,63445
63401,63450
63401,63467
63445,63450
63445,63469
63450,63469
63450,63480
63467,63484
63467,72945
63467,83519
63469,63480
63469,63484
63469,63511
63469,85695
63480,63484
63480,63511
63480,63573
63484,63511
63484,63573
63484,63600
63511,63600
63511,63627
63511,68559
63573,63600
63573,63647
63573,93308
63600,63627
63600,63647
63600,63648
63627,63647
63627,63648
63627,63653
63647,63653
63647,63655
63648,63653
63648,63655
63648,63657
63653,63655
63653,63670
63655,63657
63655,63670
63655,63679
63657,63670
63657,63679
63657,63718
63657,88789
63657,88469
63670,63679
63670,63718
63670,63722
63679,63718
63679,63722
63679,63731
63718,63722
63718,63731
63718,63733
63722,63731
63722,63733
63722,63736
63722,65264
63731,63733
63731,63736
63731,63749
63733,63736
63733,63749
63733,63782
63736,63749
63736,63782
63736,63797
63749,63782
63749,63797
63749,63804
63782,63797
63782,63804
63782,63816
63782,66751
63797,63804
63797,63816
63797,63829
63804,63829
63804,63855
63804,83880
63816,63829
63816,63855
63816,63861
63829,63855
63829,63861
63829,63864
63855,63864
63855,63872
63855,66733
63861,63864
63864,63872
63864,63892
63864,63895
63872,63895
63872,63920
63872,84744
63892,63920
63892,63923
63892,89963
63895,63920
63895,63929
63895,99980
63920,63923
63920,63929
63920,63930
63923,63929
63923,63930
63929,63930
63929,63943
63929,63970
63930,63943
63930,63970
63930,63972
63943,63970
63943,63972
63943,64017
63970,63972
63970,64017
63970,64065
63972,64017
63972,64065
63972,64068
64017,64065
64017,64068
64017,86592
64065,64068
64065,64117
64065,64160
64068,64117
64068,64160
64068,64182
64117,64160
64117,64182
64117,64201
64160,64201
64160,64202
64160,66310
64182,64201
64182,64202
64182,64219
64201,64202
64201,64219
64201,64241
64202,64219
64202,64241
64202,64250
64219,64250
64219,64251
64219,77919
64219,67015
64241,64250
64241,64251
64241,64252
64250,64251
64250,64252
64250,64269
64251,64269
64251,64279
64252,64269
64252,64279
64252,64286
64269,64279
64269,64286
64269,64294
64279,64286
64279,64294
64286,64294
64286,64311
64286,64339
64294,64311
64294,64339
64294,64345
64311,64348
64339,64345
64339,64348
64345,64348
64345,64351
64345,64373
64348,64373
64348,64385
64348,87023
64351,64373
64351,64385
64351,64389
64373,64385
64373,64389
64373,64394
64385,64389
64385,64394
64385,64415
64389,64394
64389,64415
64389,64419
64394,64415
64394,64419
64394,64452
64394,74970
64415,64419
64415,64452
64415,64454
64419,64452
64419,64454
64419,64465
64452,64454
64452,64465
64452,64513
64452,99164
64454,64465
64454,64513
64454,64536
64465,64513
64465,64536
64465,64538
64513,64536
64513,64538
64513,64564
64536,64538
64536,64564
64536,64601
64538,64564
64538,64601
64538,64612
64564,64601
64564,64612
64564,64613
64601,64612
64601,64613
64601,64634
64612,64613
64612,64634
64612,64648
64613,64634
64613,64648
64613,64651
64613,85799
64634,64648
64634,64651
64634,64657
64648,64651
64648,64657
64648,64683
64651,64657
64651,64683
64651,64684
64657,64683
64657,64684
64657,64689
64683,64684
64683,64689
64683,64690
64684,64689
64684,64690
64684,64724
64684,65445
64689,64724
64689,64763
64689,72037
64690,64724
64690,64763
64724,64763
64724,64774
64724,64780
64763,64774
64763,64780
64763,64784
64774,64780
64774,64784
64774,64865
64780,64784
64780,64865
64784,64865
64784,64871
64784,64886
64784,90901
64865,64886
64865,64899
64871,64886
64871,64899
64871,64904
64886,64899
64886,64904
64886,64906
64886,91917
64899,64904
64899,64906
64899,64922
64904,64906
64904,64923
64906,64922
64906,64923
64906,64935
64922,64923
64922,64935
64922,65036
64923,64935
64923,65036
64923,65044
64935,65036
64935,65044
64935,65048
65036,65048
65036,65070
65044,65048
65044,65070
65044,65072
65048,65077
65048,76867
65070,65072
65070,65077
65070,65103
65072,65077
65072,65103
65072,65105
65077,65103
65077,65105
65077,65107
65103,65105
65103,65107
65103,65120
65105,65107
65105,65120
65105,65133
65107,65120
65107,65133
65107,65143
65120,65133
65120,65143
65120,65145
65133,65143
65133,65145
65133,65166
65133,84536
65143,65166
65143,98357
65145,65166
65145,65182
65145,65209
65166,65182
65166,65209
65166,65222
65182,65209
65182,65222
65182,65251
65209,65222
65209,65251
65209,65256
65222,65251
65222,65256
65222,65261
65251,65256
65251,65261
65251,65264
65256,65261
65256,65264
65256,65267
65261,65264
65261,65267
65261,79393
65261,70062
65264,65267
65264,65316
65267,65271
65267,65316
65267,92093
65271,65316
65271,65344
65271,65358
65316,65344
65316,65370
65344,65358
65344,65370
65344,65376
65358,65370
65358,65376
65358,65392
65370,65376
65370,65392
65370,71017
65376,65396
65376,65397
65392,65396
65392,65397
65392,65404
65396,65397
65396,65404
65397,65404
65397,65445
65397,65473
65404,65445
65404,65473
65445,65473
65445,65524
65445,74426
65473,65511
65473,65524
65473,65529
65511,65524
65511,65529
65511,65532
65524,65529
65524,65532
65524,65560
65529,65532
65529,65560
65529,65570
65532,65560
65532,65570
65532,65577
65560,65570
65560,65577
65560,65590
65570,65577
65570,65590
65570,65618
65570,79135
65577,65590
65577,65618
65577,65630
65590,65618
65590,65630
65590,65632
65618,93394
65618,83234
65630,65632
65630,65668
65630,65708
65632,65668
65632,65708
65632,65722
65632,87530
65668,65708
65668,65722
65668,77547
65708,65722
65708,65728
65708,65744
65722,65728
65722,65744
65722,65746
65728,65744
65728,65746
65728,65776
65744,65746
65744,65776
65744,65825
65744,73123
65746,65776
65746,65825
65746,65862
65776,65825
65776,65862
65776,65909
65825,65862
65825,65909
65825,65919
65862,65909
65862,65919
65862,65978
65909,65919
65909,65978
65919,65978
65919,65981
65919,65983
65978,65981
65978,65983
65978,66017
65981,65983
65981,66017
65981,66018
65983,66018
65983,66024
66017,66018
66017,66024
66017,66063
66017,94623
66018,66063
66018,66095
66018,73123
66024,66063
66024,66095
66024,66130
66063,66130
66063,66133
66063,82015
66095,66130
66095,66133
66095,66139
66130,66133
66130,66139
66130,66150
66133,66139
66133,66150
66139,66150
66139,66161
66150,66161
66150,66198
66161,66172
66161,66198
66161,66201
66172,66198
66172,66219
66198,66201
66198,66219
66198,66227
66198,79463
66201,66219
66201,66227
66201,66237
66219,66237
66219,66257
66227,66237
66227,66257
66227,66259
66227,98669
66237,66257
66237,66259
66237,66285
66257,66259
66257,66285
66257,66309
66259,66285
66259,66310
66285,66309
66285,66310
66285,98438
66309,66310
66309,66319
66309,66385
66309,87371
66310,66319
66310,66385
66310,66391
66319,66385
66319,66391
66319,66416
66385,66391
66385,66416
66385,66451
66391,66416
66391,66451
66416,66451
66416,66506
66451,66454
66451,66506
66451,66515
66454,66515
66454,66517
66506,66515
66506,66520
66515,66520
66515,66540
66515,85541
66517,66520
66517,66540
66517,66542
66517,93758
66520,66540
66520,66542
66520,66562
66540,66542
66540,66562
66540,66574
66542,66562
66542,66574
66542,66684
66562,66574
66562,66684
66562,66689
66574,66684
66574,66689
66574,66714
66684,66689
66684,66714
66684,66733
66689,66714
66689,66733
66689,66738
66714,66733
66714,66738
66714,66744
66733,66738
66733,66744
66738,66747
66738,66751
66744,66747
66744,66771
66744,91560
66747,66751
66747,66771
66747,66786
66751,66771
66751,66787
66771,66786
66771,66787
66771,66788
66786,66788
66786,66804
66786,78561
66787,66788
66787,66804
66787,66808
66788,66804
66788,66808
66788,66819
66804,66808
66804,66819
66804,66866
66808,66819
66808,66866
66808,66890
66808,96959
66819,66866
66819,66890
66819,66910
66866,66890
66866,66910
66866,66913
66890,66910
66890,66913
66890,66937
66910,66937
66910,66938
66910,71033
66913,66937
66913,66938
66913,66954
66937,66938
66937,66954
66937,66977
66938,66954
66938,66977
66938,66983
66954,66977
66954,66992
66954,71089
66954,85149
66977,66983
66977,66992
66977,67011
66983,66992
66983,67011
66992,67011
66992,67015
66992,67040
67011,67015
67011,67040
67011,67069
67015,67040
67015,94377
67040,67069
67040,67070
67040,67096
67069,67070
67069,67096
67069,67112
67070,67096
67070,67112
67070,67120
67096,67112
67096,67120
67096,67165
67096,80825
67112,67120
67112,67165
67112,67178
67120,67165
67120,67178
67120,67210
67165,67178
67165,67210
67165,67230
67178,67210
67178,67230
67178,67239
67210,67239
67210,67253
67230,67239
67230,67253
67230,67263
67239,67253
67239,67263
67239,67275
67253,67263
67253,67275
67253,67278
67263,67275
67263,67278
67263,67280
67275,67278
67275,67280
67275,67293
67278,67280
67278,67293
67278,67300
67280,67293
67280,67300
67280,67302
67280,83699
67293,67300
67293,67302
67293,67303
67293,75725
67293,70014
67300,67303
67300,67314
67302,67303
67302,67314
67302,86995
67303,67314
67303,67329
67303,67341
67303,70107
67314,67329
67314,67341
67314,67358
67329,67341
67329,67358
67329,67393
67341,67358
67341,67393
67341,67398
67358,67393
67358,67398
67358,67409
67393,67398
67393,67409
67393,67414
67398,67409
67398,67414
67398,67446
67409,67414
67409,67446
67409,67449
67414,67446
67414,67449
67414,90595
67446,67449
67446,67462
67446,67475
67449,67462
67449,67475
67449,67477
67462,67485
67475,67477
67475,67485
67475,67487
67477,67485
67477,67487
67477,67490
67485,67487
67485,67490
67485,67502
67487,67490
67487,67502
67487,67511
67487,79246
67490,67502
67490,67511
67490,67538
67502,67511
67502,67538
67502,67543
67511,67538
67511,67543
67511,81875
67538,67543
67538,67564
67538,67599
67543,67564
67543,67599
67543,67613
67564,67599
67564,67613
67564,67619
67599,67613
67599,67619
67599,67643
67613,67619
67613,67643
67613,67649
67619,67643
67619,67649
67619,67665
67643,67649
67643,67665
67643,67693
67649,67693
67649,67716
67665,67693
67665,67716
67693,67716
67693,67721
67693,67729
67716,67721
67716,67729
67716,67736
67721,67729
67721,67736
67721,67742
67729,67736
67729,67742
67729,67743
67736,67742
67736,67755
67736,81981
67742,67743
67742,67755
67742,67759
67743,67755
67743,67759
67743,67772
67755,67759
67755,67772
67755,67818
67759,67772
67759,67818
67759,82314
67772,67818
67772,67845
67818,67832
67818,67845
67832,67861
67832,80373
67832,71710
67845,67859
67845,67861
67845,67864
67859,67861
67859,67864
67859,67883
67861,67864
67861,67885
67864,67883
67864,67885
67864,67890
67883,67885
67883,67890
67883,67914
67885,67890
67885,67914
67885,67925
67890,67914
67890,67925
67890,67947
67914,67925
67914,67947
67914,67962
67925,67962
67925,67964
67947,67962
67947,67964
67947,67965
67962,67964
67962,67965
67962,67999
67964,67965
67964,67999
67964,68005
67964,72278
67965,67999
67965,68005
67965,68008
67999,68005
67999,68008
67999,68018
68005,68008
68005,68018
68005,68026
68008,68018
68008,68026
68008,68031
68018,68026
68018,68031
68018,68092
68026,68031
68026,68092
68026,68110
68031,68092
68031,68110
68031,68113
68092,68110
68092,68113
68092,68119
68110,68113
68110,68119
68113,68119
68113,68132
68113,95518
68119,68132
68119,68181
68119,74426
68132,68163
68132,68181
68132,68192
68163,68192
68163,68193
68181,68192
68181,68209
68192,68193
68192,68209
68193,68209
68193,68274
68193,68278
68209,68274
68209,68278
68209,68280
68274,68278
68274,68280
68274,68298
68278,68280
68278,68303
68278,99721
68280,68298
68280,68303
68280,68322
68298,68322
68298,68335
68303,68322
68303,68351
68303,96782
68322,68335
68322,68351
68322,68414
68322,73744
68322,80295
68335,68351
68335,68414
68335,68445
68351,68414
68351,68445
68351,68464
68414,68445
68414,68464
68414,68475
68445,68464
68445,68475
68445,68536
68464,68475
68464,68536
68464,68551
68475,68551
68475,68555
68536,68551
68536,68555
68536,68559
68551,68555
68551,68559
68555,68559
68555,68565
68555,68602
68559,68565
68559,68602
68559,68604
68565,68602
68565,68604
68565,68685
68602,68604
68602,68685
68604,68685
68604,68698
68604,68702
68685,68698
68685,68702
68685,68705
68698,68702
68698,68705
68698,68727
68702,68705
68702,68727
68702,68754
68705,68727
68705,68754
68705,68758
68727,68754
68727,68758
68754,68758
68754,68765
68758,68765
68758,68779
68758,68805
68765,68779
68765,68805
68765,68817
68779,68805
68779,68842
68805,68817
68805,68842
68805,68847
68817,68842
68817,68847
68817,68854
68842,68847
68842,68854
68842,68861
68847,68854
68847,68884
68854,68861
68854,68900
68854,78910
68861,68884
68861,68900
68861,68906
68884,68906
68884,68922
68900,68906
68900,68922
68900,68935
68900,98081
68906,68922
68906,68935
68906,68965
68922,68935
68922,68965
68922,68968
68935,68965
68935,68970
68935,94263
68965,68968
68965,68970
68965,68977
68968,68970
68968,68977
68968,68978
68970,68977
68970,68978
68970,68983
68977,68978
68977,68983
68977,68992
68978,68983
68978,68992
68978,69013
68983,68992
68983,69013
68983,69033
68992,69013
68992,69033
68992,69034
69013,69033
69013,69051
69013,84319
69033,69034
69033,69051
69033,69058
69034,69058
69034,69142
69034,91517
69051,69058
69051,69142
69051,69179
69058,69179
69058,69188
69142,69179
69142,69188
69142,69196
69179,69188
69179,69196
69179,69211
69188,69196
69188,69211
69188,69219
69196,69211
69196,69219
69196,69245
69196,80115
69211,69219
69211,69245
69211,69290
69219,69245
69219,69290
69219,69311
69245,69290
69245,69311
69245,69316
69290,69311
69290,69316
69290,69333
69290,79047
69311,69316
69311,69333
69311,69353
69316,69333
69316,69353
69316,69420
69333,69353
69333,69420
69333,69434
69353,69420
69353,69434
69353,69435
69420,69446
69420,89871
69434,69435
69434,69446
69434,69464
69435,69446
69435,69464
69446,69464
69446,69479
69446,69488
69464,69479
69464,69488
69464,69491
69479,69488
69479,69491
69479,69506
69479,84991
69488,69491
69488,69506
69488,69507
69491,69506
69491,69507
69491,69513
69506,69507
69506,69513
69506,69527
69507,69513
69507,69527
69507,69528
69513,69527
69513,69528
69513,69554
69527,69528
69527,69554
69528,69554
69528,69557
69528,69570
69554,69557
69554,69570
69554,69583
69554,92162
69557,69570
69557,69647
69570,69583
69570,69647
69570,69651
69583,69647
69583,69651
69583,69662
69647,69651
69647,69662
69647,69674
69651,69662
69651,69674
69651,69728
69662,69674
69662,69728
69662,69735
69674,69728
69674,69735
69674,69747
69728,69735
69728,69747
69728,69762
69735,69747
69735,69762
69735,69764
69747,69762
69747,69764
69747,69819
69762,69764
69762,69819
69762,69847
69764,69819
69764,69847
69764,69848
69819,69847
69819,69848
69819,69854
69847,69848
69847,69854
69847,69860
69848,69854
69848,69860
69854,69860
69854,69905
69854,69936
69860,69905
69860,69936
69860,69941
69860,84627
69905,69936
69905,69965
69905,93909
69936,69941
69936,69965
69936,69987
69941,69965
69941,69987
69941,69998
69965,69987
69965,69998
69965,70014
69987,69998
69987,70014
69987,70029
69987,77233
69998,70014
69998,70029
69998,70041
70014,70029
70014,70049
70029,70049
70029,70062
70041,70062
70041,70079
70049,70062
70049,70079
70049,70081
70062,70079
70062,70081
70062,70091
70079,70091
70079,70096
70081,70091
70081,70096
70081,70107
70091,70096
70091,70107
70091,70165
70091,91918
70096,70107
70096,70165
70096,70194
70107,70238
70165,70194
70165,70238
70165,70239
70194,70238
70194,70239
70194,70242
70238,70239
70238,70242
70238,70265
70239,70242
70239,70265
70239,70278
70242,70265
70242,70278
70242,70300
70265,70278
70265,70300
70265,70329
70265,80595
70278,70300
70278,70329
70278,70339
70300,70329
70300,70339
70300,70343
70329,70339
70329,70343
70329,70354
70339,70343
70339,70354
70339,70374
70343,70354
70343,70374
70343,70377
70354,70374
70354,70377
70354,70388
70374,70377
70374,70388
70374,91297
70377,70388
70377,70452
70377,70467
70388,70452
70388,70467
70388,70493
70452,70467
70452,70493
70452,70498
70452,90068
70467,70493
70467,70498
70467,70504
70493,70498
70493,70504
70493,70506
70498,70504
70498,70506
70498,70531
70504,70506
70504,70531
70504,70540
70506,70547
70506,71898
70531,70540
70531,70547
70531,70552
70540,70547
70540,70552
70540,70587
70547,70552
70547,70587
70547,70634
70552,70587
70552,70634
70552,70638
70587,70634
70587,70638
70587,70656
70634,70638
70634,70656
70634,70663
70638,70679
70638,80024
70656,70663
70656,70679
70656,70686
70663,70679
70663,70686
70663,70725
70663,80115
70679,70686
70679,70725
70679,70749
70686,70725
70686,70749
70686,70756
70725,70749
70725,70756
70725,70762
70749,70756
70749,70762
70749,70769
70756,70762
70756,70769
70756,70775
70762,70769
70762,70775
70762,70785
70769,70785
70769,74124
70769,92741
70775,70785
70775,70810
70775,70816
70785,70810
70785,70816
70785,70871
70810,70816
70810,70883
70816,70871
70816,70883
70816,70903
70871,70883
70871,70903
70871,70942
70883,70903
70883,70942
70883,70946
70903,70942
70903,70946
70903,70955
70942,70946
70942,70955
70942,70980
70946,70955
70946,70980
70946,70986
70955,70992
70955,77996
70980,70986
70980,70992
70986,70992
70986,71004
70986,71017
70992,71004
70992,71017
70992,71033
71004,71017
71004,71033
71004,71054
71017,71033
71017,71054
71017,71068
71033,71054
71033,71068
71033,71072
71054,71068
71054,71072
71054,71087
71068,71072
71068,71087
71068,71089
71072,71087
71072,71089
71072,71121
71087,71089
71087,71121
71087,71126
71089,71126
71121,71126
71121,71171
71121,71175
71126,71171
71126,71175
71126,71210
71171,71175
71171,71210
71171,71243
71175,71210
71175,71243
71175,71251
71210,71243
71210,71251
71210,71265
71243,71251
71243,71265
71243,71267
71251,71265
71251,71267
71251,71275
71265,71267
71265,71275
71265,71283
71267,71275
71267,71283
71267,71292
71275,71292
71275,71296
71275,99400
71275,91027
71283,71292
71283,71296
71283,71312
71292,71296
71292,71312
71292,71316
71292,71706
71296,71312
71296,71316
71296,71336
71312,71316
71312,71336
71312,71343
71316,71336
71316,71343
71316,71348
71336,71343
71336,71348
71336,71359
71343,71359
71343,75194
71348,71386
71348,71389
71348,82537
71359,71386
71359,71389
71359,71403
71386,71389
71386,71403
71386,71419
71389,71403
71389,71419
71389,71421
71403,71419
71403,71421
71403,71447
71419,71421
71419,71447
71419,71464
71421,71447
71421,71464
71421,71468
71447,71464
71447,71468
71447,71481
71447,98822
71464,71468
71464,71481
71464,71503
71468,71481
71481,71503
71481,71508
71481,71511
71503,71508
71503,71511
71503,71523
71508,71511
71508,71523
71508,71527
71511,71523
71511,71537
71523,71527
71523,71537
71523,71545
71527,71537
71527,71545
71527,71587
71537,71545
71537,71587
71537,71614
71545,71587
71545,71614
71545,71622
71587,71614
71587,71622
71587,71624
71614,71624
71614,71640
71622,71624
71622,71640
71624,71640
71624,71654
71624,71683
71640,71654
71640,71683
71640,71685
71654,71685
71654,71698
71654,98633
71683,71685
71683,71698
71683,71706
71685,71706
71685,71710
71685,96445
71698,71706
71698,71710
71698,71728
71706,71728
71706,96305
71710,71728
71710,71754
71728,71747
71728,71754
71728,71771
71747,71754
71747,71771
71747,87107
71754,71771
71754,71799
71754,71846
71771,71799
71771,71846
71771,71855
71799,71846
71799,71855
71799,71869
71846,71855
71846,71869
71846,71886
71855,71869
71855,71886
71855,71887
71869,71886
71869,71887
71869,71891
71886,71887
71886,71891
71886,73807
71887,71891
71887,71896
71887,71898
71891,71896
71891,71898
71891,71912
71896,71898
71896,71912
71896,71932
71898,71912
71898,71932
71898,71958
71912,71932
71912,71958
71912,71964
71932,71958
71932,71964
71932,71973
71958,71964
71958,71973
71958,72004
71964,71973
71964,72004
71964,72037
71973,72004
71973,72037
71973,72061
72004,72037
72004,72061
72004,72077
72037,72077
72037,72081
72037,91160
72061,72077
72061,72081
72061,96425
72077,72081
72077,72125
72081,72099
72081,72125
72081,72129
72099,72129
72099,72167
72099,89666
72125,72129
72125,72167
72125,72183
72129,72183
72129,72188
72129,82835
72167,72183
72167,72188
72167,72193
72183,72188
72183,72193
72183,72206
72188,72193
72188,72206
72188,72221
72193,72206
72193,72221
72193,72242
72206,72221
72206,72242
72206,72269
72221,72242
72221,72269
72221,72272
72242,72269
72242,72272
72242,72278
72269,72272
72269,72278
72269,72286
72272,72278
72272,72286
72272,72297
72278,72297
72278,72307
72286,72297
72286,72307
72286,72309
72297,72307
72297,72309
72297,72326
72307,72309
72307,72326
72307,72333
72309,72326
72309,72333
72309,72351
72326,72333
72326,72351
72326,72408
72326,89707
72333,72351
72333,72408
72333,72414
72351,72408
72351,72414
72351,72431
72408,72414
72408,72431
72408,72479
72414,72431
72414,72485
72431,72479
72431,72485
72431,72495
72479,72485
72479,72495
72479,72505
72485,72495
72485,72505
72485,72518
72495,72505
72495,72532
72505,72565
72518,72532
72518,72565
72518,72577
72532,72565
72532,72577
72532,72602
72565,72577
72565,72602
72565,72611
72577,72602
72577,72611
72602,72611
72602,72634
72602,72642
72611,72634
72611,72642
72611,72654
72611,75359
72634,72642
72634,72654
72634,72657
72642,72654
72642,72657
72642,72673
72654,72657
72654,72673
72654,72678
72657,72673
72657,72678
72657,72688
72673,72678
72673,72691
72673,82612
72678,72688
72678,72692
72688,72691
72688,72692
72688,72728
72691,72692
72691,72728
72691,72753
72691,79833
72692,72728
72692,72753
72692,72756
72728,72756
72728,72761
72728,82409
72728,88032
72753,72756
72753,72761
72756,72761
72756,72763
72756,72794
72761,72763
72761,72794
72761,72801
72761,80246
72763,72794
72763,72801
72763,92681
72794,72827
72801,72803
72801,72827
72801,72843
72803,72827
72803,72843
72803,72864
72827,72843
72827,72864
72827,72908
72843,72864
72843,72908
72864,72908
72864,72912
72908,72934
72908,72936
72912,72936
72912,72938
72934,72936
72934,72945
72936,72938
72936,72945
72936,72947
72938,72945
72938,72947
72938,72997
72945,72947
72945,72997
72945,73007
72947,72997
72997,73007
72997,73020
72997,73047
73007,73020
73007,73047
73007,73064
73007,78987
73020,73047
73020,73064
73020,73079
73047,73079
73047,73100
73047,91906
73064,73079
73064,73100
73064,73101
73079,73101
73079,73105
73100,73101
73100,73105
73100,73112
73101,73105
73101,73112
73101,73118
73101,74367
73105,73112
73105,73118
73105,73123
73112,73118
73112,73123
73112,73140
73118,73123
73118,73140
73118,73143
73123,73140
73123,73182
73140,73182
73140,73184
73143,73182
73143,73184
73143,73197
73143,85575
73182,73184
73182,73197
73182,73261
73184,73197
73184,73261
73184,73264
73197,73261
73197,73264
73197,73270
73261,73264
73261,73278
73264,73270
73264,73278
73264,73280
73270,73278
73270,73280
73270,73298
73278,73280
73278,73298
73278,73316
73280,73298
73280,73316
73280,73330
73298,73316
73298,73330
73298,73351
73316,73330
73316,73351
73316,73392
73330,73351
73330,73392
73330,73398
73351,73392
73351,73398
73351,73447
73392,73398
73392,73447
73392,73467
73398,73447
73398,73481
73398,78358
73447,73467
73447,73481
73447,73482
73467,73481
73467,73482
73467,73494
73481,73482
73481,73494
73481,73496
73482,73494
73482,73496
73482,73519
73494,73496
73494,73519
73494,73547
73496,73547
73496,73553
73496,78660
73519,73547
73519,73553
73519,73560
73519,76923
73547,73553
73547,73560
73547,73592
73553,73560
73553,73592
73553,73604
73560,73592
73560,73604
73560,73605
73560,80221
73592,73604
73592,73605
73592,73661
73604,73605
73604,73661
73604,73684
73605,73661
73605,73693
73661,73684
73661,73693
73661,73717
73684,73693
73684,73717
73684,73738
73684,93517
73693,73717
73693,73738
73693,73740
73693,89358
73717,73738
73717,73740
73738,73740
73738,73744
73738,93469
73740,73744
73740,73747
73740,73774
73740,90539
73744,73774
73744,73775
73747,73774
73747,73775
73747,73791
73774,73775
73774,73791
73774,73796
73775,73791
73775,73796
73775,73807
73791,73796
73791,73807
73791,73812
73796,73807
73796,73812
73796,73838
73807,73838
73807,73853
73812,73838
73812,73853
73812,73876
73838,73853
73838,73884
73853,73876
73853,73884
73853,73903
73853,77176
73876,73884
73876,73903
73876,73949
73884,73903
73884,73949
73884,73962
73903,73949
73903,73962
73903,73984
73949,73984
73949,74015
73962,73984
73962,74015
73962,74037
73984,74015
73984,74044
74015,74037
74015,74044
74015,74107
74037,74107
74044,74107
74044,74109
74044,74113
74044,79463
74107,74109
74107,74113
74107,74124
74109,74113
74109,74124
74109,74125
74109,78516
74113,74124
74113,74151
74113,97641
74124,74125
74124,74151
74124,74165
74125,74151
74125,74165
74125,74169
74151,74165
74151,74169
74151,74188
74165,74169
74165,74188
74165,74227
74165,95518
74169,74188
74169,74227
74169,74259
74188,74227
74188,74259
74188,74267
74227,74259
74227,74267
74227,74292
74259,74267
74259,74367
74259,93301
74267,74367
74267,74370
74292,74370
74292,74380
74367,74370
74367,74380
74370,74426
74370,74447
74380,74426
74380,74447
74426,74447
74426,74464
74447,74471
74447,74495
74464,74471
74464,74495
74464,74497
74471,74495
74471,74497
74471,74514
74495,74497
74495,74538
74497,74514
74497,74538
74497,74541
74514,74538
74514,74541
74514,74564
74538,74564
74538,78305
74541,74598
74541,74611
74541,93197
74564,74598
74564,74611
74564,74616
74598,74611
74598,74616
74598,98044
74611,74616
74611,74627
74611,74638
74616,74627
74616,74638
74616,74652
74627,74638
74627,74652
74627,74660
74638,74652
74638,74660
74638,74746
74638,76286
74652,74746
74652,74760
74652,76038
74660,74746
74660,74760
74660,74765
74746,74760
74746,74765
74746,74780
74760,74765
74760,74780
74760,74836
74765,74780
74765,74836
74765,74846
74780,74836
74780,74846
74780,74887
74836,74846
74836,74887
74836,74889
74836,92374
74846,74887
74846,74889
74846,74902
74887,74889
74887,74902
74887,74912
74889,74902
74889,74912
74889,74921
74902,74912
74902,74921
74902,74923
74902,75630
74912,74921
74912,74923
74912,74930
74921,74923
74921,74930
74921,74964
74921,97925
74923,74930
74923,74964
74923,74966
74930,74964
74930,74966
74930,74970
74930,85208
74964,74966
74964,74970
74964,74974
74966,74970
74966,74974
74966,74997
74970,74997
74970,75013
74974,74997
74974,75013
74974,75086
74997,75086
74997,75134
75013,75086
75013,75134
75013,75151
75086,75134
75086,75151
75086,75193
75134,75151
75134,75193
75134,75194
75151,75193
75151,75194
75151,75209
75151,75453
75193,75194
75193,75209
75193,75213
75194,75213
75194,75246
75209,75213
75209,75246
75209,75252
75213,75252
75213,75284
75213,79929
75246,75252
75246,75284
75246,75337
75252,75337
75252,75346
75284,75337
75284,75346
75284,75351
75337,75346
75337,75351
75337,75359
75346,75359
75346,75360
75351,75359
75351,75360
75351,75364
75359,75360
75359,75364
75360,75364
75360,75386
75360,75453
75364,75386
75364,75467
75386,75467
75386,75470
75453,75470
75453,90396
75467,75470
75467,75477
75470,75486
75470,75531
75477,75486
75477,75531
75477,75537
75477,96334
75486,75531
75486,75537
75486,75540
75531,75537
75531,75540
75531,79405
75537,75540
75537,75552
75537,75562
75537,92359
75540,75552
75540,75562
75540,75618
75552,75562
75552,75625
75562,75618
75562,75625
75562,75630
75618,75625
75618,75630
75625,75630
75625,75635
75625,75638
75630,75635
75630,75638
75635,75638
75635,75725
75635,89006
75638,75677
75638,75764
75677,75725
75677,75765
75677,93554
75725,75765
75725,75800
75764,75765
75764,75800
75764,75810
75765,75800
75765,75810
75765,75812
75800,75812
75800,75829
75800,79667
75810,75829
75810,75833
75812,75829
75812,75833
75812,75872
75829,75833
75829,75872
75829,75876
75833,75872
75833,75889
75872,75876
75872,75889
75872,75913
75876,75913
75876,75915
75889,75913
75889,75915
75913,75915
75913,75952
75913,75956
75915,75952
75915,75956
75915,75967
75952,75956
75952,75967
75952,75968
75956,75967
75956,75968
75956,75988
75967,75968
75967,75988
75967,75991
75968,75988
75968,75991
75968,76030
75988,75991
75988,76030
75988,76038
75991,76030
75991,76038
75991,76043
76030,76038
76030,76043
76030,76056
76038,76043
76038,76056
76038,76062
76043,76056
76043,76062
76043,76074
76056,76074
76056,76102
76062,76074
76062,76102
76062,76117
76074,76102
76074,76117
76074,76152
76102,76117
76102,76152
76102,76155
76117,76152
76117,76155
76117,76178
76152,76155
76152,76178
76152,76180
76155,76180
76155,76237
76178,76180
76178,76237
76178,76269
76180,76237
76180,76269
76180,76286
76237,76269
76237,76286
76237,76289
76269,76286
76269,76289
76269,76303
76286,76289
76286,76303
76289,76303
76289,76313
76289,76327
76303,76313
76303,76327
76303,76328
76313,76327
76313,76328
76313,76331
76327,76328
76327,76331
76327,76367
76328,76367
76328,76402
76331,76367
76331,76402
76331,76408
76367,76402
76367,76408
76367,76412
76402,76408
76402,76412
76402,76431
76408,76412
76408,76431
76408,76442
76408,88371
76412,76442
76412,76452
76431,76442
76431,76452
76431,76472
76442,76452
76442,76472
76442,76535
76452,76472
76452,76535
76472,76535
76472,76536
76472,76546
76535,76536
76535,76546
76536,76546
76536,76595
76536,76631
76546,76595
76546,76631
76546,76646
76595,76631
76595,76646
76595,76654
76631,76646
76631,76654
76631,76693
76646,76654
76646,76693
76646,76715
76654,76693
76654,76715
76654,76717
76693,76715
76693,76717
76693,76753
76715,76753
76715,76932
76717,76753
76717,76762
76717,76799
76753,76762
76753,76799
76753,95094
76762,76799
76762,76833
76762,76854
76799,76833
76799,76854
76799,76867
76833,76854
76833,76867
76833,76917
76854,76867
76854,76917
76854,76923
76867,76917
76867,76923
76867,76932
76917,76923
76917,76932
76917,76944
76923,76932
76923,76956
76932,76944
76932,76973
76932,79381
76944,76956
76944,76973
76944,76986
76956,76973
76956,76986
76956,76996
76973,76986
76973,76996
76973,77000
76986,76996
76986,77000
76986,77005
76996,77000
76996,77005
76996,77014
77000,77005
77000,77014
77000,77024
77005,77014
77005,77024
77014,77024
77014,77030
77014,77069
77024,77030
77024,77069
77024,77073
77030,77069
77030,77073
77030,77099
77069,77073
77069,77099
77069,77100
77073,77099
77073,77100
77073,77109
77073,79325
77099,77100
77099,77109
77099,77133
77100,77109
77100,77133
77100,77155
77109,77133
77109,77155
77109,77176
77133,77155
77133,77176
77133,77199
77155,77176
77155,77199
77155,77205
77176,77199
77176,77205
77199,77205
77199,77206
77199,77227
77205,77206
77205,77227
77205,77231
77206,77227
77206,77231
77206,77233
77227,77231
77227,77233
77227,77252
77231,77233
77231,77252
77231,77263
77231,89942
77233,77252
77233,77285
77252,77263
77252,77285
77252,77314
77263,77285
77263,77314
77263,77317
77285,77314
77285,77317
77285,77320
77314,77317
77314,77320
77314,77352
77317,77320
77317,77352
77317,77377
77320,77352
77320,77377
77320,77401
77352,77377
77352,77401
77352,77405
77377,77401
77377,77405
77377,95830
77401,77405
77401,77492
77401,77506
77405,77492
77405,77506
77405,77543
77492,77506
77492,77543
77492,77544
77506,77544
77506,77547
77543,77544
77543,77547
77543,77558
77544,77547
77544,77558
77544,77568
77547,77568
77547,77577
77558,77568
77558,77577
77558,77579
77568,77577
77568,77579
77568,77632
77577,77679
77577,96584
77579,77632
77579,77679
77579,77743
77579,80480
77632,77679
77632,77743
77632,77772
77679,77743
77679,77793
77743,77772
77743,77793
77743,77818
77772,77793
77772,77818
77772,77839
77793,77818
77793,77839
77793,77857
77818,77839
77818,77857
77818,77863
77839,77857
77839,77863
77839,77878
77857,77878
77857,77894
77857,82015
77857,95761
77863,77878
77863,77894
77863,77898
77878,77894
77878,77898
77878,77919
77894,77898
77894,77919
77894,77923
77898,77919
77898,77923
77898,77931
77919,77923
77919,77931
77919,77940
77923,77931
77923,77940
77923,77946
77931,77940
77931,77946
77931,77979
77940,77946
77940,77979
77940,77984
77946,77979
77946,77984
77979,77984
77979,77994
77979,77996
77984,77994
77984,78015
77984,80135
77994,77996
77994,78015
77994,78064
77996,78015
77996,78064
77996,78067
78015,78064
78015,78067
78015,78068
78064,78067
78064,78068
78064,78073
78067,78068
78067,78073
78067,78088
78068,78073
78068,78088
78068,78106
78073,78088
78073,78106
78073,78142
78088,78106
78088,78142
78088,78151
78106,78142
78106,95740
78142,78151
78142,78217
78142,78262
78151,78217
78151,78273
78217,78262
78217,78273
78217,78281
78262,78273
78262,78281
78262,78295
78273,78281
78273,78295
78273,78297
78281,78297
78281,78299
78281,80431
78295,78297
78295,78299
78295,78302
78297,78299
78297,78302
78297,78303
78299,78302
78299,78303
78299,78305
78302,78303
78302,78305
78302,78307
78303,78305
78303,78307
78303,78313
78305,78313
78305,78317
78307,78321
78307,82104
78307,87449
78313,78317
78313,78331
78313,91261
78317,78321
78317,78331
78317,78358
78321,78331
78321,78358
78321,78365
78331,78358
78331,78365
78331,78378
78358,78378
78358,78433
78358,80271
78358,92600
78365,78378
78365,78433
78365,78456
78378,78433
78378,78456
78378,78485
78433,78456
78433,78485
78433,78498
78456,78498
78456,78513
78485,78513
78485,78516
78498,78513
78498,78516
78498,78544
78513,78516
78513,78544
78513,78561
78516,78544
78516,78563
78544,78561
78544,78563
78544,78580
78561,78563
78561,78580
78561,78614
78563,78614
78563,78621
78563,83827
78580,78614
78580,78621
78580,78622
78614,78621
78614,78622
78614,78627
78621,78622
78621,78627
78622,78627
78622,78648
78627,78648
78627,78650
78627,78651
78648,78650
78648,78660
78650,78651
78650,78660
78651,78660
78651,78702
78660,78702
78660,78727
78660,78740
78702,78727
78702,78740
78702,78745
78727,78740
78727,78745
78727,78748
78740,78745
78740,78762
78745,78748
78745,78762
78745,78764
78748,78762
78748,78764
78748,78783
78762,78764
78762,78783
78762,78788
78764,78783
78764,78788
78764,78790
78764,90090
78783,78788
78783,78790
78783,78797
78788,78790
78788,78797
78788,78810
78790,78810
78790,82309
78797,78810
78797,78829
78797,78854
78810,78829
78810,78854
78810,78856
78829,78854
78829,78856
78829,78865
78854,78856
78854,78865
78854,78894
78856,78865
78856,78894
78856,78897
78865,78894
78865,78897
78865,78907
78894,78897
78894,78907
78894,78910
78897,78907
78897,78910
78897,78939
78907,78910
78907,78939
78907,78949
78910,78939
78939,78949
78939,78976
78939,78987
78949,78976
78949,78987
78976,78987
78976,79022
78976,79047
78976,96113
78987,79022
79022,79047
79022,79069
79022,79076
79047,79076
79047,79130
79069,79076
79069,79130
79069,79132
79076,79130
79076,79132
79130,79132
79130,79135
79130,79152
79132,79135
79132,79152
79132,79155
79135,79152
79135,79155
79152,79155
79152,79172
79152,79209
79155,79172
79155,79209
79155,79221
79172,79209
79172,79221
79172,79223
79209,79223
79209,79225
79221,79223
79221,79225
79221,79244
79223,79225
79223,79244
79223,79246
79225,79244
79225,79246
79225,79253
79244,79246
79244,79253
79244,79290
79246,79253
79246,79297
79253,79290
79253,79297
79290,79297
79290,79304
79290,79314
79297,79304
79297,79314
79297,79325
79304,79314
79304,79325
79304,79344
79314,79325
79314,79344
79314,79354
79325,79354
79325,79364
79344,79354
79344,79364
79344,79381
79354,79364
79354,79381
79354,79385
79364,79385
79364,79393
79381,79385
79381,79393
79381,79399
79385,79399
79385,79405
79393,79412
79393,84240
79399,79405
79399,79412
79399,79445
79405,79412
79405,79449
79412,79445
79412,79449
79412,79463
79445,79449
79445,79463
79445,79473
79449,79463
79449,79473
79463,79554
79473,79531
79473,79554
79473,79560
79531,79554
79531,79560
79531,79580
79554,79560
79554,79580
79554,79610
79560,79580
79560,79610
79560,87042
79560,81545
79580,79610
79580,79623
79580,79644
79610,79623
79610,79644
79610,79655
79623,79644
79623,79655
79623,79665
79623,81539
79644,79655
79644,79665
79644,79667
79655,79665
79655,79667
79655,79669
79665,79667
79665,79669
79665,79996
79667,79669
79667,79680
79667,95892
79669,79680
79669,79755
79669,79765
79680,79755
79680,79765
79755,79765
79755,79833
79755,79845
79765,79833
79765,79845
79765,79869
79833,79845
79833,79876
79845,79869
79845,79876
79845,93476
79869,79876
79869,79920
79876,79884
79876,79920
79876,79929
79884,79920
79884,79929
79884,79932
79920,79929
79920,79932
79920,79975
79929,79975
79929,79986
79932,79975
79932,79986
79932,79988
79975,79989
79986,79988
79986,79989
79988,79989
79988,79996
79988,80016
79989,79996
79989,80016
79989,80024
79996,80016
79996,80024
79996,80037
80016,80037
80016,80064
80016,94864
80024,80037
80024,80064
80024,91853
80037,80064
80037,80074
80037,80086
80064,80074
80064,80086
80064,80099
80074,80086
80074,80099
80074,80115
80086,80099
80086,80115
80086,80135
80099,80115
80099,80135
80099,95635
80115,80181
80135,80181
80135,80185
80135,80214
80181,80185
80181,80214
80181,80221
80185,80221
80185,80246
80214,80221
80214,80246
80214,80249
80221,80249
80221,80263
80246,80263
80246,80271
80249,80263
80249,80271
80249,80291
80263,80271
80263,80291
80263,80295
80271,80291
80271,80295
80271,80323
80291,80295
80291,80323
80291,80338
80295,80323
80295,80368
80323,80338
80323,80368
80323,80373
80338,80368
80338,80373
80338,80431
80368,80373
80368,80431
80368,80455
80373,80431
80373,80455
80373,80480
80431,80455
80431,80480
80431,80488
80455,80480
80455,80488
80455,80497
80480,80488
80480,80497
80488,80497
80488,80532
80488,81623
80497,80523
80497,80532
80497,80542
80523,80532
80523,80542
80523,80549
80532,80542
80532,80549
80532,80550
80542,80549
80542,80550
80542,80578
80549,80550
80549,80578
80549,80595
80550,80578
80578,80595
80578,80596
80578,80615
80595,80596
80595,80615
80596,80615
80596,80628
80596,89666
80615,80642
80615,80644
80628,80642
80628,80644
80628,80652
80642,80644
80642,80652
80642,80663
80644,80652
80644,80663
80644,94918
80652,80663
80652,80696
80652,80714
80663,80696
80663,80714
80663,80745
80696,80745
80696,80756
80714,80756
80714,80767
80714,81198
80745,80756
80745,80767
80745,80816
80756,80767
80756,80816
80756,80825
80767,80816
80767,80825
80767,80828
80816,80825
80816,80828
80816,80837
80825,80837
80825,97169
80828,80837
80828,80878
80828,80895
80837,80878
80837,93989
80878,80895
80878,80960
80895,80960
80895,80994
80897,80960
80897,80994
80960,80994
80960,81014
80994,81014
80994,81048
81000,81014
81000,81048
81000,81087
81014,81048
81014,81087
81014,81106
81048,81087
81048,81106
81048,81123
81087,81106
81087,81123
81087,81142
81106,81123
81106,81142
81106,81150
81123,81142
81123,81150
81123,81152
81142,81150
81142,81198
81142,89202
81150,81152
81150,81198
81150,81199
81152,81198
81152,81199
81152,81225
81198,81199
81198,81225
81198,81229
81199,81225
81199,81229
81199,81277
81225,81229
81225,81277
81225,81279
81229,81277
81229,81279
81229,81280
81277,81279
81277,81280
81277,81287
81277,93202
81279,81280
81279,81287
81279,81289
81280,81287
81280,81289
81287,81289
81287,81308
81287,81335
81289,81308
81289,81335
81289,81336
81308,81335
81308,81336
81308,81372
81335,81336
81335,81372
81336,81372
81336,81380
81336,81399
81372,81380
81372,81399
81372,89633
81380,81399
81380,81413
81380,81414
81399,81413
81399,81414
81399,81424
81413,81414
81413,81424
81413,81446
81414,81424
81414,81446
81414,81448
81424,81446
81424,81474
81446,81448
81446,81474
81446,81487
81448,81474
81448,81487
81448,81531
81474,81487
81474,81531
81474,81539
81487,81531
81487,81539
81531,81539
81531,81540
81531,87673
81539,81540
81539,81547
81540,81545
81540,81547
81540,81549
81545,81547
81545,81549
81547,81549
81547,81623
81547,81641
81549,81641
81549,81660
81549,89453
81623,81641
81623,81716
81641,81660
81641,81716
81641,81728
81660,81716
81660,81728
81660,81781
81716,81728
81716,81781
81716,81795
81728,81781
81728,81795
81728,81798
81781,81795
81781,81798
81781,88988
81795,81798
81795,81802
81798,81802
81798,81805
81798,81831
81802,81805
81802,81831
81802,81854
81805,81831
81805,81854
81805,81857
81831,81854
81831,81857
81831,81869
81854,81857
81854,81869
81854,81875
81857,81869
81857,81875
81857,81877
81869,81875
81869,81877
81869,81917
81875,81877
81875,81917
81875,81921
81877,81917
81877,81921
81877,81959
81917,81921
81917,81959
81917,81981
81921,81959
81921,81981
81921,81982
81959,81981
81959,81982
81959,82010
81981,82010
81981,82015
81981,98087
81982,82010
81982,82015
81982,82047
82010,82015
82010,82047
82010,82057
82015,82057
82015,82069
82047,82057
82047,82069
82047,82070
82057,82069
82057,82070
82057,82086
82069,82070
82069,82086
82069,82104
82070,82104
82070,82215
82086,82104
82086,82232
82104,82215
82104,82232
82104,82236
82104,88202
82215,82232
82215,82236
82215,82239
82232,82236
82232,82239
82232,82243
82236,82239
82236,82243
82236,82244
82239,82243
82239,82244
82239,82279
82243,82244
82243,82279
82243,82309
82244,82279
82244,82309
82244,82314
82279,82309
82279,82314
82279,82323
82309,82314
82309,82323
82309,82333
82314,82323
82314,82333
82314,82342
82323,82333
82323,82342
82323,82363
82333,82342
82333,82363
82333,82374
82342,82363
82342,82392
82363,82374
82363,82392
82363,82409
82374,82392
82374,82409
82374,82448
82374,99462
82392,82409
82392,82448
82392,82481
82409,82448
82409,82481
82409,82484
82448,82481
82448,82484
82448,82537
82481,82484
82481,82537
82481,82576
82484,82537
82484,82579
82537,82576
82537,82579
82537,82599
82576,82579
82576,82599
82576,82612
82579,82599
82579,82612
82579,82651
82599,82651
82599,82661
82612,82651
82612,82661
82612,82692
82651,82661
82651,82692
82651,82695
82661,82692
82661,82695
82661,82729
82692,82729
82692,82740
82692,93254
82695,82729
82695,82740
82695,82743
82729,82740
82729,85292
82740,82743
82740,82747
82740,82761
82743,82747
82743,82761
82743,82790
82747,82761
82747,82790
82747,82819
82761,82790
82761,82819
82790,82819
82790,82828
82790,82835
82819,82828
82819,82835
82819,82861
82828,82835
82828,82861
82828,82913
82835,82861
82835,82913
82835,82922
82861,82913
82861,82942
82913,82922
82913,82942
82913,82944
82922,82942
82922,82944
82922,82947
82942,82944
82942,82947
82942,82983
82944,82947
82944,82983
82944,82985
82947,82983
82947,82985
82947,82989
82983,82985
82983,82989
82983,83007
82985,82989
82985,83007
82985,83057
82989,83007
82989,83057
82989,83059
83007,83057
83007,83061
83007,92482
83057,83059
83057,83061
83057,83070
83059,83061
83059,83109
83061,83109
83061,83116
83070,83109
83070,83116
83070,83136
83109,83116
83109,83136
83109,83137
83116,83136
83116,83149
83136,83137
83136,83149
83136,83161
83137,83149
83137,83161
83137,83166
83149,83161
83149,83166
83149,83173
83161,83166
83161,83223
83166,83173
83166,83223
83166,83231
83173,83223
83173,83231
83173,83234
83223,83231
83223,83234
83223,83237
83231,83234
83231,83237
83231,83238
83234,83237
83234,83238
83234,83301
83237,83238
83237,83301
83237,83307
83237,93254
83238,83301
83238,83307
83238,83315
83301,83307
83301,83315
83301,83330
83307,83315
83307,83330
83307,83348
83315,83330
83315,83348
83315,83379
83330,83348
83330,83379
83330,83431
83348,83379
83348,83431
83348,83437
83348,84484
83379,83431
83379,83437
83379,83443
83431,83437
83431,83443
83431,83448
83437,83443
83437,83448
83437,83465
83443,83448
83443,83465
83443,83519
83448,83465
83448,83519
83448,83547
83465,83519
83465,83547
83465,83569
83465,89319
83519,83547
83519,83569
83519,83570
83547,83569
83547,83570
83547,83592
83569,83592
83569,83601
83570,83592
83570,83601
83570,83608
83592,83601
83592,83608
83592,83618
83592,91878
83601,83608
83601,83618
83601,83636
83608,83618
83608,83636
83608,83687
83618,83636
83618,83687
83636,83687
83636,83694
83636,83695
83687,83694
83687,83695
83687,83699
83694,83695
83694,83699
83694,83730
83695,83699
83695,83730
83695,83743
83699,83743
83699,83763
83699,89343
83730,83743
83730,83763
83730,83770
83743,83763
83743,83770
83763,83770
83763,83821
83763,83827
83770,83821
83770,83827
83770,83832
83821,83827
83821,83832
83821,83840
83821,85323
83827,83832
83827,83840
83827,83880
83832,83840
83832,83884
83840,83880
83840,83884
83840,83920
83880,83884
83880,83920
83880,98280
83884,83920
83884,83933
83884,83943
83920,83933
83920,83943
83933,83943
83933,83967
83933,84014
83943,83967
83943,84021
83967,84014
83967,84021
83967,84040
84014,84021
84014,84040
84014,84046
84021,84040
84021,84046
84021,84083
84040,84046
84040,84083
84040,84098
84046,84083
84046,84098
84046,84104
84083,84098
84083,84104
84083,84107
84098,84104
84098,84107
84098,84130
84104,84107
84104,84130
84104,84154
84107,84130
84107,84154
84107,84166
84130,84154
84130,84166
84130,84167
84154,84166
84154,84167
84154,84170
84166,84167
84166,84170
84166,84216
84167,84170
84167,84238
84167,96661
84170,84216
84170,84238
84170,84240
84216,84238
84216,84240
84216,84245
84238,84240
84238,84245
84238,84260
84240,84245
84240,84260
84240,84272
84245,84260
84245,84272
84245,84291
84260,84272
84260,84291
84260,84302
84272,84302
84272,84319
84291,84302
84291,84319
84302,84319
84302,84320
84302,84322
84319,84320
84319,84322
84320,84322
84320,84332
84320,84336
84322,84332
84322,84336
84322,84344
84332,84336
84332,84349
84336,84344
84336,84349
84336,84360
84344,84349
84344,84360
84344,84433
84349,84360
84349,84433
84349,84434
84360,84433
84360,84434
84360,84467
84433,84434
84433,84467
84433,84484
84434,84467
84434,84489
84467,84484
84467,84489
84467,84514
84484,84489
84484,96421
84489,84514
84489,84518
84489,84525
84514,84518
84514,84525
84514,84536
84518,84525
84518,84536
84518,84547
84525,84536
84525,84547
84536,84549
84536,84566
84547,84549
84547,84566
84547,84579
84549,84566
84549,84579
84549,84627
84566,84579
84566,84627
84566,84644
84579,84627
84579,84644
84579,84678
84627,84644
84627,84688
84644,84678
84644,84688
84644,84738
84678,84688
84678,84738
84678,84744
84688,84738
84688,84744
84688,84763
84738,84744
84738,84763
84738,84769
84744,84763
84744,84769
84744,84789
84763,84769
84763,84789
84763,84807
84769,84807
84769,84812
84789,84807
84789,84812
84789,84831
84807,84812
84807,84831
84807,84832
84812,84831
84812,84832
84812,84890
84812,92777
84812,98701
84831,84832
84831,84890
84831,84893
84832,84890
84832,84893
84832,84894
84890,84893
84890,84894
84890,84919
84893,84894
84893,84919
84894,84919
84894,84971
84919,84923
84919,84971
84919,84991
84923,84971
84923,85025
84923,91200
84971,84991
84971,85025
84971,85036
84991,85025
84991,85036
85025,85077
85025,98044
85036,85045
85036,85077
85036,85130
85045,85077
85045,85130
85045,85140
85077,85130
85077,85140
85077,85145
85130,85140
85130,85145
85130,85149
85130,86081
85140,85145
85140,85149
85140,85154
85145,85149
85145,85154
85149,85154
85149,85161
85149,85198
85154,85161
85154,85198
85154,85208
85161,85198
85161,85208
85161,85220
85198,85208
85198,85220
85198,85241
85208,85220
85208,85241
85220,85241
85220,85253
85220,85283
85241,85253
85241,85283
85253,85283
85253,85292
85253,85295
85283,85292
85283,85295
85283,85314
85292,85295
85292,85314
85292,85323
85295,85314
85295,85323
85295,85327
85314,85323
85314,85327
85314,85377
85323,85327
85323,85393
85327,85377
85327,85393
85327,85400
85377,85400
85377,95994
85393,85400
85393,85412
85393,85418
85400,85412
85400,85418
85400,85420
85412,85420
85412,85425
85418,85420
85418,85425
85418,85427
85420,85425
85420,85427
85425,85427
85425,85440
85425,85454
85427,85440
85427,85454
85427,85458
85440,85454
85440,89691
85440,94618
85454,85458
85454,85470
85454,85477
85458,85470
85458,85477
85458,85478
85470,85477
85470,85480
85477,85478
85477,85480
85477,85529
85478,85480
85478,85529
85478,85538
85480,85529
85480,85538
85480,85541
85529,85538
85529,85541
85529,85564
85538,85541
85538,85564
85538,85575
85541,85564
85541,85575
85541,85592
85564,85592
85564,85647
85564,87132
85575,85647
85575,85668
85592,85647
85592,85668
85647,85668
85647,85694
85647,85695
85668,85694
85668,85695
85668,85734
85694,85734
85694,85739
85694,94370
85695,85734
85695,85739
85734,85739
85734,85750
85734,85763
85739,85750
85739,85763
85739,85780
85739,99993
85750,85763
85750,85780
85750,85791
85750,91607
85763,85780
85763,85791
85763,85799
85780,85791
85780,85799
85780,85829
85791,85799
85791,85829
85791,85862
85799,85829
85799,85884
85829,85862
85829,85884
85829,85929
85862,85884
85862,85929
85862,85957
85884,85929
85884,85957
85884,85981
85929,85957
85929,85981
85929,85997
85957,85981
85957,85997
85957,86031
85981,85997
85981,86031
85981,86039
85997,86031
85997,86039
85997,86048
86031,86039
86031,86048
86031,86054
86039,86048
86039,86054
86039,86065
86048,86054
86048,86065
86048,86071
86054,86065
86054,86071
86054,86081
86065,86071
86065,86081
86065,98488
86071,86081
86071,86101
86071,86121
86081,86101
86081,86121
86101,86121
86101,86151
86101,86161
86121,86161
86151,86161
86151,86184
86161,86168
86161,86184
86168,86184
86168,86200
86168,86201
86184,86200
86184,86201
86184,86203
86200,86201
86200,86203
86200,86212
86201,86203
86201,86212
86201,86235
86201,95949
86203,86212
86203,86235
86203,86239
86212,86235
86212,86239
86212,86261
86235,86239
86235,86261
86235,86262
86239,86261
86239,86262
86239,86314
86261,86262
86261,86314
86262,86314
86262,86325
86262,86328
86314,86325
86314,86328
86314,86356
86325,86328
86325,86356
86325,86381
86328,86356
86328,86381
86328,86410
86356,86381
86356,86410
86356,86421
86381,86410
86381,86421
86381,86433
86410,86433
86410,86448
86421,86433
86421,86448
86421,86473
86433,86473
86433,86482
86448,86473
86448,86482
86448,86541
86473,86482
86473,86541
86473,86561
86482,86541
86482,86563
86541,86561
86541,86563
86541,86591
86561,86563
86561,86591
86561,86592
86563,86591
86563,86592
86563,86613
86591,86613
86591,86662
86592,86613
86592,86662
86592,86674
86613,86662
86613,86674
86613,86690
86613,89610
86662,86674
86662,86690
86662,86695
86674,86690
86674,86695
86674,86726
86690,86695
86690,86726
86690,86727
86695,86726
86695,86727
86695,86745
86726,86727
86726,86745
86726,86769
86727,86745
86727,86769
86727,86775
86745,86769
86745,86775
86745,86794
86769,86775
86769,86794
86769,86822
86775,86794
86775,86822
86775,86834
86794,86822
86794,86834
86794,86844
86794,94106
86822,86844
86822,86888
86834,86844
86834,86888
86834,86899
86844,86888
86844,86910
86888,86899
86888,86910
86888,86926
86899,86910
86899,86926
86899,86930
86910,86926
86910,86930
86910,86948
86926,86930
86926,86948
86926,86969
86930,86948
86930,86973
86948,86973
86948,86995
86948,93339
86969,86973
86969,86995
86969,87023
86973,86995
86973,87023
86973,87029
86995,87023
86995,87029
86995,87042
87023,87042
87023,87053
87029,87042
87029,87053
87029,87107
87042,87053
87042,87107
87042,87132
87053,87107
87053,87132
87053,87140
87107,87140
87107,87162
87132,87140
87132,87162
87140,87173
87140,87199
87140,94918
87162,87173
87162,87199
87162,87211
87173,87199
87173,87211
87173,87223
87199,87211
87199,87223
87199,87254
87211,87223
87211,87254
87211,87262
87211,88669
87223,87254
87223,87262
87223,87285
87254,87285
87254,87371
87262,87285
87262,87371
87262,87373
87285,87371
87285,87373
87285,87386
87371,87373
87371,87392
87373,87386
87373,87392
87373,87404
87386,87392
87386,87404
87386,87420
87392,87404
87392,87420
87392,87439
87404,87420
87404,87439
87404,87447
87420,87439
87420,87447
87420,87449
87439,87447
87439,87449
87439,87455
87447,87449
87447,87455
87447,87473
87449,87455
87449,87473
87449,87476
87455,87476
87455,87482
87473,87476
87473,87482
87473,87507
87476,87482
87476,87507
87476,87530
87482,87507
87482,87530
87482,87593
87507,87530
87507,87593
87530,87593
87530,87619
87593,87619
87593,87628
87619,87628
87619,87637
87619,87640
87628,87637
87628,87640
87628,87673
87637,87640
87637,87673
87637,87684
87640,87673
87640,87684
87640,87692
87673,87684
87673,87692
87673,98300
87684,87692
87684,87753
87692,87753
87692,87768
87692,87770
87753,87768
87753,87770
87753,87797
87768,87814
87768,96661
87770,87797
87770,87814
87797,87814
87797,87857
87797,87893
87814,87857
87814,87893
87814,87906
87857,87893
87857,87906
87893,87906
87893,87910
87893,87924
87906,87910
87906,87924
87910,87924
87910,87944
87924,87944
87924,87997
87924,88032
87944,87997
87944,88032
87944,88048
87997,88032
87997,88048
87997,88058
88032,88048
88032,88058
88048,88058
88048,88128
88048,88150
88058,88128
88058,88150
88058,88163
88128,88150
88128,88163
88128,88177
88150,88163
88150,88177
88150,88181
88163,88177
88163,88181
88163,88183
88177,88181
88177,88183
88177,88202
88181,88183
88181,88202
88181,88211
88183,88202
88183,88211
88183,88241
88202,88241
88202,88254
88211,88241
88211,88254
88211,88361
88241,88254
88241,88361
88241,88363
88254,88361
88254,88363
88254,88371
88361,88363
88361,88371
88361,88388
88363,88371
88363,88388
88363,88400
88371,88400
88371,88433
88388,88400
88388,88433
88400,88433
88400,88450
88400,88453
88433,88453
88433,88462
88450,88453
88450,88462
88450,88469
88453,88462
88453,88469
88453,88525
88462,88469
88462,88525
88462,88534
88469,88525
88469,88534
88525,88534
88525,88622
88525,88626
88534,88622
88534,88626
88622,88626
88622,88642
88622,88648
88626,88642
88626,88648
88626,88669
88642,88648
88642,88669
88642,88670
88648,88669
88648,88680
88669,88670
88669,88688
88670,88680
88670,88688
88670,88707
88680,88688
88680,88707
88680,88721
88688,88707
88688,88721
88688,88789
88707,88721
88707,88789
88721,88789
88721,88792
88721,88819
88789,88792
88789,88820
88792,88819
88792,88820
88792,88877
88819,88820
88819,88877
88819,88915
88820,88877
88820,88915
88820,88932
88877,88915
88877,88932
88877,88937
88915,88932
88915,88937
88915,88976
88932,88937
88932,88976
88932,88986
88937,88976
88937,88986
88937,88988
88976,88986
88976,89000
88986,88988
88986,89000
88986,89006
88988,89000
88988,89006
88988,89024
89000,89006
89000,89024
89000,89031
89006,89024
89006,89031
89006,89069
89024,89031
89024,89074
89031,89069
89031,89074
89031,89083
89069,89074
89069,89083
89069,89116
89074,89083
89074,89116
89083,89116
89116,89421
89124,89135
89124,89143
89124,89154
89135,89143
89135,89154
89135,89155
89143,89154
89143,89155
89143,89172
89154,89155
89154,89172
89154,89185
89155,89172
89155,89189
89172,89185
89172,89189
89172,89194
89185,89189
89185,89194
89185,89202
89189,89194
89189,89202
89189,89240
89194,89202
89194,89240
89202,89240
89202,89271
89202,89281
89240,89271
89240,89281
89240,89283
89271,89281
89271,89283
89271,89319
89281,89283
89281,89319
89281,89329
89283,89329
89283,89337
89319,89329
89319,89337
89329,89337
89329,89343
89337,89343
89337,89352
89343,89352
89352,89356
89352,89357
89352,89358
89356,89357
89356,89358
89356,89366
89357,89358
89357,89366
89357,89373
89358,89366
89358,89399
89366,89373
89366,89399
89366,89403
89373,89399
89373,89403
89373,89421
89399,89403
89399,89421
89399,89423
89403,89421
89403,89423
89403,89430
89421,89423
89421,89430
89421,89453
89423,89430
89423,89453
89423,89485
89430,89453
89430,89485
89430,89490
89453,89485
89453,89490
89453,89502
89485,89490
89485,89502
89485,89582
89490,89502
89490,89582
89490,89585
89502,89602
89582,89585
89582,89602
89582,89610
89585,89602
89585,89610
89585,89622
89602,89610
89602,89622
89602,89633
89610,89622
89610,89660
89622,89633
89622,89660
89622,89666
89633,89687
89660,89666
89660,89687
89660,89691
89666,89687
89666,89691
89687,89707
89687,89712
89691,89707
89691,89712
89691,89716
89707,89712
89707,89716
89712,89716
89712,89726
89712,89750
89716,89726
89716,89750
89716,89755
89726,89750
89726,89755
89726,89759
89750,89755
89750,89759
89755,89759
89755,89768
89755,89782
89759,89768
89759,89782
89759,89794
89768,89782
89768,89794
89768,89805
89782,89794
89782,89805
89782,89829
89794,89805
89794,89829
89794,89871
89805,89829
89805,89871
89805,89890
89829,89871
89829,89890
89829,89941
89871,89890
89871,89941
89871,89942
89890,89941
89890,89942
89941,89942
89941,89944
89941,89946
89942,89946
89944,89946
89944,89952
89944,89963
89946,89952
89946,89963
89946,89988
89952,89963
89952,89988
89952,90009
89963,89988
89963,90009
89963,90033
89988,90009
89988,90033
89988,90065
90009,90033
90009,90065
90009,90068
90033,90065
90033,90068
90033,90090
90065,90068
90065,90090
90065,91400
90068,90121
90068,90136
90090,90136
90090,90143
90121,90143
90121,90207
90136,90143
90136,90207
90136,90217
90143,90207
90143,90217
90143,90223
90207,90217
90207,90223
90207,90225
90217,90223
90217,90225
90217,90236
90223,90225
90223,90236
90223,90286
90225,90236
90225,90286
90225,90287
90236,90286
90236,90287
90236,90289
90286,90289
90286,90300
90287,90289
90287,90300
90287,90303
90289,90300
90289,90303
90289,90311
90289,95507
90300,90303
90300,90311
90300,90331
90303,90311
90303,90331
90303,90375
90311,90331
90311,90375
90311,90379
90331,90375
90331,90379
90375,90379
90375,90392
90375,90396
90379,90392
90379,90396
90379,90416
90392,90396
90392,90416
90392,90418
90396,90416
90396,90418
90396,90473
90416,90418
90416,90486
90418,90473
90418,90486
90418,90490
90473,90486
90473,90490
90473,90499
90486,90490
90486,90510
90486,91147
90490,90510
90490,90530
90499,90510
90499,90530
90499,90539
90510,90530
90510,90539
90510,90595
90530,90539
90530,90595
90530,90673
90539,90595
90539,90673
90595,90673
90595,90675
90595,90710
90673,90710
90673,90716
90675,90710
90675,90716
90675,90747
90710,90747
90710,90782
90716,90747
90716,90782
90716,90817
90747,90782
90747,90817
90747,90843
90782,90817
90782,90843
90782,90845
90817,90843
90817,90845
90843,90845
90843,90867
90843,90868
90845,90867
90845,90868
90845,90873
90867,90868
90867,90873
90867,90890
90868,90873
90868,90890
90868,90892
90873,90890
90873,90892
90873,90900
90890,90892
90890,90900
90890,90901
90892,90900
90892,90901
90892,90923
90900,90901
90900,90923
90900,90924
90901,90923
90901,90957
90923,90924
90923,90957
90923,90997
90924,90957
90924,90997
90924,91027
90957,90997
90957,91027
90957,91034
90997,91027
90997,91034
90997,91071
91027,91071
91027,91077
91034,91071
91034,91077
91071,91077
91071,91079
91071,91147
91077,91079
91077,91147
91077,91160
91079,91147
91079,91160
91079,91167
91147,91160
91147,91167
91147,91169
91160,91167
91160,91169
91160,91178
91167,91178
91167,91200
91169,91178
91169,91200
91169,91205
91178,91200
91178,91205
91178,91219
91200,91205
91200,91219
91200,91226
91205,91219
91205,91226
91205,91260
91219,91226
91219,91260
91219,91261
91226,91260
91226,91261
91226,91277
91260,91261
91260,91277
91260,91284
91261,91277
91261,91297
91277,91284
91277,91297
91277,91299
91284,91297
91284,91299
91284,91333
91297,91299
91297,91333
91297,91351
91299,91333
91299,91351
91299,91352
91333,91351
91333,91352
91333,91361
91351,91352
91351,91361
91351,91365
91352,91361
91352,91365
91352,91389
91361,91365
91361,91400
91361,94244
91365,91389
91365,91400
91365,91422
91389,91400
91389,91422
91389,91439
91400,91422
91400,91439
91400,91441
91422,91439
91422,91441
91422,91515
91439,91441
91439,91517
91439,99423
91441,91515
91441,91517
91515,91517
91515,91538
91515,91539
91517,91538
91538,91539
91538,91553
91538,91558
91539,91553
91539,91558
91539,91560
91553,91558
91553,91560
91553,91607
91558,91560
91558,91607
91558,91611
91560,91611
91560,91614
91607,91611
91607,91618
91611,91614
91611,91618
91611,91790
91614,91618
91614,91790
91614,91800
91618,91790
91618,91800
91618,91801
91790,91800
91790,91801
91790,91846
91800,91801
91800,91846
91800,91853
91801,91846
91801,91853
91801,91878
91846,91853
91846,91878
91846,91906
91853,91878
91853,91906
91853,91917
91878,91917
91878,91918
91906,91917
91906,91918
91906,91925
91917,91918
91917,91941
91918,91925
91918,91948
91925,91941
91925,91948
91925,92018
91941,91948
91941,92018
91941,92019
91948,92018
91948,92019
92018,92019
92018,92048
92018,92093
92019,92048
92019,92093
92019,92138
92048,92093
92048,92138
92048,92162
92093,92138
92093,92162
92093,92166
92138,92162
92138,92166
92138,92184
92162,92166
92162,92184
92166,92184
92166,92236
92184,92185
92184,92236
92184,92291
92185,92236
92185,92291
92185,92312
92236,92291
92236,92312
92236,92332
92291,92312
92291,92344
92312,92332
92312,92344
92312,92359
92312,93150
92332,92344
92332,92359
92332,92374
92344,92359
92344,92374
92344,92413
92359,92374
92359,92413
92374,92413
92374,92462
92413,92414
92413,92462
92413,92482
92414,92462
92414,92482
92414,92502
92462,92482
92462,92502
92462,92517
92482,92502
92482,92517
92482,92556
92502,92517
92502,92556
92502,92560
92517,92560
92517,92579
92556,92560
92556,92579
92556,92600
92560,92579
92560,92600
92560,92604
92579,92600
92579,92604
92579,92625
92600,92625
92600,92681
92604,92625
92604,92681
92604,92686
92625,92681
92625,92686
92625,92710
92681,92686
92681,92710
92681,92721
92686,92710
92686,92721
92686,92741
92710,92721
92710,92741
92710,92743
92721,92741
92721,92743
92741,92743
92741,92777
92741,92790
92743,92777
92743,92790
92743,92837
92777,92837
92777,92848
92790,92837
92790,92848
92790,92893
92837,92893
92837,92942
92848,92893
92848,92942
92848,92952
92893,92942
92893,92952
92893,92972
92942,92952
92942,92972
92942,92981
92952,92972
92952,92981
92952,92998
92972,92981
92972,92998
92972,93012
92981,92998
92981,93012
92981,93020
92998,93012
92998,93020
92998,93075
93012,93020
93012,93075
93012,93092
93020,93075
93020,93092
93020,93122
93075,93092
93075,93122
93075,93150
93092,93122
93092,93155
93122,93150
93122,93155
93122,93162
93150,93155
93150,93166
93155,93162
93155,93166
93155,93182
93162,93182
93162,93185
93166,93182
93166,93185
93182,93185
93182,93202
93185,93197
93185,93202
93185,93244
93197,93244
93197,93254
93202,93244
93202,93254
93244,93280
93244,93301
93254,93301
93254,93308
93280,93301
93280,93308
93280,93309
93301,93308
93301,93309
93308,93309
93308,93338
93308,93339
93309,93338
93309,93339
93309,93347
93338,93339
93338,93347
93338,93352
93339,93347
93339,93352
93339,93357
93347,93357
93347,93641
93352,93357
93352,93364
93357,93362
93357,93364
93357,93365
93362,93364
93362,93365
93362,93373
93364,93365
93364,93373
93364,93384
93365,93373
93365,93384
93365,93387
93373,93384
93373,93387
93373,93394
93384,93387
93384,93394
93384,93417
93387,93394
93387,93417
93387,93432
93394,93417
93394,93432
93394,93458
93417,93432
93417,93458
93417,93469
93432,93458
93432,93469
93432,93476
93458,93469
93458,93476
93458,93479
93469,93476
93469,93479
93469,93507
93476,93479
93476,93507
93476,93517
93479,93507
93479,93517
93479,93554
93507,93554
93507,93572
93517,93554
93517,93572
93554,93586
93554,93592
93572,93586
93572,93592
93572,93596
93586,93592
93586,93596
93586,93636
93592,93596
93592,93636
93592,93641
93596,93636
93596,93641
93596,93672
93636,93641
93636,93672
93636,93691
93641,93672
93641,93691
93641,93693
93672,93691
93672,93693
93672,93706
93691,93693
93691,93706
93691,93723
93693,93706
93693,93723
93693,93740
93706,93723
93706,93740
93706,93758
93723,93740
93723,93758
93723,93776
93740,93758
93740,93776
93758,93783
93758,93801
93776,93783
93776,93801
93776,93850
93783,93801
93783,93850
93783,93891
93801,93891
93801,93909
93850,93891
93850,93909
93850,93936
93891,93909
93891,93936
93891,93946
93909,93946
93909,93950
93936,93946
93936,93950
93936,93962
93946,93950
93946,93962
93946,93989
93950,93962
93950,93989
93950,94017
93962,93989
93962,94017
93962,94027
93989,94017
93989,94027
93989,94036
94017,94027
94017,94036
94027,94036
94027,94044
94027,94051
94036,94044
94036,94051
94036,94101
94044,94051
94044,94101
94044,94106
94051,94101
94051,94106
94051,94122
94101,94106
94101,94122
94101,94140
94101,97641
94106,94140
94106,94172
94122,94140
94122,94172
94122,94191
94140,94172
94140,94191
94140,94193
94172,94191
94172,94193
94172,94210
94191,94193
94191,94210
94191,94225
94193,94210
94193,94225
94193,94243
94210,94225
94210,94243
94210,94244
94225,94243
94225,94244
94225,94245
94243,94244
94243,94245
94243,94250
94244,94250
94244,94263
94245,94250
94245,94263
94245,94267
94250,94263
94250,94267
94250,94331
94263,94267
94263,94331
94263,94362
94267,94331
94267,94362
94267,94370
94331,94362
94331,94377
94362,94370
94362,94377
94362,99805
94370,94377
94370,94390
94370,94438
94377,94390
94377,94438
94377,94446
94390,94438
94390,94446
94390,94500
94438,94446
94438,94500
94438,94508
94446,94500
94446,94508
94446,94544
94500,94508
94500,94544
94500,94556
94508,94544
94508,94586
94544,94556
94544,94586
94544,94587
94556,94586
94556,94587
94586,94587
94586,94618
94586,94623
94587,94618
94587,94623
94587,94650
94618,94623
94618,94686
94623,94686
94623,94699
94650,94686
94650,94699
94650,94732
94686,94699
94686,94732
94686,94760
94699,94732
94699,94760
94699,94789
94732,94760
94732,94789
94732,94816
94760,94789
94760,94816
94760,94846
94789,94816
94789,94846
94789,94864
94816,94846
94816,94864
94816,94872
94846,94864
94846,94872
94846,94882
94864,94872
94864,94882
94864,94887
94872,94882
94872,94887
94882,94887
94882,94918
94882,94921
94887,94918
94887,94921
94887,95015
94918,94921
94918,95015
94918,95023
94921,95015
94921,95023
94921,95040
95015,95023
95015,95040
95015,95094
95023,95040
95023,95094
95023,95124
95040,95094
95040,95124
95040,95149
95094,95124
95094,95149
95094,95154
95124,95149
95124,95154
95124,99039
95149,95154
95149,95160
95149,95172
95154,95160
95154,95172
95154,95187
95160,95172
95160,95187
95160,95199
95172,95187
95172,95199
95172,95207
95187,95199
95187,95207
95187,97318
95199,95207
95199,95211
95199,95234
95207,95211
95207,95234
95207,95254
95211,95234
95211,95254
95211,95267
95234,95254
95234,95267
95234,95281
95254,95267
95254,95281
95254,95342
95267,95281
95267,95342
95267,95353
95281,95342
95281,95353
95281,95389
95342,95353
95342,95389
95342,95410
95353,95389
95353,95410
95353,95486
95389,95410
95389,95486
95389,95489
95410,95486
95410,95489
95410,95507
95486,95489
95486,95507
95486,95518
95489,95507
95489,95518
95489,95536
95507,95536
95507,95540
95518,95536
95536,95540
95536,95554
95540,95541
95540,95554
95540,95572
95541,95554
95541,95572
95541,95582
95554,95572
95554,95582
95554,95635
95572,95582
95572,95635
95572,95637
95582,95635
95582,95637
95582,95639
95635,95637
95635,95639
95635,95648
95637,95639
95637,95648
95637,95667
95639,95648
95639,95667
95639,95697
95648,95697
95648,95698
95667,95697
95667,95698
95667,95703
95697,95698
95697,95703
95697,95731
95698,95703
95698,95731
95698,95740
95703,95731
95703,95740
95703,95754
95731,95740
95731,95754
95731,95761
95740,95754
95740,95761
95740,95780
95754,95761
95754,95780
95761,95818
95761,95819
95780,95818
95780,95819
95780,95830
95818,95819
95818,95830
95818,95862
95819,95830
95819,95862
95819,95889
95830,95862
95830,95889
95830,95892
95862,95889
95862,95892
95862,95921
95889,95921
95889,95946
95892,95921
95892,95946
95892,95949
95921,95946
95921,95949
95921,95950
95946,95949
95946,95950
95946,95981
95949,95950
95949,95981
95950,95981
95950,95994
95950,96005
95981,95994
95981,96005
95981,96030
95994,96030
95994,96073
96005,96030
96005,96073
96005,96108
96030,96073
96030,96108
96030,96111
96073,96108
96073,96111
96073,96113
96108,96111
96108,96113
96108,96206
96111,96113
96111,96206
96111,96227
96113,96206
96113,96227
96206,96227
96206,96243
96206,96255
96227,96243
96227,96255
96227,96256
96243,96255
96243,96256
96243,96266
96255,96256
96255,96266
96255,96289
96256,96266
96256,96289
96256,96290
96266,96289
96266,96290
96266,96298
96289,96290
96289,96305
96290,96298
96290,96305
96290,96310
96298,96305
96298,96310
96305,96310
96305,96332
96310,96312
96310,96332
96310,96334
96312,96332
96312,96334
96312,96351
96332,96334
96332,96351
96332,96358
96334,96351
96334,96360
96351,96358
96351,96360
96351,96393
96358,96360
96358,96393
96358,96421
96360,96393
96360,96421
96360,96422
96393,96421
96393,96422
96393,96425
96421,96422
96421,96425
96421,96445
96422,96425
96422,96445
96422,96447
96425,96445
96425,96447
96425,96485
96445,96447
96445,96500
96447,96485
96447,96500
96447,96511
96485,96500
96485,96511
96485,96520
96500,96511
96500,96520
96500,96529
96511,96520
96511,96529
96511,96541
96520,96529
96520,96541
96529,96541
96529,96546
96529,96584
96541,96546
96541,96584
96541,97546
96546,96584
96546,96590
96546,96600
96584,96590
96584,96600
96584,96602
96590,96600
96590,96602
96590,96618
96600,96602
96600,96618
96600,96624
96602,96645
96618,96624
96618,96661
96624,96645
96624,96661
96624,96666
96645,96661
96645,96666
96645,96667
96661,96667
96661,96731
96666,96667
96666,96731
96666,96746
96667,96731
96667,96746
96667,96765
96731,96746
96731,96765
96731,96770
96746,96770
96746,96778
96765,96770
96765,96782
96770,96782
96770,96812
96778,96782
96778,96812
96778,96848
96782,96812
96782,96848
96782,96856
96812,96848
96812,96856
96812,96933
96848,96856
96848,96933
96848,96950
96856,96933
96856,96950
96856,96951
96933,96951
96933,96958
96950,96951
96950,96958
96950,96959
96951,96958
96951,96959
96951,96982
96958,96959
96958,96982
96958,97027
96959,96982
96959,97027
96982,97027
96982,97039
96982,97043
97027,97039
97039,97043
97039,97068
97039,97072
97043,97068
97043,97072
97043,97082
97068,97072
97068,97082
97068,97103
97072,97082
97072,97103
97072,97111
97082,97103
97082,97111
97082,97135
97103,97111
97103,97135
97111,97135
97111,97148
97111,99746
97135,97148
97135,97168
97135,97169
97148,97168
97148,97169
97148,97175
97168,97169
97168,97175
97168,97185
97169,97175
97169,97208
97175,97185
97175,97208
97175,97212
97185,97208
97185,97212
97185,97236
97208,97212
97208,97236
97208,97267
97212,97236
97212,97267
97212,97291
97236,97267
97236,97291
97236,97296
97267,97291
97267,97296
97267,97300
97291,97296
97291,97300
97291,97318
97296,97300
97296,97318
97300,97318
97300,97322
97300,97367
97318,97322
97318,97367
97318,97410
97322,97367
97322,97410
97322,97447
97367,97410
97367,97447
97367,97481
97410,97447
97410,97481
97410,97489
97447,97481
97447,97489
97447,97530
97481,97489
97481,97530
97481,97546
97489,97530
97489,97546
97489,97550
97530,97546
97530,97550
97530,97572
97546,97550
97546,97572
97546,97578
97550,97572
97550,97578
97550,97590
97572,97578
97572,97590
97572,97600
97578,97590
97578,97600
97578,97605
97590,97600
97590,97605
97590,97609
97600,97605
97600,97641
97605,97641
97605,97644
97609,97641
97609,97644
97609,97645
97641,97644
97641,97645
97644,97645
97644,97673
97644,97698
97645,97673
97645,97698
97645,97704
97673,97698
97673,97704
97673,97719
97698,97719
97698,97743
97704,97719
97704,97743
97704,97758
97719,97743
97719,97758
97719,97761
97743,97758
97743,97761
97743,97793
97743,98145
97758,97761
97758,97793
97758,97802
97761,97793
97761,97802
97761,97812
97793,97802
97793,97812
97793,97813
97802,97812
97802,97813
97802,97843
97812,97813
97812,97843
97812,97859
97813,97843
97813,97859
97813,97925
97843,97859
97843,97925
97843,97942
97859,97925
97859,97958
97925,97942
97925,97970
97942,97958
97942,97970
97942,97978
97958,97970
97958,97978
97958,98001
97970,97978
97970,98001
97970,98043
97978,98001
97978,98043
97978,98044
98001,98043
98001,98044
98001,98079
98043,98044
98043,98079
98043,98081
98044,98079
98044,98081
98044,98087
98079,98081
98079,98087
98079,98126
98081,98126
98087,98126
98087,98134
98126,98145
98126,98155
98134,98145
98134,98155
98145,98155
98145,98245
98155,98232
98155,98245
98232,98245
98232,98261
98232,98270
98245,98261
98245,98270
98245,98280
98261,98270
98261,98280
98261,98294
98270,98280
98270,98294
98270,98300
98280,98294
98280,98347
98294,98300
98294,98347
98300,98347
98347,98357
98347,98397
98347,98414
98357,98397
98357,98414
98357,98438
98397,98414
98397,98438
98397,98467
98414,98438
98414,98467
98414,98488
98438,98467
98438,98488
98438,98533
98467,98533
98467,98537
98488,98533
98488,98537
98488,98574
98533,98537
98533,98574
98533,98623
98537,98574
98537,98623
98537,98626
98574,98623
98574,98626
98574,98633
98623,98626
98623,98633
98626,98633
98626,98634
98626,98669
98633,98669
98633,98701
98634,98669
98634,98739
98669,98701
98669,98739
98701,98739
98701,98779
98739,98758
98739,98779
98739,98786
98758,98779
98758,98786
98758,98788
98779,98786
98779,98788
98779,98793
98786,98788
98786,98793
98786,98822
98788,98793
98788,98822
98788,99910
98793,98822
98793,98832
98793,98853
98822,98832
98822,98853
98832,98853
98832,98911
98832,98916
98853,98916
98853,98924
98911,98916
98911,98924
98911,98942
98916,98924
98916,98942
98916,98960
98924,98942
98924,98960
98924,99039
98942,98960
98942,99039
98942,99065
98960,99039
98960,99065
98960,99067
99039,99065
99039,99067
99039,99076
99065,99067
99065,99076
99065,99163
99067,99076
99067,99163
99067,99164
99076,99163
99076,99197
99163,99164
99163,99229
99163,99952
99164,99197
99197,99229
99197,99250
99197,99268
99229,99250
99229,99268
99229,99272
99250,99268
99250,99272
99250,99347
99268,99272
99268,99347
99268,99366
99272,99347
99272,99366
99272,99395
99347,99366
99347,99395
99347,99397
99366,99395
99366,99397
99366,99400
99395,99397
99395,99400
99395,99409
99397,99400
99397,99409
99397,99423
99400,99409
99400,99423
99400,99462
99409,99423
99409,99462
99409,99464
99423,99462
99423,99464
99423,99495
99462,99495
99464,99495
99464,99506
99464,99508
99495,99506
99495,99508
99495,99524
99506,99508
99506,99524
99508,99524
99508,99570
99508,99598
99524,99570
99524,99598
99524,99622
99570,99598
99570,99622
99570,99664
99598,99622
99598,99664
99622,99664
99622,99687
99664,99687
99664,99688
99664,99721
99687,99688
99687,99721
99687,99738
99688,99721
99688,99746
99721,99738
99721,99805
99738,99746
99738,99805
99738,99824
99746,99805
99746,99824
99746,99842
99805,99842
99805,99878
99824,99842
99824,99878
99824,99910
99842,99878
99842,99910
99842,99925
99878,99910
99878,99925
99878,99952
99910,99925
99910,99952
99910,99980
99925,99952
99925,99980
99925,99986
99952,99980
99952,99986
99952,99993
99980,99986
99986,99993
