0,1
0,99999
0,3
0,99998
0,6
0,10
0,99988
0,13
0,99985
1,3
1,6
1,99999
1,10
1,99998
1,13
1,14
1,99988
3,10
3,13
3,14
3,99998
3,16
3,99997
3,49237
3,87202
6,10
6,13
6,14
6,16
6,99999
6,18
6,99998
10,13
10,14
10,16
10,18
10,20
10,99999
13,14
13,16
13,18
13,20
13,23
14,16
14,18
14,20
14,23
14,29
16,18
16,20
16,23
16,29
16,36
16,1993
18,20
18,23
18,29
18,41
18,48952
20,23
20,29
20,36
20,41
20,20171
23,29
23,36
23,41
23,42
23,56
29,36
29,41
29,42
29,56
29,59
29,36422
36,41
36,42
36,56
36,47239
36,94483
41,42
41,56
41,59
41,60
41,65
41,61538
42,56
42,59
42,60
42,71
42,23696
56,59
56,60
56,65
56,71
56,72
59,60
59,65
59,71
59,72
59,73
60,65
60,71
60,73
60,76
60,67110
60,99971
65,71
65,72
65,73
65,76
65,85
71,72
71,73
71,76
71,85
71,90
72,73
72,76
72,85
72,90
72,101
72,80077
72,60417
73,76
73,85
73,90
73,101
73,102
76,85
76,90
76,101
76,102
76,104
76,61288
85,101
85,102
85,104
85,82337
85,56005
90,101
90,102
90,104
90,109
90,117
90,27630
101,102
101,104
101,109
101,117
101,121
102,104
102,109
102,117
102,121
102,42058
104,109
104,117
104,121
104,131
104,133
104,24723
104,58077
109,117
109,121
109,133
109,138
109,30609
109,10535
117,121
117,131
117,133
117,138
117,54277
117,85844
121,131
121,133
121,138
121,147
121,151
131,133
131,138
131,147
131,151
131,153
133,138
133,147
133,151
133,155
133,89476
138,147
138,151
138,153
138,155
138,159
147,151
147,159
147,161
147,17138
147,75550
147,46615
151,153
151,155
151,159
151,167
151,73963
151,43673
153,155
153,159
153,161
153,167
153,168
153,94483
155,159
155,161
155,167
155,168
155,178
159,161
159,168
159,178
159,182
159,76735
161,167
161,168
161,182
161,184
161,9696
167,168
167,178
167,184
167,191
167,92626
168,178
168,182
168,191
168,193
168,93504
178,182
178,184
178,191
178,196
178,65109
182,184
182,191
182,193
182,196
182,198
184,191
184,193
184,196
184,198
184,206
191,193
191,196
191,198
191,212
191,25345
191,67161
193,196
193,198
193,206
193,214
193,66225
196,198
196,206
196,212
196,214
196,219
196,19606
196,97672
198,206
198,212
198,214
198,219
198,221
206,212
206,219
206,221
206,224
206,26516
206,72237
212,214
212,219
212,221
212,224
212,225
214,219
214,221
214,224
214,225
214,227
219,221
219,224
219,225
219,232
219,50136
219,37054
221,224
221,225
221,227
221,232
221,80350
221,78337
224,225
224,227
224,233
224,236
224,77828
224,36221
225,227
225,232
225,233
225,236
225,237
227,232
227,236
227,237
227,245
227,77956
227,23131
232,233
232,236
232,237
232,245
232,31537
233,236
233,245
233,247
233,254
233,20200
236,237
236,245
236,254
236,261
236,2447
237,245
237,247
237,254
237,267
237,88053
237,61725
245,254
245,261
245,267
245,276
245,68593
247,254
247,261
247,267
247,276
247,288
254,261
254,267
254,276
254,288
254,291
261,267
261,276
261,288
261,291
261,296
267,276
267,288
267,296
267,298
267,80802
276,288
276,291
276,296
276,298
276,304
276,5448
288,291
288,296
288,298
288,304
288,309
288,80887
291,296
291,298
291,304
291,309
291,311
296,298
296,304
296,309
296,311
296,312
296,99803
298,304
298,309
298,311
298,314
298,59093
304,309
304,312
304,314
304,317
304,21706
304,60434
309,311
309,314
309,317
309,318
309,12820
309,88420
309,33230
311,312
311,314
311,317
311,318
311,319
311,28822
311,29661
312,314
312,317
312,318
312,319
312,321
314,317
314,318
314,319
314,321
314,327
317,318
317,319
317,321
317,327
317,336
317,25230
318,319
318,321
318,327
318,336
318,343
318,94434
319,321
319,336
319,343
319,348
319,29134
321,327
321,336
321,348
321,351
321,21912
327,336
327,343
327,348
327,351
327,352
336,343
336,348
336,351
336,352
336,363
343,348
343,351
343,352
343,363
343,365
343,43254
343,72931
348,351
348,352
348,365
348,56176
348,77083
351,352
351,365
351,369
351,372
351,33610
352,363
352,365
352,369
352,372
352,383
363,365
363,372
363,383
363,384
363,97692
365,369
365,372
365,383
365,384
365,386
369,372
369,383
369,386
369,393
369,79615
369,93140
369,71943
372,384
372,386
372,393
372,395
372,3876
383,386
383,393
383,395
383,397
383,1441
383,54218
384,386
384,393
384,395
384,397
384,399
384,82891
386,393
386,395
386,397
386,401
386,16853
393,395
393,397
393,401
393,403
393,3844
393,28883
395,397
395,399
395,401
395,403
395,408
395,45207
397,399
397,401
397,403
397,408
397,410
399,401
399,403
399,408
399,410
399,416
401,403
401,408
401,410
401,416
401,421
401,80174
403,408
403,410
403,416
403,421
403,422
408,410
408,416
408,421
408,422
408,424
408,74383
410,416
410,421
410,422
410,424
410,426
410,32783
416,421
416,424
416,426
416,428
416,67270
416,80872
421,422
421,424
421,426
421,428
421,433
422,424
422,426
422,428
422,433
422,434
424,426
424,428
424,433
424,434
424,440
424,11074
426,433
426,434
426,440
426,444
426,14687
428,433
428,434
428,440
428,445
428,4826
428,63039
433,434
433,440
433,444
433,445
433,448
433,34147
433,88350
434,444
434,445
434,448
434,7280
434,12700
434,63486
440,444
440,445
440,448
440,454
440,457
440,29289
444,445
444,448
444,454
444,97093
444,50099
445,454
445,457
445,459
445,463
445,93904
448,457
448,459
448,463
448,464
448,60258
448,47682
454,457
454,459
454,463
454,469
454,69256
454,65721
457,459
457,463
457,469
457,475
457,90052
457,15629
459,463
459,464
459,469
459,475
459,476
459,59441
463,475
463,476
463,485
463,67819
463,33969
463,90434
464,469
464,475
464,476
464,485
464,487
469,475
469,476
469,485
469,487
469,489
475,487
475,489
475,494
475,29250
475,10527
476,485
476,487
476,494
476,496
476,31277
476,21558
485,487
485,489
485,494
485,496
485,76516
487,489
487,494
487,496
487,504
487,512
487,74821
489,494
489,496
489,512
489,49102
489,97282
494,496
494,504
494,512
494,513
494,518
496,504
496,512
496,513
496,518
496,526
504,512
504,513
504,526
504,527
504,20888
512,513
512,518
512,526
512,527
512,535
513,518
513,526
513,527
513,535
513,537
518,526
518,535
518,537
518,541
518,47544
518,74708
518,49194
526,527
526,535
526,537
526,541
526,544
527,535
527,537
527,541
527,544
527,549
535,541
535,544
535,549
535,551
535,42144
537,541
537,544
537,549
537,558
537,78777
541,544
541,549
541,551
541,558
541,560
544,549
544,551
544,558
544,560
544,562
549,551
549,558
549,560
549,562
549,42223
549,83663
551,558
551,560
551,562
551,584
551,587
551,52542
558,560
558,562
558,584
558,587
558,595
560,562
560,584
560,587
560,595
560,599
560,44010
560,70653
562,584
562,587
562,599
562,603
562,59540
562,50687
562,34756
562,15870
562,67540
584,595
584,599
584,603
584,606
584,28546
584,94547
584,55015
587,599
587,603
587,606
587,608
587,30530
595,599
595,603
595,606
595,608
595,610
599,603
599,606
599,608
599,610
599,52194
599,40069
603,606
603,608
603,610
603,613
603,615
603,14587
606,608
606,610
606,613
606,619
606,92157
608,610
608,613
608,615
608,619
608,620
610,613
610,615
610,619
610,621
610,77974
610,74588
613,615
613,619
613,620
613,621
613,624
613,96716
613,40387
615,619
615,620
615,621
615,628
615,99349
615,21320
619,620
619,621
619,628
619,631
619,19152
619,4634
620,621
620,624
620,628
620,631
620,635
620,73683
621,624
621,628
621,631
621,635
621,639
621,19222
621,34347
624,628
624,631
624,635
624,639
624,641
624,2719
624,29441
628,631
628,635
628,639
628,641
628,645
628,80740
631,635
631,639
631,641
631,645
631,652
631,15751
635,652
635,654
635,49811
635,96872
635,13642
639,641
639,645
639,652
639,657
639,46816
639,48855
641,652
641,654
641,657
641,658
641,11909
645,654
645,658
645,661
645,3938
645,33080
645,36927
645,7034
645,41200
652,654
652,657
652,658
652,661
652,662
654,657
654,658
654,661
654,662
654,673
657,661
657,662
657,673
657,677
657,26483
657,55182
658,661
658,662
658,673
658,677
658,682
658,84719
661,673
661,677
661,682
661,686
661,63880
661,35765
662,673
662,677
662,682
662,686
662,687
673,677
673,682
673,686
673,687
673,689
673,96363
677,682
677,686
677,687
677,689
677,690
682,686
682,687
682,689
682,690
682,695
686,687
686,689
686,695
686,696
686,47944
686,93219
687,690
687,695
687,701
687,30112
687,45250
689,690
689,695
689,696
689,701
689,707
689,8099
689,96236
689,60447
690,696
690,701
690,707
690,708
690,66513
695,696
695,701
695,707
695,708
695,97378
695,68706
696,701
696,708
696,719
696,720
696,32108
696,58911
696,73032
701,707
701,708
701,719
701,720
701,727
707,708
707,719
707,720
707,727
707,728
708,719
708,720
708,727
708,728
708,14295
719,720
719,727
719,728
719,731
719,743
720,727
720,728
720,731
720,746
720,27374
720,11476
727,743
727,746
727,749
727,89619
727,3385
727,32186
727,52383
728,731
728,743
728,746
728,749
728,751
731,743
731,746
731,749
731,751
731,87428
743,746
743,749
743,755
743,761
743,1699
746,749
746,751
746,755
746,761
746,763
746,24424
749,751
749,755
749,761
749,763
749,774
751,755
751,761
751,763
751,774
751,779
755,761
755,763
755,774
755,779
755,781
755,96217
761,763
761,774
761,779
761,781
761,785
763,774
763,779
763,781
763,785
763,794
774,779
774,781
774,785
774,794
774,797
774,19165
779,781
779,785
779,794
779,797
779,27084
781,785
781,794
781,797
781,802
781,803
785,794
785,797
785,802
785,805
785,1090
794,802
794,803
794,805
794,807
794,27423
797,802
797,803
797,805
797,807
797,812
802,803
802,807
802,812
802,826
802,88203
802,81278
803,805
803,807
803,812
803,826
803,828
803,50739
805,812
805,826
805,828
805,830
805,54675
805,83732
807,812
807,826
807,828
807,830
807,852
807,80347
807,89533
812,826
812,828
812,830
812,858
812,5322
812,97093
826,830
826,852
826,858
826,859
826,25073
828,830
828,852
828,858
828,859
828,860
830,852
830,858
830,859
830,860
830,861
830,33161
852,858
852,859
852,860
852,870
852,24424
858,860
858,861
858,870
858,872
858,58793
859,860
859,861
859,870
859,876
859,82241
860,872
860,876
860,877
860,47512
860,62720
861,870
861,872
861,876
861,877
861,888
861,77891
870,872
870,876
870,877
870,888
870,890
872,876
872,877
872,888
872,890
872,896
876,877
876,888
876,898
876,91319
876,68027
876,70694
877,888
877,890
877,896
877,904
877,23362
877,28825
888,890
888,904
888,906
888,63574
888,29009
890,896
890,898
890,904
890,906
890,912
890,26664
896,898
896,904
896,906
896,912
896,919
898,904
898,906
898,912
898,919
898,928
904,906
904,912
904,919
904,928
904,929
904,75431
906,912
906,919
906,928
906,929
906,936
906,62301
912,919
912,928
912,929
912,936
912,938
919,929
919,936
919,938
919,941
919,93253
928,929
928,936
928,941
928,942
928,54160
929,936
929,938
929,942
929,945
929,75843
929,70002
929,50036
936,938
936,941
936,942
936,945
936,949
938,941
938,942
938,945
938,949
938,953
941,942
941,945
941,949
941,953
941,956
942,945
942,949
942,956
942,5521
942,79885
945,949
945,953
945,956
945,961
945,37012
949,953
949,956
949,961
949,967
949,96592
949,21139
953,956
953,961
953,967
953,973
953,975
953,42999
953,20065
956,961
956,973
956,975
956,976
956,99920
961,967
961,973
961,975
961,976
961,980
967,973
967,975
967,976
967,980
967,985
973,975
973,976
973,985
973,988
973,93054
973,3484
975,976
975,980
975,985
975,988
975,990
976,980
976,985
976,988
976,1002
976,98598
976,8172
980,988
980,990
980,1002
980,1009
980,7116
980,91852
985,988
985,990
985,1002
985,1009
985,84584
985,86840
988,990
988,1002
988,1009
988,1014
988,1015
990,1002
990,1009
990,1014
990,1015
990,1017
990,43423
1002,1009
1002,1014
1002,1015
1002,1017
1002,1018
1009,1014
1009,1015
1009,1017
1009,1018
1009,92300
1014,1017
1014,1018
1014,1021
1014,66232
1014,15927
1014,26517
1015,1017
1015,1018
1015,1021
1015,1023
1015,1036
1017,1018
1017,1021
1017,1023
1017,1036
1017,1041
1018,1021
1018,1023
1018,1036
1018,1041
1018,1044
1021,1023
1021,1036
1021,1044
1021,1048
1021,9817
1021,84019
1023,1036
1023,1041
1023,1044
1023,1048
1023,1049
1036,1041
1036,1048
1036,1049
1036,1121
1036,65462
1041,1044
1041,1048
1041,1049
1041,1052
1041,1058
1041,43562
1044,1048
1044,1049
1044,1058
1044,60971
1044,88972
1048,1049
1048,1052
1048,1058
1048,1060
1048,1061
1049,1058
1049,1060
1049,1061
1049,1065
1049,48908
1052,1058
1052,1060
1052,1061
1052,1065
1052,1073
1058,1060
1058,1061
1058,1065
1058,1073
1058,97711
1060,1061
1060,1065
1060,1073
1060,1079
1060,1080
1061,1065
1061,1073
1061,1079
1061,1080
1061,1081
1065,1073
1065,1079
1065,1080
1065,1081
1065,1086
1073,1080
1073,1081
1073,1086
1073,1090
1073,70484
1073,2272
1079,1080
1079,1081
1079,1086
1079,1090
1079,1091
1080,1081
1080,1086
1080,1090
1080,1091
1080,1095
1081,1086
1081,1090
1081,1091
1081,1095
1081,1096
1081,27287
1081,85265
1086,1090
1086,1091
1086,1095
1086,1096
1086,1098
1086,58561
1090,1091
1090,1095
1090,1096
1090,1098
1090,1099
1091,1095
1091,1096
1091,1099
1091,1107
1091,52656
1095,1096
1095,1098
1095,1099
1095,1107
1095,1109
1095,85900
1096,1098
1096,1099
1096,1107
1096,1109
1096,1110
1096,65639
1098,1099
1098,1107
1098,1109
1098,1110
1098,1116
1099,1107
1099,1109
1099,1110
1099,1116
1099,63012
1107,1109
1107,1110
1107,1116
1107,1117
1107,1121
1107,11282
1109,1110
1109,1116
1109,1117
1109,1124
1109,89232
1109,40119
1110,1116
1110,1117
1110,1121
1110,1124
1110,1140
1116,1117
1116,1121
1116,1124
1116,1140
1116,1148
1117,1121
1117,1124
1117,1140
1117,1148
1117,28284
1117,74039
1121,1124
1121,1140
1121,1148
1121,1149
1121,1151
1121,76288
1124,1140
1124,1151
1124,1162
1124,75076
1124,72698
1140,1148
1140,1149
1140,1151
1140,1162
1140,1168
1140,66612
1148,1149
1148,1151
1148,1162
1148,1168
1148,1171
1149,1151
1149,1168
1149,1171
1149,1172
1149,51300
1149,24861
1151,1162
1151,1168
1151,1171
1151,1174
1151,57900
1151,22091
1162,1168
1162,1171
1162,1172
1162,1174
1162,1180
1168,1171
1168,1172
1168,1174
1168,1186
1168,73836
1168,82226
1171,1172
1171,1174
1171,1180
1171,1186
1171,1188
1171,9657
1172,1180
1172,1186
1172,1188
1172,1198
1172,24153
1172,78874
1174,1180
1174,1186
1174,1198
1174,1202
1174,80969
1174,68394
1180,1186
1180,1188
1180,1203
1180,51665
1180,63715
1186,1188
1186,1198
1186,1202
1186,1203
1186,1204
1186,66997
1188,1198
1188,1202
1188,1203
1188,1204
1188,1208
1198,1202
1198,1203
1198,1204
1198,1208
1198,1217
1202,1203
1202,1204
1202,1224
1202,65796
1202,41623
1203,1204
1203,1217
1203,1224
1203,18015
1203,40847
1204,1208
1204,1217
1204,1224
1204,1227
1204,67357
1204,87380
1208,1217
1208,1224
1208,1226
1208,1227
1208,1230
1217,1224
1217,1226
1217,1227
1217,1230
1217,1231
1217,98267
1224,1226
1224,1227
1224,1230
1224,1231
1224,1234
1224,38176
1226,1227
1226,1230
1226,1231
1226,1234
1226,1235
1227,1230
1227,1231
1227,1234
1227,1235
1227,1236
1230,1234
1230,1235
1230,1236
1230,1238
1230,84251
1231,1234
1231,1235
1231,1236
1231,1238
1231,48493
1231,99392
1234,1235
1234,1236
1234,1238
1234,1242
1234,39348
1235,1236
1235,1238
1235,1242
1235,1245
1235,1247
1236,1245
1236,1247
1236,1250
1236,42770
1236,90441
1238,1245
1238,1247
1238,1250
1238,1260
1238,67886
1242,1245
1242,1247
1242,1250
1242,1260
1242,1261
1242,72572
1245,1247
1245,1250
1245,1260
1245,1262
1245,89512
1247,1250
1247,1260
1247,1261
1247,1262
1247,32170
1247,89965
1250,1260
1250,1262
1250,1263
1250,1264
1250,72083
1250,18275
1260,1261
1260,1263
1260,1264
1260,1273
1260,59506
1260,57769
1261,1262
1261,1264
1261,1273
1261,1286
1261,61597
1261,60559
1262,1263
1262,1264
1262,1273
1262,1286
1262,1289
1263,1264
1263,1273
1263,1286
1263,1289
1263,1296
1264,1273
1264,1286
1264,1289
1264,1296
1264,1298
1273,1286
1273,1289
1273,1296
1273,1298
1273,1306
1273,9793
1286,1289
1286,1296
1286,1298
1286,1306
1286,1308
1289,1296
1289,1298
1289,1306
1289,1308
1289,1313
1296,1298
1296,1306
1296,1308
1296,1313
1296,1314
1298,1306
1298,1308
1298,1313
1298,1314
1298,1315
1306,1308
1306,1313
1306,1314
1306,1315
1306,1316
1306,16575
1306,30984
1308,1313
1308,1314
1308,1315
1308,1316
1308,1320
1313,1314
1313,1315
1313,1316
1313,1320
1313,1323
1314,1315
1314,1316
1314,1320
1314,1323
1314,1326
1314,55517
1315,1316
1315,1320
1315,1326
1315,1330
1315,99297
1316,1320
1316,1323
1316,1326
1316,1330
1316,1335
1316,68832
1320,1323
1320,1326
1320,1330
1320,1335
1320,1342
1323,1326
1323,1330
1323,1335
1323,1342
1323,77402
1323,11147
1326,1330
1326,1335
1326,1342
1326,1346
1326,1349
1330,1335
1330,1346
1330,1349
1330,5948
1330,80465
1330,25065
1335,1342
1335,1346
1335,1349
1335,1362
1335,1376
1335,74566
1342,1346
1342,1349
1342,1362
1342,1379
1342,44708
1346,1349
1346,1362
1346,1379
1346,1380
1346,55792
1349,1362
1349,1376
1349,1379
1349,1380
1349,70217
1349,19786
1362,1376
1362,1379
1362,1380
1362,1381
1362,1384
1376,1379
1376,1380
1376,1381
1376,1384
1376,66034
1379,1380
1379,1381
1379,1384
1379,1391
1379,1392
1380,1381
1380,1384
1380,1391
1380,1402
1380,33973
1380,24151
1381,1384
1381,1391
1381,1392
1381,1402
1381,1403
1381,80278
1384,1391
1384,1392
1384,1402
1384,1403
1384,1412
1391,1392
1391,1402
1391,1403
1391,1412
1391,46798
1391,14884
1392,1402
1392,1403
1392,1412
1392,1428
1392,7489
1392,83737
1402,1403
1402,1412
1402,1424
1402,1428
1402,1438
1403,1412
1403,1424
1403,1428
1403,1438
1403,1440
1412,1424
1412,1428
1412,1438
1412,1440
1412,1441
1424,1428
1424,1438
1424,1440
1424,1441
1424,1443
1424,20765
1428,1438
1428,1440
1428,1441
1428,1443
1428,1450
1428,88656
1438,1440
1438,1441
1438,1443
1438,1450
1438,1455
1440,1441
1440,1443
1440,1450
1440,1457
1440,78602
1440,56861
1441,1443
1441,1450
1441,1455
1441,1457
1441,1460
1443,1450
1443,1457
1443,1460
1443,1463
1443,3235
1443,62281
1450,1455
1450,1457
1450,1460
1450,1463
1450,1465
1455,1457
1455,1460
1455,1463
1455,1465
1455,1483
1457,1460
1457,1463
1457,1465
1457,1483
1457,1496
1457,43927
1460,1463
1460,1465
1460,1496
1460,1500
1460,48289
1463,1465
1463,1483
1463,1496
1463,1500
1463,1502
1465,1483
1465,1496
1465,1500
1465,1502
1465,1510
1465,7931
1465,44302
1483,1496
1483,1500
1483,1502
1483,1510
1483,1518
1496,1500
1496,1510
1496,1518
1496,1521
1496,93388
1500,1502
1500,1510
1500,1518
1500,1527
1500,96838
1502,1510
1502,1518
1502,1521
1502,1527
1502,1536
1510,1518
1510,1521
1510,1527
1510,1536
1510,1541
1518,1521
1518,1527
1518,1536
1518,1541
1518,1542
1518,32279
1521,1527
1521,1541
1521,1542
1521,1547
1521,33549
1521,23173
1527,1536
1527,1542
1527,1547
1527,1549
1527,46863
1536,1541
1536,1542
1536,1547
1536,1549
1536,1553
1536,89549
1541,1542
1541,1547
1541,1549
1541,1556
1541,11223
1542,1547
1542,1549
1542,1553
1542,1556
1542,1559
1542,31259
1547,1549
1547,1553
1547,1556
1547,1559
1547,1562
1549,1556
1549,1559
1549,1562
1549,1567
1549,84816
1553,1556
1553,1559
1553,1562
1553,1567
1553,1571
1553,25838
1553,48201
1556,1559
1556,1562
1556,1567
1556,1571
1556,1574
1559,1562
1559,1567
1559,1575
1559,10582
1559,56814
1559,10552
1559,32256
1562,1567
1562,1571
1562,1574
1562,1575
1562,1583
1567,1571
1567,1574
1567,1583
1567,1584
1567,7416
1571,1574
1571,1575
1571,1583
1571,1584
1571,1585
1574,1575
1574,1583
1574,1585
1574,1592
1574,32783
1575,1583
1575,1584
1575,1585
1575,1592
1575,1603
1583,1584
1583,1585
1583,1592
1583,1603
1583,1607
1584,1585
1584,1592
1584,1603
1584,1607
1584,1612
1585,1592
1585,1603
1585,1607
1585,1612
1585,53419
1592,1603
1592,1607
1592,1612
1592,1616
1592,12775
1603,1607
1603,1612
1603,1616
1603,1620
1603,1631
1603,97599
1607,1612
1607,1616
1607,1620
1607,1631
1607,1632
1612,1616
1612,1620
1612,1631
1612,1632
1612,1639
1616,1620
1616,1631
1616,1632
1616,1639
1616,1640
1620,1631
1620,1632
1620,1639
1620,1640
1620,1647
1631,1632
1631,1639
1631,1640
1631,1647
1631,1656
1632,1639
1632,1640
1632,1647
1632,1656
1632,1672
1639,1640
1639,1647
1639,1656
1639,1672
1639,1674
1640,1647
1640,1656
1640,1672
1640,1674
1640,1675
1640,27308
1647,1656
1647,1672
1647,1674
1647,1675
1647,1677
1647,11862
1656,1672
1656,1674
1656,1677
1656,1687
1656,24731
1672,1674
1672,1675
1672,1677
1672,1687
1672,1688
1672,74683
1674,1675
1674,1677
1674,1687
1674,1689
1674,25252
1674,40450
1675,1677
1675,1687
1675,1688
1675,1689
1675,23630
1677,1687
1677,1688
1677,1689
1677,1690
1677,1692
1687,1689
1687,1690
1687,1692
1687,1696
1687,75153
1687,66099
1687,13878
1688,1689
1688,1690
1688,1692
1688,1696
1688,1699
1688,58292
1689,1690
1689,1692
1689,1696
1689,1699
1689,1700
1689,82320
1689,71933
1690,1692
1690,1696
1690,1699
1690,1700
1690,1703
1690,25984
1692,1696
1692,1699
1692,1700
1692,1703
1692,1705
1696,1699
1696,1700
1696,1703
1696,1705
1696,1714
1696,11933
1696,63702
1696,40972
1699,1703
1699,1705
1699,1714
1699,1715
1699,76322
1700,1703
1700,1705
1700,1714
1700,1715
1700,1716
1700,54035
1703,1705
1703,1714
1703,1716
1703,1724
1703,41641
1705,1714
1705,1715
1705,1716
1705,1724
1705,1727
1705,34868
1714,1715
1714,1716
1714,1724
1714,1727
1714,1731
1714,70825
1715,1716
1715,1724
1715,1727
1715,1731
1715,7873
1715,73005
1716,1724
1716,1731
1716,1732
1716,89146
1716,20244
1724,1727
1724,1731
1724,1732
1724,1733
1724,1740
1724,12023
1727,1731
1727,1732
1727,1733
1727,1740
1727,1748
1731,1732
1731,1733
1731,1740
1731,1748
1731,1754
1731,2967
1732,1733
1732,1740
1732,1748
1732,1754
1732,1755
1733,1740
1733,1748
1733,1754
1733,1755
1733,1765
1740,1748
1740,1754
1740,1755
1740,1765
1740,1774
1740,43972
1740,31285
1748,1755
1748,1765
1748,1774
1748,32767
1748,24734
1748,34700
1754,1755
1754,1765
1754,1774
1754,1784
1754,1789
1755,1765
1755,1774
1755,1784
1755,1789
1755,1794
1765,1784
1765,1789
1765,1794
1765,1801
1765,69543
1765,94579
1765,3967
1774,1784
1774,1789
1774,1794
1774,1801
1774,1806
1774,35043
1784,1789
1784,1794
1784,1801
1784,1807
1784,66999
1789,1794
1789,1801
1789,1806
1789,1807
1789,1808
1789,37925
1794,1801
1794,1806
1794,1807
1794,1808
1794,11655
1801,1806
1801,1807
1801,1808
1801,1810
1801,1812
1801,49213
1801,55769
1806,1807
1806,1808
1806,1810
1806,1812
1806,1815
1807,1808
1807,1810
1807,1812
1807,1815
1807,1822
1808,1810
1808,1812
1808,1815
1808,1822
1808,1833
1808,73535
1810,1812
1810,1815
1810,1822
1810,1833
1810,1834
1810,77462
1812,1815
1812,1822
1812,1833
1812,1834
1812,1837
1812,40452
1815,1833
1815,1834
1815,1837
1815,1840
1815,69609
1822,1833
1822,1834
1822,1837
1822,1840
1822,25443
1833,1834
1833,1837
1833,1840
1833,1848
1833,1851
1834,1837
1834,1840
1834,1848
1834,1856
1834,58507
1837,1840
1837,1848
1837,1851
1837,1856
1837,1857
1840,1851
1840,1856
1840,1857
1840,1860
1840,5663
1840,91213
1848,1851
1848,1856
1848,1857
1848,1861
1848,91824
1848,18508
1851,1856
1851,1857
1851,1860
1851,1861
1851,1863
1851,24043
1851,86747
1856,1857
1856,1860
1856,1861
1856,1863
1856,1866
1857,1860
1857,1861
1857,1866
1857,1871
1857,40843
1857,43231
1860,1861
1860,1863
1860,1866
1860,1871
1860,1872
1860,28981
1861,1863
1861,1866
1861,1871
1861,1872
1861,1873
1861,82993
1863,1866
1863,1871
1863,1872
1863,1873
1863,55257
1866,1871
1866,1872
1866,1873
1866,1878
1866,1879
1871,1872
1871,1873
1871,1878
1871,1879
1871,1885
1872,1873
1872,1878
1872,1879
1872,1885
1872,1889
1872,34637
1873,1878
1873,1885
1873,1889
1873,1893
1873,76823
1873,50703
1878,1879
1878,1885
1878,1889
1878,1893
1878,1895
1879,1885
1879,1889
1879,1893
1879,35183
1879,29721
1885,1893
1885,1895
1885,1900
1885,1904
1885,15257
1889,1895
1889,1900
1889,1904
1889,1917
1889,6013
1893,1895
1893,1900
1893,1917
1893,1924
1893,23188
1895,1904
1895,1917
1895,1925
1895,79754
1895,88053
1900,1904
1900,1917
1900,1924
1900,1925
1900,1929
1900,92546
1904,1917
1904,1924
1904,1925
1904,1929
1904,1930
1917,1924
1917,1929
1917,1930
1917,1933
1917,86522
1924,1925
1924,1929
1924,1930
1924,1936
1924,38467
1925,1929
1925,1930
1925,1933
1925,1936
1925,1944
1929,1930
1929,1933
1929,1936
1929,1944
1929,1955
1929,65195
1930,1933
1930,1936
1930,1944
1930,1955
1930,1956
1933,1936
1933,1944
1933,1955
1933,1956
1933,1958
1936,1944
1936,1955
1936,1956
1936,1958
1936,1959
1944,1955
1944,1956
1944,1958
1944,1959
1944,1961
1955,1956
1955,1958
1955,1959
1955,1961
1955,1966
1956,1958
1956,1959
1956,1961
1956,1966
1956,1968
1956,50454
1956,91040
1958,1959
1958,1966
1958,1977
1958,57905
1958,4791
1958,48302
1959,1961
1959,1968
1959,1977
1959,1982
1959,28458
1961,1966
1961,1968
1961,1982
1961,66518
1961,11268
1961,62701
1966,1968
1966,1977
1966,1982
1966,1992
1966,1993
1968,1977
1968,1982
1968,1992
1968,1993
1968,2007
1977,1982
1977,1992
1977,1993
1977,2007
1977,2012
1977,39259
1982,1992
1982,2007
1982,2012
1982,2015
1982,88615
1982,2853
1992,1993
1992,2012
1992,2015
1992,2016
1992,4139
1993,2007
1993,2012
1993,2016
1993,2019
2007,2012
2007,2015
2007,2016
2007,2019
2007,2022
2007,6066
2012,2015
2012,2016
2012,2019
2012,2022
2012,2023
2012,61878
2015,2016
2015,2019
2015,2022
2015,2023
2015,45795
2015,69472
2015,98516
2016,2019
2016,2022
2016,2023
2016,2026
2016,2027
2019,2022
2019,2026
2019,2027
2019,2032
2019,27672
2022,2023
2022,2026
2022,2027
2022,2032
2022,2036
2023,2026
2023,2027
2023,2032
2023,2036
2023,2045
2026,2027
2026,2032
2026,2045
2026,2055
2026,99291
2026,46459
2027,2032
2027,2036
2027,2045
2027,2055
2027,2056
2032,2036
2032,2045
2032,2055
2032,2056
2032,2062
2036,2045
2036,2056
2036,2062
2036,2066
2036,84537
2036,30834
2045,2055
2045,2056
2045,2062
2045,2068
2045,22307
2055,2056
2055,2062
2055,2066
2055,2068
2055,18696
2055,98765
2056,2062
2056,2066
2056,2068
2056,2070
2056,2078
2056,56698
2056,38137
2062,2066
2062,2068
2062,2070
2062,2078
2062,82557
2066,2070
2066,2078
2066,2079
2066,2086
2066,6957
2066,56423
2068,2070
2068,2079
2068,2086
2068,2096
2068,11223
2068,65523
2070,2078
2070,2079
2070,2086
2070,2096
2070,2108
2078,2079
2078,2086
2078,2096
2078,2108
2078,2109
2078,64676
2079,2086
2079,2096
2079,2108
2079,2109
2079,2111
2079,38401
2079,87364
2086,2096
2086,2109
2086,2111
2086,2113
2086,9127
2096,2108
2096,2109
2096,2111
2096,2113
2096,2124
2108,2109
2108,2111
2108,2113
2108,2124
2108,2128
2108,41845
2109,2113
2109,2124
2109,2128
2109,2131
2109,77260
2109,50244
2111,2113
2111,2124
2111,2128
2111,2131
2111,2132
2111,74865
2113,2124
2113,2131
2113,2132
2113,2133
2113,43541
2113,48858
2124,2128
2124,2131
2124,2133
2124,2137
2124,4021
2128,2131
2128,2132
2128,2133
2128,2137
2128,2138
2131,2132
2131,2133
2131,2137
2131,2138
2131,2144
2131,15762
2132,2133
2132,2137
2132,2138
2132,2144
2132,2145
2133,2137
2133,2138
2133,2144
2133,2145
2133,2148
2133,81519
2133,95003
2137,2144
2137,2145
2137,2148
2137,2150
2137,80083
2138,2144
2138,2145
2138,2148
2138,2150
2138,2152
2138,60377
2144,2145
2144,2148
2144,2150
2144,2152
2144,2154
2144,99007
2145,2148
2145,2150
2145,2152
2145,2160
2145,35296
2145,91038
2148,2150
2148,2152
2148,2154
2148,2160
2148,2161
2150,2152
2150,2154
2150,2161
2150,2168
2150,79694
2152,2154
2152,2160
2152,2161
2152,2168
2152,2169
2154,2160
2154,2161
2154,2168
2154,2169
2154,2174
2160,2161
2160,2168
2160,2169
2160,2174
2160,2178
2161,2168
2161,2169
2161,2174
2161,2178
2161,2179
2161,36184
2168,2169
2168,2174
2168,2178
2168,2179
2168,2181
2169,2174
2169,2178
2169,2179
2169,2190
2169,64137
2174,2178
2174,2179
2174,2181
2174,2190
2174,2191
2178,2179
2178,2181
2178,2190
2178,2201
2178,45285
2179,2181
2179,2190
2179,2191
2179,2201
2179,2203
2179,42775
2181,2190
2181,2191
2181,2201
2181,2203
2181,2204
2190,2191
2190,2201
2190,2203
2190,2204
2190,2210
2191,2201
2191,2203
2191,2204
2191,2210
2191,2211
2201,2203
2201,2204
2201,2210
2201,2216
2201,67529
2203,2204
2203,2210
2203,2211
2203,2216
2203,45713
2203,29658
2204,2210
2204,2211
2204,2216
2204,2223
2204,2244
2210,2211
2210,2216
2210,2223
2210,2244
2210,2245
2211,2223
2211,2244
2211,2245
2211,2255
2211,28271
2216,2223
2216,2244
2216,2245
2216,2258
2216,90602
2223,2244
2223,2245
2223,2255
2223,2258
2223,2259
2244,2245
2244,2255
2244,2258
2244,2259
2244,2260
2245,2255
2245,2259
2245,2260
2245,2272
2245,34086
2255,2258
2255,2259
2255,2260
2255,2272
2255,2274
2258,2259
2258,2260
2258,2272
2258,2274
2258,2283
2258,19201
2258,25513
2258,87542
2259,2260
2259,2272
2259,2274
2259,2283
2259,2285
2260,2272
2260,2274
2260,2283
2260,2285
2260,2293
2272,2274
2272,2283
2272,2285
2272,2295
2274,2283
2274,2285
2274,2293
2274,2297
2274,12519
2274,87263
2283,2285
2283,2293
2283,2295
2283,2297
2283,2299
2283,33978
2285,2295
2285,2299
2285,2306
2285,27368
2285,85525
2293,2295
2293,2297
2293,2299
2293,2306
2293,2308
2293,27775
2295,2297
2295,2299
2295,2306
2295,2308
2295,2310
2297,2299
2297,2306
2297,2308
2297,2310
2297,2311
2299,2306
2299,2308
2299,2310
2299,2311
2299,2326
2306,2326
2306,2330
2306,19411
2306,74703
2306,76118
2308,2311
2308,2326
2308,2330
2308,2336
2308,85696
2308,92129
2310,2311
2310,2326
2310,2330
2310,2336
2310,2338
2311,2326
2311,2330
2311,2336
2311,2338
2311,2344
2311,92075
2326,2330
2326,2336
2326,2338
2326,2344
2326,2346
2330,2336
2330,2338
2330,2344
2330,2346
2330,2359
2336,2338
2336,2344
2336,2346
2336,2359
2336,2367
2338,2344
2338,2359
2338,2367
2338,2368
2338,52653
2344,2346
2344,2359
2344,2367
2344,2368
2344,2369
2344,77746
2346,2359
2346,2367
2346,2368
2346,42627
2346,60009
2359,2367
2359,2368
2359,2374
2359,2378
2359,10552
2359,96261
2367,2368
2367,2369
2367,2378
2367,2380
2367,97162
2368,2369
2368,2374
2368,2378
2368,2380
2368,2382
2368,76975
2368,63963
2369,2374
2369,2378
2369,2380
2369,2382
2369,2385
2369,53116
2374,2378
2374,2385
2374,2390
2374,18169
2374,84820
2374,54362
2378,2380
2378,2382
2378,2390
2378,2397
2378,39303
2380,2382
2380,2385
2380,2390
2380,2397
2380,97597
2382,2390
2382,2402
2382,2409
2382,47908
2382,38073
2385,2390
2385,2397
2385,2402
2385,2409
2385,2411
2390,2402
2390,2409
2390,2416
2390,36010
2390,20146
2397,2402
2397,2409
2397,2411
2397,2416
2397,2418
2397,23033
2402,2409
2402,2411
2402,2416
2402,2418
2402,2420
2409,2411
2409,2418
2409,2420
2409,2424
2409,71353
2411,2416
2411,2420
2411,2424
2411,2425
2411,79767
2416,2418
2416,2420
2416,2424
2416,2425
2416,93575
2416,66791
2418,2420
2418,2424
2418,2425
2418,2436
2418,2438
2420,2424
2420,2425
2420,2436
2420,2439
2420,57273
2424,2425
2424,2436
2424,2439
2424,2440
2424,31435
2425,2436
2425,2439
2425,2440
2425,2442
2425,52156
2436,2438
2436,2440
2436,2442
2436,71717
2436,76417
2438,2439
2438,2440
2438,2442
2438,2443
2438,2447
2439,2440
2439,2442
2439,2443
2439,2452
2439,76829
2440,2442
2440,2443
2440,2452
2440,2453
2440,66858
2440,89419
2442,2443
2442,2447
2442,2452
2442,2453
2442,2458
2442,48097
2443,2447
2443,2452
2443,2453
2443,2458
2443,2461
2447,2452
2447,2453
2447,2458
2447,2461
2447,2469
2452,2453
2452,2458
2452,2461
2452,2469
2452,12615
2452,77486
2453,2458
2453,2461
2453,2469
2453,2475
2453,2477
2458,2461
2458,2469
2458,2475
2458,2477
2458,78223
2461,2469
2461,2475
2461,2477
2461,2486
2461,21010
2469,2475
2469,2477
2469,2484
2469,2486
2469,2488
2469,99803
2475,2477
2475,2484
2475,2486
2475,2488
2475,2490
2477,2484
2477,2486
2477,2488
2477,2490
2477,2497
2484,2486
2484,2488
2484,2490
2484,2497
2484,2499
2486,2488
2486,2490
2486,2497
2486,2499
2486,2503
2488,2490
2488,2497
2488,2499
2488,2503
2488,2508
2490,2497
2490,2503
2490,2508
2490,2510
2490,45628
2497,2499
2497,2508
2497,2510
2497,2511
2497,17453
2497,10990
2499,2503
2499,2508
2499,2510
2499,2517
2499,87057
2503,2508
2503,2510
2503,2511
2503,2517
2503,2519
2508,2510
2508,2511
2508,2517
2508,2519
2508,2523
2510,2511
2510,2517
2510,2519
2510,2523
2510,2524
2510,27215
2511,2517
2511,2519
2511,2523
2511,2524
2511,2526
2511,83556
2511,82746
2511,46832
2517,2519
2517,2523
2517,2524
2517,2526
2517,2528
2519,2523
2519,2524
2519,2526
2519,2528
2519,2530
2523,2524
2523,2528
2523,2530
2523,2544
2523,72944
2524,2526
2524,2528
2524,2530
2524,2544
2524,2550
2526,2528
2526,2544
2526,2550
2526,2551
2526,81978
2528,2530
2528,2544
2528,2550
2528,2551
2528,38282
2530,2544
2530,2551
2530,2560
2530,2564
2530,65771
2544,2550
2544,2560
2544,2564
2544,2565
2544,46205
2550,2551
2550,2564
2550,2565
2550,2579
2550,17097
2550,25469
2551,2560
2551,2564
2551,2565
2551,2579
2551,2580
2560,2564
2560,2565
2560,2579
2560,2580
2560,2583
2564,2565
2564,2579
2564,2580
2564,2583
2564,2584
2565,2579
2565,2580
2565,2583
2565,2584
2565,2589
2565,28607
2579,2580
2579,2583
2579,2589
2579,2591
2579,53841
2579,37390
2580,2583
2580,2584
2580,2589
2580,2591
2580,50619
2583,2584
2583,2591
2583,2601
2583,2609
2583,9751
2583,95999
2584,2589
2584,2591
2584,2601
2584,2609
2584,61689
2589,2591
2589,2601
2589,2609
2589,2613
2589,2621
2591,2601
2591,2609
2591,2613
2591,2621
2591,2624
2591,30611
2601,2609
2601,2613
2601,2621
2601,2624
2601,2636
2609,2613
2609,2621
2609,2624
2609,2636
2609,2642
2613,2621
2613,2624
2613,2636
2613,2642
2613,2643
2613,24999
2621,2624
2621,2636
2621,2643
2621,2647
2621,23786
2624,2636
2624,2642
2624,2643
2624,2647
2624,48073
2636,2642
2636,2643
2636,2647
2636,2655
2636,2658
2636,41557
2636,13514
2642,2643
2642,2647
2642,2655
2642,2658
2642,2664
2642,69870
2643,2647
2643,2655
2643,2658
2643,2664
2643,2665
2647,2655
2647,2658
2647,2664
2647,2665
2647,2670
2655,2658
2655,2664
2655,2665
2655,2670
2655,2671
2658,2664
2658,2665
2658,2670
2658,2671
2658,2674
2658,60306
2664,2665
2664,2671
2664,2674
2664,2677
2664,41417
2664,55136
2665,2670
2665,2671
2665,2674
2665,2677
2665,2685
2665,40273
2670,2671
2670,2674
2670,2677
2670,2685
2670,26414
2671,2674
2671,2677
2671,2685
2671,2689
2671,2690
2674,2677
2674,2685
2674,2689
2674,2698
2674,12190
2674,83400
2677,2685
2677,2689
2677,2698
2677,2700
2677,80161
2677,14687
2685,2689
2685,2690
2685,2698
2685,2700
2685,2701
2689,2690
2689,2698
2689,2700
2689,2701
2689,2702
2690,2698
2690,2701
2690,2702
2690,2704
2690,23000
2690,89685
2698,2700
2698,2701
2698,2702
2698,2704
2698,2706
2700,2701
2700,2702
2700,2704
2700,2706
2700,2716
2701,2702
2701,2704
2701,2706
2701,2716
2701,2719
2702,2704
2702,2706
2702,2716
2702,2719
2702,2723
2702,9645
2702,84715
2704,2706
2704,2719
2704,2723
2704,2725
2704,92643
2704,91383
2706,2716
2706,2719
2706,2723
2706,2725
2706,2734
2706,62605
2716,2719
2716,2723
2716,2725
2716,2736
2716,39298
2719,2736
2719,2737
2719,25762
2719,98640
2719,30745
2723,2725
2723,2736
2723,2737
2723,2741
2723,61443
2725,2734
2725,2736
2725,2737
2725,2741
2725,2744
2725,65844
2734,2737
2734,2741
2734,2758
2734,96612
2734,69964
2736,2737
2736,2741
2736,2744
2736,2758
2736,2764
2737,2741
2737,2744
2737,2758
2737,2764
2737,2766
2741,2744
2741,2758
2741,2764
2741,2766
2741,2769
2744,2758
2744,2764
2744,2766
2744,2769
2744,2771
2744,28465
2758,2764
2758,2766
2758,2769
2758,2771
2758,2777
2764,2766
2764,2769
2764,2771
2764,2778
2764,63500
2766,2771
2766,2777
2766,2778
2766,2782
2766,60549
2766,36281
2769,2777
2769,2778
2769,2782
2769,2783
2769,75632
2769,37198
2769,96969
2771,2777
2771,2778
2771,2782
2771,2783
2771,67457
2771,22384
2777,2778
2777,2782
2777,2783
2777,2787
2777,2793
2778,2782
2778,2783
2778,2787
2778,2793
2778,94636
2782,2783
2782,2787
2782,2793
2782,2794
2782,2798
2783,2793
2783,2794
2783,2798
2783,2800
2783,41179
2783,3655
2783,19451
2787,2793
2787,2794
2787,2800
2787,2812
2787,85863
2787,58869
2793,2794
2793,2798
2793,2800
2793,2812
2793,2817
2794,2798
2794,2800
2794,2817
2794,2821
2794,45988
2798,2800
2798,2812
2798,2817
2798,2821
2798,2831
2800,2812
2800,2817
2800,2831
2800,2832
2800,27142
2812,2817
2812,2821
2812,2831
2812,2832
2812,2834
2817,2821
2817,2831
2817,2832
2817,2834
2817,2836
2821,2831
2821,2832
2821,2834
2821,2836
2821,2838
2831,2832
2831,2834
2831,2836
2831,2838
2831,2841
2831,9160
2832,2834
2832,2836
2832,2838
2832,2841
2832,85677
2834,2836
2834,2838
2834,2841
2834,2842
2834,15356
2834,9754
2836,2838
2836,2841
2836,2842
2836,2843
2836,2846
2838,2841
2838,2842
2838,2843
2838,2846
2838,2849
2841,2842
2841,2843
2841,2846
2841,2849
2841,66612
2842,2843
2842,2846
2842,2849
2842,2853
2842,2859
2843,2846
2843,2849
2843,2853
2843,2859
2843,3697
2846,2849
2846,2853
2846,2859
2846,2873
2846,73361
2846,87675
2849,2853
2849,2859
2849,2873
2849,2876
2849,2879
2849,17899
2853,2859
2853,2876
2853,2879
2853,2881
2853,16958
2859,2873
2859,2879
2859,2881
2859,60559
2859,10078
2859,4316
2873,2876
2873,2879
2873,2881
2873,2883
2873,2890
2876,2879
2876,2881
2876,2883
2876,2890
2876,2895
2879,2881
2879,2883
2879,2890
2879,2895
2879,2897
2879,43793
2879,99069
2881,2883
2881,2890
2881,2895
2881,2897
2881,32999
2883,2890
2883,2895
2883,2897
2883,2907
2883,2918
2890,2895
2890,2897
2890,2907
2890,2918
2890,2920
2895,2897
2895,2918
2895,2920
2895,2921
2895,38083
2897,2920
2897,2921
2897,2923
2897,73573
2897,88493
2897,99251
2907,2918
2907,2920
2907,2921
2907,2923
2907,2928
2918,2920
2918,2921
2918,2923
2918,2928
2918,2933
2920,2921
2920,2923
2920,2928
2920,2933
2920,27142
2920,38635
2921,2923
2921,2928
2921,2933
2921,2935
2921,2939
2923,2928
2923,2933
2923,2935
2923,2947
2923,60173
2928,2933
2928,2935
2928,2939
2928,2947
2928,2948
2933,2935
2933,2939
2933,2947
2933,2948
2933,2952
2935,2939
2935,2947
2935,2948
2935,2952
2935,2954
2935,92944
2939,2947
2939,2948
2939,2952
2939,2954
2939,2955
2939,13508
2947,2952
2947,2954
2947,2955
2947,2957
2947,81166
2947,83110
2948,2954
2948,2955
2948,2957
2948,2963
2948,50544
2952,2955
2952,2957
2952,2963
2952,2967
2952,8809
2952,16768
2954,2955
2954,2957
2954,2963
2954,2967
2954,2971
2955,2957
2955,2963
2955,2967
2955,2971
2955,2977
2957,2963
2957,2967
2957,2971
2957,2977
2957,2983
2957,88569
2957,68073
2963,2967
2963,2971
2963,2977
2963,2983
2963,2986
2963,82848
2967,2977
2967,93716
2967,9541
2967,21533
2971,2977
2971,2983
2971,2986
2971,2987
2971,2991
2971,58695
2977,2983
2977,2986
2977,2987
2977,2991
2977,3000
2983,2987
2983,2991
2983,3000
2983,3003
2983,88800
2983,28778
2983,54985
2986,2987
2986,2991
2986,3000
2986,3003
2986,3006
2986,93411
2987,2991
2987,3000
2987,3003
2987,3006
2987,3008
2991,3000
2991,3003
2991,3006
2991,3011
2991,54298
2991,91631
3000,3008
3000,3011
3000,3016
3000,62972
3000,35313
3003,3006
3003,3008
3003,3011
3003,3016
3003,3018
3003,72800
3003,97772
3006,3008
3006,3011
3006,3016
3006,3018
3006,3020
3006,23723
3008,3011
3008,3018
3008,3020
3008,3023
3008,52175
3008,41471
3011,3016
3011,3018
3011,3020
3011,3023
3011,69259
3011,55266
3016,3018
3016,3020
3016,3023
3016,3026
3016,3031
3018,3020
3018,3023
3018,3026
3018,3031
3018,3032
3018,31269
3018,26976
3020,3023
3020,3026
3020,3031
3020,3032
3020,3033
3023,3026
3023,3032
3023,3033
3023,3044
3023,77724
3026,3031
3026,3032
3026,3033
3026,3044
3026,3046
3031,3032
3031,3033
3031,3044
3031,3046
3031,3049
3031,79945
3032,3033
3032,3044
3032,3049
3032,3053
3032,79055
3033,3044
3033,3046
3033,3049
3033,3053
3033,3054
3044,3046
3044,3049
3044,3053
3044,3054
3044,3061
3046,3053
3046,3054
3046,3061
3046,3062
3046,21560
3046,70865
3046,6420
3049,3053
3049,3054
3049,3061
3049,3062
3049,3063
3049,75975
3053,3054
3053,3061
3053,3062
3053,3063
3053,3064
3054,3061
3054,3062
3054,3064
3054,3065
3054,88644
3054,71925
3061,3062
3061,3063
3061,3065
3061,3071
3061,47526
3061,84472
3062,3063
3062,3064
3062,3065
3062,3071
3062,3072
3062,45390
3063,3064
3063,3065
3063,3071
3063,3072
3063,3078
3064,3065
3064,3071
3064,3078
3064,3080
3064,95092
3065,3071
3065,3072
3065,3078
3065,3080
3065,3089
3071,3072
3071,3078
3071,3080
3071,3089
3071,3093
3071,19419
3072,3078
3072,3080
3072,3089
3072,3093
3072,3096
3078,3080
3078,3089
3078,3093
3078,3096
3078,3099
3080,3093
3080,3096
3080,3099
3080,42715
3080,58808
3089,3093
3089,3096
3089,3099
3089,3103
3089,3104
3093,3096
3093,3099
3093,3103
3093,3107
3093,99461
3096,3099
3096,3103
3096,3104
3096,3107
3096,3108
3099,3103
3099,3104
3099,3107
3099,3108
3099,3109
3103,3104
3103,3107
3103,3108
3103,3109
3103,3113
3104,3107
3104,3108
3104,3109
3104,3113
3104,3119
3107,3108
3107,3119
3107,3136
3107,42067
3107,11136
3108,3109
3108,3113
3108,3119
3108,3136
3108,3137
3109,3113
3109,3119
3109,3136
3109,3137
3109,3144
3109,95654
3113,3137
3113,3144
3113,3148
3113,60444
3113,83066
3119,3136
3119,3137
3119,3144
3119,3149
3119,57549
3136,3137
3136,3144
3136,3148
3136,3149
3136,3156
3136,24087
3137,3144
3137,3148
3137,3149
3137,3156
3137,3157
3144,3148
3144,3149
3144,3156
3144,3157
3144,3162
3148,3149
3148,3156
3148,3157
3148,3162
3148,3167
3148,92512
3149,3156
3149,3157
3149,3162
3149,3167
3149,3183
3156,3157
3156,3162
3156,3167
3156,3183
3156,3185
3156,81884
3157,3162
3157,3167
3157,3183
3157,3185
3157,3187
3157,32464
3162,3183
3162,3185
3162,3187
3162,3188
3162,8374
3167,3183
3167,3185
3167,3187
3167,3188
3167,3192
3183,3188
3183,3192
3183,3205
3183,84838
3183,9428
3183,85931
3183,56907
3185,3188
3185,3192
3185,3205
3185,3209
3185,49568
3187,3188
3187,3192
3187,3205
3187,3209
3187,3210
3187,38362
3188,3205
3188,3209
3188,3210
3188,3220
3188,16659
3192,3205
3192,3209
3192,3210
3192,3220
3192,3225
3205,3209
3205,3210
3205,3220
3205,3234
3205,98346
3205,18064
3209,3210
3209,3220
3209,3234
3209,3235
3209,11196
3210,3220
3210,3225
3210,3234
3210,3235
3210,3238
3220,3225
3220,3234
3220,3235
3220,3238
3220,3256
3225,3234
3225,3235
3225,3238
3225,3258
3225,14507
3225,44325
3234,3235
3234,3258
3234,3262
3234,34582
3234,70152
3234,69861
3234,29344
3234,65476
3235,3256
3235,3258
3235,3262
3235,3263
3235,13306
3238,3256
3238,3258
3238,3263
3238,3266
3238,51674
3238,91251
3238,77350
3256,3258
3256,3263
3256,3266
3256,3271
3256,65586
3258,3262
3258,3263
3258,3266
3258,3271
3258,81701
3262,3263
3262,3266
3262,3271
3262,3275
3262,3276
3262,14414
3263,3266
3263,3271
3263,3275
3263,60414
3263,15793
3263,20363
3263,30569
3266,3275
3266,3280
3266,3281
3266,19937
3266,21751
3271,3275
3271,3276
3271,3280
3271,3281
3271,3285
3271,86711
3275,3276
3275,3280
3275,3281
3275,3287
3275,5012
3276,3280
3276,3281
3276,3285
3276,3287
3276,3288
3280,3285
3280,3287
3280,3288
3280,3294
3280,59487
3280,43216
3280,80791
3280,82709
3281,3285
3281,3287
3281,3288
3281,3294
3281,3296
3285,3287
3285,3288
3285,3294
3285,3296
3285,3297
3287,3288
3287,3294
3287,3297
3287,3299
3287,48880
3287,16774
3288,3294
3288,3296
3288,3299
3288,3310
3288,97876
3294,3296
3294,3297
3294,3299
3294,3310
3294,3315
3294,82143
3296,3297
3296,3310
3296,3315
3296,3320
3296,17432
3297,3299
3297,3310
3297,3315
3297,3320
3297,3321
3299,3310
3299,3315
3299,3320
3299,3321
3299,3323
3299,42934
3310,3315
3310,3321
3310,3323
3310,3324
3310,98665
3315,3320
3315,3321
3315,3323
3315,3324
3315,3329
3320,3321
3320,3323
3320,3324
3320,3329
3320,3331
3321,3323
3321,3324
3321,3329
3321,3331
3321,3334
3321,80793
3321,99771
3323,3324
3323,3329
3323,3331
3323,3348
3323,99889
3324,3329
3324,3331
3324,3334
3324,3348
3324,3350
3324,40448
3324,82885
3329,3331
3329,3334
3329,3348
3329,3350
3329,3352
3331,3334
3331,3348
3331,3350
3331,3352
3331,3354
3334,3348
3334,3350
3334,3352
3334,3354
3334,3358
3334,90145
3348,3350
3348,3352
3348,3354
3348,3358
3348,3361
3350,3352
3350,3354
3350,3358
3350,3361
3350,3363
3352,3354
3352,3358
3352,3361
3352,3363
3352,3365
3354,3358
3354,3361
3354,3365
3354,3374
3354,28298
3358,3361
3358,3363
3358,3365
3358,3374
3358,3381
3361,3365
3361,3374
3361,3381
3361,3383
3361,10510
3361,8969
3363,3374
3363,3381
3363,3383
3363,3384
3363,55496
3365,3374
3365,3381
3365,3383
3365,3384
3365,3385
3374,3381
3374,3383
3374,3384
3374,3387
3374,55114
3381,3383
3381,3384
3381,3385
3381,3391
3381,39510
3383,3384
3383,3385
3383,3387
3383,3391
3383,3398
3384,3385
3384,3387
3384,3391
3384,3398
3384,3406
3385,3387
3385,3391
3385,3398
3385,3406
3385,3411
3387,3391
3387,3398
3387,3406
3387,3411
3387,3418
3391,3398
3391,3406
3391,3411
3391,3418
3391,3425
3398,3406
3398,3411
3398,3418
3398,3425
3398,3431
3406,3418
3406,3425
3406,22415
3406,66801
3406,30458
3406,14179
3411,3418
3411,3431
3411,3440
3411,3449
3411,23770
3411,90840
3418,3425
3418,3431
3418,3449
3418,3456
3418,77039
3425,3431
3425,3440
3425,3449
3425,3456
3425,3463
3431,3449
3431,3456
3431,3463
3431,3466
3431,87416
3440,3456
3440,3463
3440,3466
3440,3474
3440,59537
3440,88656
3440,10767
3449,3456
3449,3463
3449,3466
3449,3474
3449,3477
3456,3463
3456,3474
3456,3477
3456,3479
3456,75940
3456,30291
3463,3466
3463,3474
3463,3477
3463,3479
3463,3484
3466,3474
3466,3477
3466,3479
3466,3484
3466,3488
3466,23227
3474,3477
3474,3479
3474,3484
3474,3488
3474,3489
3474,27438
3474,70809
3477,3479
3477,3489
3477,3491
3477,16110
3477,36278
3479,3484
3479,3488
3479,3489
3479,3495
3479,12133
3484,3489
3484,3491
3484,3506
3484,16828
3484,61744
3484,85300
3488,3489
3488,3491
3488,3495
3488,3506
3488,3508
3488,67523
3489,3491
3489,3495
3489,3506
3489,3511
3489,5980
3489,24215
3491,3495
3491,3506
3491,3508
3491,3511
3491,3513
3491,91859
3495,3506
3495,3508
3495,3511
3495,3513
3495,3529
3506,3508
3506,3511
3506,3513
3506,3529
3506,23783
3508,3511
3508,3513
3508,3529
3508,3530
3508,3534
3508,18453
3508,77180
3511,3513
3511,3529
3511,3534
3511,3535
3511,20206
3511,11174
3513,3529
3513,3530
3513,3534
3513,3535
3513,3537
3529,3530
3529,3534
3529,3535
3529,3537
3529,3538
3530,3534
3530,3535
3530,3537
3530,3538
3530,3539
3534,3535
3534,3537
3534,3538
3534,3539
3534,11005
3534,36330
3535,3537
3535,3539
3535,3551
3535,17186
3535,92780
3535,27213
3537,3538
3537,3539
3537,3548
3537,3551
3537,3553
3537,23362
3538,3539
3538,3551
3538,3553
3538,3554
3538,32325
3538,82267
3539,3548
3539,3551
3539,3554
3539,3555
3539,54490
3548,3551
3548,3553
3548,3554
3548,3566
3548,37563
3551,3553
3551,3554
3551,3555
3551,3568
3551,12434
3551,59210
3551,36127
3553,3554
3553,3555
3553,3566
3553,3568
3553,3575
3554,3555
3554,3566
3554,3568
3554,3580
3554,81733
3555,3566
3555,3568
3555,3575
3555,3580
3555,22201
3566,3568
3566,3575
3566,3580
3566,3585
3566,3586
3568,3580
3568,3585
3568,3586
3568,3598
3568,66092
3575,3580
3575,3585
3575,3586
3575,3600
3575,11934
3580,3585
3580,3598
3580,3600
3580,3604
3580,67609
3585,3586
3585,3598
3585,3600
3585,3604
3585,3605
3585,77374
3585,99335
3585,23576
3586,3598
3586,3600
3586,3605
3586,3611
3586,83316
3598,3604
3598,3611
3598,3614
3598,28344
3598,98209
3600,3604
3600,3605
3600,3614
3600,3616
3600,86166
3604,3605
3604,3611
3604,3614
3604,3616
3604,3617
3605,3611
3605,3614
3605,3616
3605,3617
3605,3625
3611,3614
3611,3616
3611,3617
3611,3625
3611,3626
3611,87544
3614,3616
3614,3617
3614,3626
3614,3630
3614,75684
3616,3617
3616,3625
3616,3626
3616,3630
3616,3635
3617,3625
3617,3626
3617,3630
3617,3635
3617,3639
3625,3626
3625,3630
3625,3635
3625,3639
3625,3642
3625,88029
3626,3635
3626,3639
3626,3642
3626,3645
3626,43118
3630,3635
3630,3639
3630,3642
3630,3645
3630,3653
3635,3639
3635,3642
3635,3645
3635,3653
3635,40979
3639,3642
3639,3653
3639,3659
3639,52962
3639,90106
3642,3645
3642,3653
3642,3661
3642,85060
3642,8596
3645,3653
3645,3655
3645,3659
3645,3661
3645,16976
3653,3655
3653,3659
3653,6420
3653,70340
3653,6682
3655,3661
3655,3665
3655,3668
3655,3678
3659,3661
3659,3665
3659,3668
3659,3678
3659,36906
3661,3665
3661,3668
3661,3680
3661,3682
3661,78006
3665,3668
3665,3680
3665,3682
3665,30984
3665,76957
3668,3678
3668,3680
3668,3682
3668,3684
3668,90145
3678,3682
3678,3683
3678,3685
3678,14283
3678,84478
3680,3682
3680,3683
3680,3684
3680,3685
3680,3689
3682,3683
3682,3684
3682,3685
3682,3689
3682,3691
3682,21931
3683,3684
3683,3685
3683,3689
3683,3691
3683,47386
3684,3685
3684,3689
3684,3691
3684,3692
3684,18815
3684,55236
3685,3689
3685,3691
3685,3692
3685,3694
3685,3697
3689,3691
3689,3694
3689,3697
3689,3698
3689,89555
3691,3692
3691,3694
3691,3697
3691,3698
3691,3702
3692,3694
3692,3697
3692,3698
3692,3702
3692,3707
3692,93240
3694,3697
3694,3698
3694,3702
3694,3707
3694,3710
3694,88293
3694,51387
3697,3698
3697,3702
3697,3710
3697,3711
3697,66801
3697,55720
3698,3702
3698,3707
3698,3710
3698,3711
3698,3715
3702,3707
3702,3710
3702,3711
3702,3715
3702,3717
3707,3710
3707,3711
3707,3717
3707,3722
3707,52139
3710,3711
3710,3715
3710,3717
3710,3722
3710,3723
3711,3715
3711,3717
3711,3722
3711,3723
3711,3724
3715,3717
3715,3722
3715,3723
3715,3724
3715,56300
3717,3722
3717,3723
3717,3724
3717,3735
3717,69018
3717,14070
3722,3723
3722,3724
3722,3738
3722,50218
3722,59474
3723,3724
3723,3734
3723,3735
3723,3738
3723,3739
3724,3734
3724,3735
3724,3738
3724,3739
3724,3742
3724,18671
3724,19133
3724,46220
3734,3735
3734,3739
3734,3742
3734,3746
3734,20567
3735,3738
3735,3739
3735,3742
3735,3746
3735,3750
3738,3739
3738,3742
3738,3746
3738,95484
3738,72621
3738,69380
3738,99840
3739,3742
3739,3746
3739,3750
3739,3753
3739,3759
3742,3750
3742,3753
3742,3759
3742,3770
3742,94616
3746,3750
3746,3753
3746,3759
3746,3773
3746,96931
3750,3753
3750,3759
3750,3770
3750,3773
3750,3774
3753,3759
3753,3770
3753,3773
3753,3781
3753,21349
3753,82641
3753,69024
3759,3773
3759,3774
3759,3781
3759,3782
3759,81582
3770,3773
3770,3781
3770,3782
3770,3788
3770,47521
3773,3774
3773,3781
3773,3782
3773,3788
3773,3795
3774,3781
3774,3782
3774,3788
3774,3795
3774,3799
3781,3782
3781,3788
3781,3799
3781,3807
3781,10531
3782,3788
3782,3795
3782,3799
3782,3807
3782,3809
3788,3795
3788,3799
3788,3807
3788,3809
3788,3810
3788,27878
3795,3799
3795,3807
3795,3809
3795,3810
3795,70814
3795,30283
3799,3807
3799,3809
3799,3810
3799,3811
3799,3812
3807,3809
3807,3810
3807,3811
3807,3813
3807,60769
3809,3810
3809,3811
3809,3812
3809,3813
3809,3814
3810,3811
3810,3812
3810,3813
3810,3814
3810,3817
3811,3812
3811,3813
3811,3814
3811,3817
3811,3819
3812,3813
3812,3814
3812,3817
3812,3819
3812,3820
3813,3814
3813,3817
3813,3819
3813,3820
3813,85673
3814,3817
3814,3819
3814,3820
3814,3821
3814,3825
3814,83481
3817,3819
3817,3820
3817,3821
3817,3830
3817,15608
3819,3820
3819,3821
3819,3825
3819,3830
3819,3838
3819,8542
3820,3821
3820,3830
3820,3838
3820,3840
3820,46209
3821,3825
3821,3830
3821,3838
3821,3840
3821,3842
3821,24741
3825,3830
3825,3838
3825,3840
3825,3842
3825,54157
3825,97418
3830,3840
3830,3842
3830,3843
3830,3844
3830,79694
3830,38532
3838,3840
3838,3843
3838,3844
3838,3850
3838,49368
3840,3842
3840,3844
3840,3850
3840,3854
3840,46051
3842,3843
3842,3844
3842,3850
3842,3854
3842,3855
3843,3854
3843,3855
3843,3857
3843,17582
3843,33715
3844,3855
3844,3857
3844,3861
3844,71635
3844,72932
3850,3854
3850,3855
3850,3857
3850,3861
3850,3864
3854,3855
3854,3857
3854,3861
3854,3864
3854,3876
3855,3857
3855,3861
3855,3864
3855,3876
3855,3879
3855,8969
3855,72496
3857,3861
3857,3864
3857,3876
3857,3879
3857,3883
3861,3864
3861,3876
3861,3879
3861,3883
3861,3893
3864,3876
3864,3879
3864,3883
3864,3893
3864,3896
3876,3879
3876,3883
3876,3893
3876,3896
3876,92658
3876,56571
3879,3883
3879,3893
3879,3896
3879,3902
3879,18276
3883,3896
3883,3904
3883,3908
3883,9346
3883,14424
3883,5416
3893,3896
3893,3902
3893,3908
3893,3910
3893,7920
3893,20916
3896,3902
3896,3908
3896,3910
3896,3915
3896,16953
3896,92313
3902,3904
3902,3908
3902,3915
3902,3917
3902,18730
3902,69199
3904,3908
3904,3910
3904,3917
3904,3923
3904,83755
3908,3910
3908,3915
3908,3917
3908,3923
3908,91112
3910,3915
3910,3917
3910,3923
3910,3928
3910,3930
3910,52003
3915,3917
3915,3923
3915,3928
3915,3930
3915,3934
3917,3923
3917,3928
3917,3934
3917,3936
3917,54491
3923,3928
3923,3930
3923,3934
3923,3936
3923,73080
3928,3930
3928,3934
3928,3936
3928,3938
3928,3941
3930,3934
3930,3936
3930,3938
3930,3941
3930,49796
3930,74692
3934,3936
3934,3938
3934,3958
3934,63643
3934,88081
3936,3938
3936,3941
3936,3955
3936,3958
3936,3962
3936,48853
3938,3955
3938,3958
3938,3962
3938,87470
3938,77957
3938,65180
3941,3955
3941,3958
3941,3962
3941,3967
3941,3969
3941,97520
3941,76170
3955,3958
3955,3962
3955,3967
3955,3969
3955,3971
3955,14606
3958,3962
3958,3967
3958,3969
3958,3984
3958,67022
3958,91745
3962,3967
3962,3969
3962,3971
3962,3984
3962,3985
3967,3969
3967,3984
3967,3985
3967,3986
3969,3971
3969,3984
3969,3987
3969,73995
3969,57782
3969,83705
3971,3984
3971,3985
3971,3986
3971,3987
3971,70031
3984,3986
3984,3987
3984,3988
3984,3989
3984,40181
3985,3986
3985,3987
3985,3988
3985,3989
3985,3992
3986,3987
3986,3988
3986,3989
3986,3992
3986,3998
3987,3988
3987,3989
3987,3992
3987,3998
3987,4000
3988,3989
3988,3992
3988,3998
3988,4000
3988,4005
3989,3992
3989,3998
3989,4000
3989,4005
3989,4013
3992,3998
3992,4005
3992,4013
3992,4014
3992,50466
3998,4000
3998,4005
3998,4013
3998,4014
3998,4015
3998,15400
4000,4005
4000,4013
4000,4014
4000,4015
4000,20738
4005,4013
4005,4014
4005,4015
4005,4020
4005,4021
4013,4014
4013,4015
4013,4020
4013,4021
4013,4027
4014,4015
4014,4020
4014,4021
4014,4027
4014,4029
4014,38485
4015,4020
4015,4027
4015,4029
4015,4036
4015,79634
4020,4021
4020,4027
4020,4029
4020,4036
4020,4045
4021,4027
4021,4029
4021,4036
4021,4045
4021,4046
4027,4029
4027,4036
4027,4045
4027,4046
4027,4048
4029,4036
4029,4045
4029,4046
4029,4048
4029,4049
4036,4046
4036,4048
4036,4050
4036,44335
4036,12930
4045,4046
4045,4048
4045,4049
4045,4050
4045,4051
4046,4048
4046,4049
4046,4050
4046,4051
4046,4052
4046,94105
4048,4050
4048,4051
4048,4052
4048,30530
4048,19154
4049,4050
4049,4051
4049,4052
4049,4053
4049,4061
4050,4051
4050,4053
4050,4061
4050,4062
4050,43222
4050,97234
4051,4052
4051,4053
4051,4061
4051,4062
4051,4067
4052,4053
4052,4067
4052,4068
4052,71411
4052,51707
4053,4061
4053,4062
4053,4067
4053,4068
4053,4083
4061,4062
4061,4067
4061,4068
4061,4083
4061,35331
4062,4068
4062,4092
4062,4093
4062,15706
4062,62717
4067,4083
4067,4092
4067,4093
4067,4094
4067,5514
4067,80411
4068,4092
4068,4093
4068,4094
4068,4100
4068,37643
4068,55009
4083,4092
4083,4093
4083,4094
4083,4100
4083,4108
4083,80832
4092,4093
4092,4094
4092,4108
4092,4110
4092,64606
4093,4094
4093,4100
4093,4108
4093,4110
4093,4115
4093,97261
4093,65055
4094,4100
4094,4108
4094,4110
4094,4115
4094,4119
4094,32686
4100,4108
4100,4110
4100,4115
4100,4119
4100,4121
4108,4110
4108,4115
4108,4119
4108,4121
4108,4126
4110,4115
4110,4119
4110,4121
4110,4131
4110,48489
4110,98446
4115,4119
4115,4121
4115,4126
4115,47085
4115,86405
4119,4121
4119,4126
4119,4131
4119,4133
4119,4139
4121,4126
4121,4131
4121,4133
4121,4139
4121,4141
4126,4139
4126,4141
4126,4148
4126,12749
4126,48017
4131,4133
4131,4139
4131,4141
4131,4148
4131,4150
4133,4139
4133,4141
4133,4148
4133,4150
4133,4157
4139,4141
4139,4148
4139,4150
4139,4157
4139,91904
4139,66807
4141,4148
4141,4150
4141,4157
4141,4162
4141,4163
4148,4150
4148,4157
4148,4162
4148,4163
4148,4165
4150,4157
4150,4162
4150,4163
4150,4165
4150,60125
4157,4163
4157,4165
4157,4166
4157,24772
4157,77061
4162,4163
4162,4165
4162,4166
4162,4169
4162,4180
4162,52024
4163,4165
4163,4169
4163,4182
4163,5379
4163,60529
4163,99019
4165,4166
4165,4169
4165,4180
4165,4182
4165,4189
4165,52771
4166,4169
4166,4180
4166,4182
4166,4189
4166,4191
4166,96706
4169,4180
4169,4182
4169,4189
4169,4191
4169,4194
4169,96068
4180,4182
4180,4189
4180,4191
4180,4194
4180,4198
4182,4189
4182,4191
4182,4194
4182,4198
4182,22215
4182,73227
4189,4191
4189,4194
4189,4198
4189,4207
4189,4217
4191,4194
4191,4198
4191,4218
4191,89501
4191,97694
4191,42576
4191,15793
4191,63966
4194,4198
4194,4207
4194,4217
4194,4218
4194,4219
4194,15259
4198,4207
4198,4217
4198,4218
4198,4219
4198,4229
4198,44098
4207,4218
4207,4219
4207,4229
4207,4230
4207,90888
4217,4218
4217,4219
4217,4229
4217,4230
4217,4232
4217,12206
4218,4219
4218,4229
4218,4230
4218,4234
4218,52588
4218,57543
4219,4229
4219,4230
4219,4232
4219,4235
4219,93399
4229,4230
4229,4232
4229,4234
4229,4235
4229,4238
4229,25105
4230,4232
4230,4235
4230,4246
4230,57388
4230,64167
4230,20886
4230,86465
4230,28033
4232,4234
4232,4235
4232,4238
4232,4246
4232,4249
4234,4235
4234,4238
4234,4246
4234,4249
4234,4250
4234,73801
4235,4238
4235,4246
4235,4249
4235,4250
4235,20337
4235,26470
4238,4246
4238,4249
4238,4250
4238,4254
4238,4259
4246,4249
4246,4250
4246,4254
4246,4259
4246,4269
4246,7216
4249,4250
4249,4254
4249,4269
4249,4273
4249,38969
4250,4254
4250,4259
4250,4269
4250,4274
4250,58798
4254,4259
4254,4269
4254,4273
4254,4274
4254,4281
4259,4269
4259,4274
4259,4281
4259,29020
4259,28704
4259,74430
4269,4273
4269,4274
4269,4281
4269,4282
4269,4286
4273,4274
4273,4281
4273,4282
4273,4286
4273,72928
4273,9904
4274,4281
4274,4282
4274,4290
4274,4292
4274,34605
4274,30862
4281,4282
4281,4286
4281,4290
4281,4292
4281,4296
4281,85070
4282,4286
4282,4290
4282,4292
4282,4296
4282,4306
4282,18717
4282,35263
4286,4290
4286,4292
4286,4296
4286,4306
4286,4312
4290,4292
4290,4296
4290,4306
4290,4312
4290,76585
4290,93139
4290,30279
4292,4296
4292,4306
4292,4312
4292,4319
4292,47807
4296,4306
4296,4312
4296,4316
4296,4319
4296,4326
4306,4312
4306,4316
4306,4319
4306,4326
4306,4327
4312,4326
4312,4327
4312,4336
4312,11035
4312,13038
4316,4319
4316,4326
4316,4327
4316,4336
4316,4340
4319,4326
4319,4327
4319,4340
4319,31191
4319,95393
4326,4327
4326,4336
4326,4340
4326,4344
4326,4349
4327,4336
4327,4340
4327,4344
4327,4349
4327,4359
4327,89268
4336,4340
4336,4344
4336,4349
4336,4359
4336,4360
4340,4344
4340,4349
4340,4360
4340,4363
4340,59903
4344,4349
4344,4359
4344,4360
4344,4363
4344,4369
4349,4359
4349,4360
4349,4363
4349,4369
4349,4376
4349,38249
4349,93994
4359,4360
4359,4363
4359,4369
4359,4376
4359,4382
4360,4363
4360,4369
4360,4376
4360,4382
4360,4384
4363,4369
4363,4382
4363,4384
4363,4386
4363,21753
4369,4382
4369,4384
4369,4386
4369,24017
4369,27430
4369,15049
4376,4382
4376,4384
4376,4386
4376,4401
4376,4404
4382,4384
4382,4386
4382,4401
4382,4404
4382,4405
4382,44389
4384,4386
4384,4401
4384,4404
4384,4405
4384,4406
4384,23513
4386,4401
4386,4405
4386,4406
4386,4417
4386,25275
4401,4404
4401,4405
4401,4406
4401,4417
4401,4420
4404,4405
4404,4406
4404,4417
4404,4420
4404,4424
4404,79955
4405,4406
4405,4417
4405,4420
4405,4424
4405,4429
4406,4417
4406,4420
4406,4424
4406,4429
4406,4430
4406,35490
4417,4420
4417,4424
4417,4429
4417,4430
4417,4439
4417,96527
4417,96236
4420,4424
4420,4429
4420,4430
4420,4439
4420,4440
4424,4429
4424,4430
4424,4439
4424,4440
4424,4444
4424,16659
4429,4430
4429,4440
4429,4444
4429,4447
4429,11573
4430,4439
4430,4440
4430,4444
4430,4450
4430,78110
4439,4440
4439,4444
4439,4447
4439,4450
4439,4452
4439,43716
4440,4444
4440,4447
4440,4450
4440,4452
4440,4456
4440,12860
4440,48388
4440,20982
4440,36203
4444,4447
4444,4450
4444,4452
4444,4456
4444,4476
4447,4450
4447,4452
4447,4456
4447,4476
4447,78021
4450,4452
4450,4456
4450,4479
4450,4483
4450,90430
4450,36901
4452,4456
4452,4476
4452,4479
4452,4483
4452,4490
4452,22118
4452,73032
4456,4476
4456,4479
4456,4483
4456,4490
4456,4491
4476,4479
4476,4483
4476,4491
4476,4494
4476,81037
4479,4483
4479,4490
4479,4491
4479,4494
4479,81171
4479,25208
4483,4490
4483,4494
4483,4508
4483,72708
4483,11507
4490,4491
4490,4494
4490,4508
4490,4510
4490,53862
4491,4494
4491,4503
4491,4508
4491,4510
4491,4511
4494,4503
4494,4508
4494,4510
4494,4511
4494,35775
4503,4508
4503,4511
4503,4513
4503,4515
4503,28048
4508,4510
4508,4511
4508,4513
4508,4515
4508,4519
4508,66558
4508,28133
4510,4511
4510,4513
4510,4521
4510,39439
4510,76204
4511,4513
4511,4515
4511,4519
4511,4521
4511,4522
4513,4515
4513,4519
4513,4521
4513,4522
4513,4526
4513,40822
4513,97691
4515,4519
4515,4521
4515,4522
4515,4526
4515,53410
4519,4521
4519,4522
4519,4526
4519,4527
4519,4533
4521,4522
4521,4527
4521,4533
4521,4536
4521,7468
4522,4526
4522,4527
4522,4533
4522,4536
4522,4538
4526,4527
4526,4533
4526,4538
4526,4540
4526,17769
4526,13274
4526,98277
4527,4533
4527,4536
4527,4538
4527,4540
4527,4545
4533,4536
4533,4538
4533,4540
4533,4545
4533,4551
4536,4538
4536,4540
4536,4545
4536,4551
4536,4552
4536,56730
4538,4540
4538,4551
4538,4552
4538,4554
4538,91426
4538,74531
4540,4545
4540,4551
4540,4552
4540,4554
4540,4558
4545,4551
4545,4552
4545,4558
4545,4561
4545,45940
4551,4552
4551,4554
4551,4558
4551,4561
4551,4563
4551,83033
4552,4558
4552,4561
4552,4563
4552,4571
4552,30230
4552,96563
4554,4558
4554,4561
4554,4563
4554,4571
4554,4574
4558,4561
4558,4563
4558,4571
4558,4582
4558,43895
4558,97051
4561,4563
4561,4571
4561,4574
4561,4582
4561,4589
4563,4571
4563,4574
4563,4582
4563,4589
4563,4593
4571,4574
4571,4582
4571,4589
4571,4593
4571,4599
4574,4582
4574,4589
4574,4593
4574,4599
4574,70763
4574,70609
4582,4593
4582,4599
4582,4600
4582,4609
4582,82080
4589,4593
4589,4599
4589,4600
4589,4609
4589,4616
4589,71798
4593,4599
4593,4600
4593,4609
4593,4616
4593,4620
4599,4600
4599,4609
4599,4616
4599,4620
4599,4628
4600,4609
4600,4616
4600,4620
4600,4628
4600,4630
4609,4616
4609,4620
4609,4628
4609,4630
4609,4634
4609,12514
4616,4620
4616,4628
4616,4630
4616,4634
4616,4636
4620,4628
4620,4630
4620,4634
4620,4636
4620,4637
4620,63822
4628,4636
4628,4637
4628,4645
4628,97631
4628,62869
4628,15739
4630,4634
4630,4636
4630,4637
4630,4645
4630,4648
4630,12391
4634,4637
4634,4645
4634,4651
4634,15851
4636,4637
4636,4645
4636,4648
4636,4651
4636,4653
4637,4645
4637,4648
4637,4651
4637,4659
4637,65526
4637,50647
4645,4648
4645,4651
4645,4653
4645,4659
4645,4660
4648,4651
4648,4653
4648,4659
4648,4660
4648,4664
4651,4653
4651,4659
4651,4660
4651,4664
4651,4666
4651,65512
4653,4659
4653,4660
4653,4664
4653,4666
4653,4667
4659,4660
4659,4664
4659,4666
4659,4667
4659,4671
4659,19940
4660,4664
4660,4666
4660,4667
4660,4672
4660,6509
4664,4666
4664,4667
4664,4671
4664,4672
4664,4674
4666,4667
4666,4671
4666,4672
4666,4674
4666,4679
4667,4671
4667,4674
4667,4679
4667,4680
4667,27169
4667,94089
4671,4672
4671,4674
4671,4679
4671,4680
4671,4681
4671,95711
4672,4674
4672,4679
4672,4680
4672,4681
4672,48432
4674,4679
4674,4680
4674,4681
4674,4684
4674,4685
4679,4680
4679,4681
4679,4684
4679,4685
4679,4694
4680,4681
4680,4685
4680,4694
4680,4695
4680,98737
4681,4685
4681,4694
4681,4695
4681,4696
4681,60979
4681,46741
4684,4685
4684,4694
4684,4695
4684,4696
4684,4703
4684,57259
4685,4695
4685,4703
4685,4704
4685,97622
4685,49089
4694,4696
4694,4704
4694,4711
4694,40203
4694,47939
4694,46377
4695,4696
4695,4703
4695,4704
4695,4711
4695,4715
4696,4703
4696,4704
4696,4711
4696,4715
4696,4717
4703,4711
4703,4717
4703,4721
4703,54562
4703,7659
4703,95845
4704,4711
4704,4715
4704,4717
4704,4721
4704,4736
4711,4715
4711,4717
4711,4721
4711,4736
4711,4738
4711,42790
4715,4717
4715,4721
4715,4736
4715,4738
4715,4743
4717,4721
4717,4736
4717,4738
4717,4743
4717,4747
4721,4736
4721,4738
4721,4743
4721,4747
4721,4750
4736,4743
4736,4747
4736,4750
4736,4761
4736,37402
4738,4743
4738,4747
4738,4761
4738,4772
4738,12810
4743,4747
4743,4761
4743,4772
4743,4773
4743,11843
4747,4750
4747,4761
4747,4772
4747,4773
4747,4777
4747,95121
4750,4761
4750,4772
4750,4773
4750,4777
4750,4783
4761,4773
4761,4777
4761,4783
4761,4788
4761,5070
4761,8616
4772,4773
4772,4777
4772,4783
4772,4788
4772,4789
4773,4777
4773,4783
4773,4788
4773,4789
4773,4791
4777,4783
4777,4788
4777,4789
4777,4791
4777,4794
4777,27907
4783,4788
4783,4789
4783,4794
4783,6496
4783,61611
4788,4789
4788,4791
4788,4798
4788,4802
4788,86537
4789,4791
4789,4794
4789,4798
4789,4802
4789,4809
4791,4794
4791,4802
4791,4809
4791,4810
4791,11633
4794,4798
4794,4802
4794,4809
4794,4810
4794,4824
4798,4802
4798,4809
4798,4810
4798,4824
4798,4826
4802,4809
4802,4810
4802,4824
4802,4826
4802,4831
4802,97241
4802,49321
4809,4810
4809,4824
4809,4826
4809,4831
4809,4839
4810,4824
4810,4826
4810,4831
4810,4839
4810,4840
4824,4826
4824,4831
4824,4839
4824,4840
4824,4842
4826,4831
4826,4839
4826,4840
4826,4842
4826,8146
4831,4839
4831,4840
4831,4842
4831,4846
4831,4847
4839,4840
4839,4842
4839,4846
4839,4850
4839,34166
4840,4842
4840,4846
4840,4847
4840,4850
4840,4853
4840,92164
4842,4846
4842,4847
4842,4853
4842,4857
4842,77148
4846,4847
4846,4850
4846,4853
4846,4857
4846,4858
4847,4850
4847,4853
4847,4857
4847,4858
4847,4860
4850,4853
4850,4858
4850,4860
4850,4862
4850,4896
4850,39985
4853,4857
4853,4860
4853,4862
4853,4863
4853,95088
4857,4858
4857,4860
4857,4862
4857,4863
4857,4865
4858,4860
4858,4863
4858,4865
4858,4867
4858,50748
4860,4862
4860,4863
4860,4865
4860,4878
4860,44947
4860,67068
4862,4863
4862,4865
4862,4867
4862,4878
4862,4881
4863,4865
4863,4867
4863,4878
4863,4881
4863,4885
4863,83314
4863,96297
4865,4878
4865,4881
4865,4885
4865,4890
4865,31247
4867,4878
4867,4881
4867,4885
4867,4890
4867,4891
4867,38773
4878,4881
4878,4885
4878,4890
4878,4891
4878,46292
4881,4885
4881,4890
4881,4891
4881,4896
4881,4898
4881,76765
4881,24245
4885,4891
4885,4896
4885,4898
4885,4906
4885,18571
4890,4891
4890,4896
4890,4898
4890,4906
4890,4910
4890,83420
4891,4896
4891,4898
4891,4906
4891,4910
4891,4919
4896,4898
4896,4906
4896,4910
4896,4921
4896,36890
4898,4906
4898,4919
4898,4921
4898,4929
4898,95230
4906,4910
4906,4919
4906,4921
4906,4932
4906,5116
4906,25122
4910,4921
4910,4929
4910,4932
4910,4936
4910,67551
4910,39197
4919,4921
4919,4929
4919,4932
4919,4936
4919,4940
4921,4929
4921,4932
4921,4936
4921,4940
4921,4943
4929,4936
4929,4940
4929,4943
4929,75732
4929,47163
4929,41717
4932,4936
4932,4940
4932,4943
4932,4960
4932,95188
4936,4940
4936,4960
4936,4966
4936,4972
4936,81563
4936,13126
4940,4943
4940,4960
4940,4966
4940,4972
4940,4973
4943,4960
4943,4966
4943,4972
4943,4973
4943,4974
4943,43118
4960,4966
4960,4972
4960,4973
4960,4974
4960,4985
4960,9225
4966,4972
4966,4973
4966,4974
4966,4985
4966,4990
4972,4973
4972,4974
4972,4985
4972,4994
4972,7552
4972,16547
4972,83138
4973,4974
4973,4985
4973,4990
4973,4995
4973,46701
4974,4985
4974,4990
4974,4994
4974,4995
4974,4999
4985,4990
4985,4994
4985,4995
4985,4999
4985,5000
4990,4994
4990,4995
4990,4999
4990,5000
4990,5006
4994,4995
4994,4999
4994,5000
4994,5006
4994,56730
4994,91128
4994,17529
4995,4999
4995,5000
4995,5006
4995,5011
4995,5012
4995,13823
4999,5000
4999,5006
4999,5011
4999,5012
4999,5013
5000,5006
5000,5011
5000,5012
5000,5013
5000,5023
5006,5011
5006,5012
5006,5013
5006,5026
5006,95487
5011,5012
5011,5013
5011,5023
5011,5026
5011,5027
5012,5013
5012,5023
5012,5026
5012,5027
5012,5030
5012,23752
5013,5023
5013,5026
5013,5027
5013,5034
5013,18160
5013,38846
5023,5026
5023,5027
5023,5030
5023,5034
5023,5040
5026,5027
5026,5030
5026,5034
5026,5040
5026,5043
5026,36070
5027,5030
5027,5034
5027,5040
5027,5046
5027,55989
5030,5034
5030,5040
5030,5043
5030,5046
5030,5052
5034,5040
5034,5043
5034,5046
5034,5052
5034,71849
5040,5043
5040,5046
5040,5052
5040,5053
5040,5055
5043,5046
5043,5052
5043,5053
5043,5055
5043,5056
5046,5052
5046,5053
5046,5055
5046,5056
5046,56359
5052,5053
5052,5055
5052,5058
5052,5062
5052,59150
5053,5055
5053,5056
5053,5058
5053,5069
5053,75123
5055,5056
5055,5058
5055,5062
5055,5069
5055,84328
5055,18882
5055,99345
5056,5058
5056,5062
5056,5069
5056,5071
5056,43587
5058,5062
5058,5069
5058,5070
5058,5071
5058,5078
5058,57279
5062,5069
5062,5070
5062,5071
5062,5078
5062,5082
5069,5070
5069,5071
5069,5078
5069,5082
5069,5089
5069,82628
5070,5071
5070,5078
5070,5082
5070,5089
5070,5091
5071,5078
5071,5082
5071,5089
5071,5091
5071,5094
5071,65643
5078,5082
5078,5089
5078,5091
5078,5094
5078,5101
5082,5089
5082,5091
5082,5094
5082,5101
5082,5110
5082,46943
5089,5091
5089,5094
5089,5110
5089,5116
5089,92119
5091,5094
5091,5101
5091,5110
5091,5120
5091,37923
5094,5101
5094,5116
5094,5120
5094,5121
5094,15182
5101,5110
5101,5116
5101,5120
5101,5121
5101,5124
5101,49357
5110,5116
5110,5121
5110,5124
5110,5129
5110,38736
5116,5121
5116,5129
5116,5134
5116,34635
5120,5121
5120,5124
5120,5129
5120,5134
5120,5139
5121,5124
5121,5129
5121,5134
5121,5139
5121,5157
5121,53594
5124,5129
5124,5134
5124,5139
5124,5158
5124,24227
5129,5134
5129,5139
5129,5157
5129,5158
5129,5166
5129,84292
5134,5139
5134,5157
5134,5158
5134,5166
5134,5170
5139,5157
5139,5158
5139,5170
5139,5175
5139,53106
5139,75645
5157,5158
5157,5166
5157,5170
5157,5177
5157,7103
5157,31305
5158,5166
5158,5170
5158,5175
5158,5177
5158,5178
5166,5170
5166,5177
5166,5178
5166,26899
5166,40899
5166,80531
5170,5175
5170,5177
5170,5178
5170,5182
5170,5185
5175,5177
5175,5178
5175,5182
5175,5185
5175,5187
5177,5178
5177,5182
5177,5185
5177,5187
5177,5192
5178,5182
5178,5185
5178,5187
5178,5192
5178,5198
5178,23276
5182,5185
5182,5187
5182,5192
5182,5203
5182,44044
5185,5187
5185,5192
5185,5198
5185,5203
5185,58242
5185,18261
5187,5192
5187,5198
5187,5203
5187,5213
5187,5222
5192,5203
5192,5213
5192,5222
5192,5224
5192,87794
5198,5203
5198,5222
5198,5224
5198,5227
5198,61246
5203,5213
5203,5222
5203,5227
5203,31975
5203,81047
5213,5222
5213,5224
5213,5227
5213,5231
5213,5235
5222,5227
5222,5231
5222,5235
5222,5239
5222,45440
5224,5227
5224,5231
5224,5235
5224,5239
5224,5245
5227,5231
5227,5239
5227,5245
5227,5249
5227,43100
5231,5235
5231,5239
5231,5245
5231,5249
5231,96000
5235,5239
5235,5245
5235,5249
5235,5250
5235,5252
5235,40346
5239,5245
5239,5250
5239,5252
5239,5272
5239,96323
5245,5249
5245,5250
5245,5252
5245,5272
5245,87805
5249,5250
5249,5272
5249,5278
5249,76005
5249,93570
5250,5252
5250,5272
5250,5277
5250,5278
5250,5291
5252,5272
5252,5277
5252,5278
5252,5291
5252,5292
5272,5277
5272,5278
5272,5291
5272,5292
5272,5293
5277,5278
5277,5291
5277,5292
5277,5293
5277,5297
5277,50163
5278,5291
5278,5292
5278,5293
5278,5297
5278,5309
5278,80356
5291,5292
5291,5293
5291,5297
5291,5309
5291,5310
5291,17987
5292,5293
5292,5297
5292,5309
5292,5310
5292,5315
5293,5297
5293,5309
5293,5310
5293,5315
5293,5322
5293,86933
5297,5309
5297,5310
5297,5315
5297,5322
5297,5327
5309,5310
5309,5315
5309,5322
5309,5327
5309,5335
5310,5315
5310,5322
5310,5327
5310,5335
5310,91317
5310,83408
5315,5322
5315,5327
5315,5335
5315,5357
5315,74860
5315,86095
5315,34234
5315,92831
5322,5327
5322,5335
5322,5358
5322,5362
5322,75799
5327,5357
5327,5358
5327,5362
5327,5367
5327,66030
5327,22195
5335,5358
5335,5362
5335,5367
5335,8498
5335,19237
5335,84137
5357,5358
5357,5362
5357,5367
5357,5370
5357,19709
5358,5362
5358,5367
5358,5370
5358,5373
5358,5379
5362,5367
5362,5370
5362,5373
5362,5387
5362,70496
5362,16001
5362,91904
5367,5370
5367,5373
5367,5379
5367,5387
5367,5388
5370,5373
5370,5387
5370,5388
5370,5390
5370,60943
5373,5379
5373,5387
5373,5388
5373,5390
5373,5393
5379,5388
5379,5390
5379,5393
5379,5394
5379,31235
5379,8428
5387,5388
5387,5390
5387,5393
5387,5394
5387,5395
5387,93739
5388,5390
5388,5393
5388,5394
5388,5395
5388,5399
5390,5393
5390,5394
5390,5395
5390,5399
5390,5400
5390,82748
5393,5394
5393,5395
5393,5399
5393,5400
5393,39748
5393,43415
5394,5395
5394,5400
5394,5411
5394,68257
5394,86254
5395,5399
5395,5400
5395,5411
5395,5412
5395,5413
5399,5400
5399,5411
5399,5412
5399,5413
5399,5414
5400,5411
5400,5412
5400,5413
5400,5414
5400,27234
5400,74342
5411,5412
5411,5413
5411,5414
5411,5416
5411,5424
5412,5413
5412,5414
5412,5416
5412,5424
5412,5426
5412,94737
5413,5414
5413,5416
5413,5424
5413,5426
5413,5433
5413,42947
5414,5416
5414,5424
5414,5426
5414,5433
5414,5436
5414,41467
5416,5426
5416,5437
5416,17108
5416,86029
5424,5426
5424,5433
5424,5436
5424,5437
5424,5439
5426,5433
5426,5436
5426,5437
5426,5439
5426,5440
5426,18743
5433,5436
5433,5437
5433,5439
5433,5440
5433,5442
5436,5437
5436,5439
5436,5442
5436,5448
5436,99360
5437,5440
5437,5442
5437,5448
5437,5450
5437,18495
5439,5440
5439,5448
5439,5450
5439,5456
5439,47256
5440,5442
5440,5448
5440,5450
5440,5456
5440,5457
5440,37270
5442,5448
5442,5450
5442,5456
5442,5457
5442,5462
5448,5456
5448,5457
5448,5462
5448,65791
5450,5456
5450,5457
5450,5462
5450,5473
5450,5480
5450,80559
5456,5457
5456,5462
5456,5473
5456,5480
5456,5481
5457,5462
5457,5473
5457,5480
5457,5481
5457,5483
5462,5473
5462,5480
5462,5481
5462,5483
5462,5485
5473,5480
5473,5481
5473,5483
5473,5485
5473,5488
5480,5481
5480,5483
5480,5485
5480,5488
5480,5492
5481,5483
5481,5485
5481,5488
5481,5492
5481,5494
5481,53148
5483,5485
5483,5492
5483,5495
5483,81591
5483,42198
5483,35872
5485,5488
5485,5492
5485,5494
5485,5495
5485,5499
5488,5494
5488,5503
5488,21635
5488,32799
5488,67523
5492,5494
5492,5495
5492,5499
5492,5503
5492,5505
5492,13061
5494,5495
5494,5499
5494,5503
5494,5505
5494,5514
5494,16452
5495,5499
5495,5503
5495,5514
5495,5515
5495,21558
5499,5503
5499,5505
5499,5514
5499,5515
5499,5521
5503,5505
5503,5514
5503,5515
5503,5523
5503,48791
5505,5514
5505,5515
5505,5521
5505,5523
5505,5530
5514,5515
5514,5521
5514,5523
5514,5537
5514,88084
5514,54348
5515,5521
5515,5523
5515,5530
5515,5537
5515,5542
5521,5523
5521,5530
5521,5537
5521,5542
5521,5547
5521,54540
5521,36550
5523,5530
5523,5537
5523,5542
5523,5547
5523,5551
5530,5537
5530,5542
5530,5547
5530,5551
5530,5552
5530,51454
5537,5542
5537,5547
5537,5551
5537,5552
5537,5562
5542,5547
5542,5551
5542,5552
5542,5562
5542,26046
5547,5551
5547,5552
5547,5562
5547,5564
5547,5566
5551,5552
5551,5562
5551,5564
5551,5566
5551,5578
5552,5562
5552,5564
5552,5566
5552,5578
5552,5580
5562,5564
5562,5566
5562,5578
5562,5580
5562,5589
5564,5566
5564,5578
5564,5580
5564,5589
5564,5596
5566,5578
5566,5580
5566,5589
5566,5596
5566,5599
5566,82449
5578,5580
5578,5589
5578,5596
5578,5599
5578,5610
5580,5596
5580,5599
5580,5610
5580,41506
5580,27519
5580,72515
5589,5596
5589,5599
5589,5610
5589,5611
5589,5613
5589,17383
5596,5599
5596,5610
5596,5611
5596,5613
5596,5617
5599,5610
5599,5611
5599,5613
5599,5617
5599,5627
5599,76300
5599,77071
5610,5611
5610,5613
5610,5617
5610,5627
5610,5630
5611,5613
5611,5617
5611,5627
5611,5630
5611,5635
5611,24003
5613,5617
5613,5627
5613,5630
5613,5635
5613,5637
5613,76222
5617,5627
5617,5630
5617,5637
5617,5643
5617,75078
5617,11603
5627,5630
5627,5635
5627,5637
5627,5643
5627,38533
5630,5635
5630,5637
5630,5643
5630,5644
5630,5646
5635,5637
5635,5643
5635,5644
5635,5646
5635,5655
5637,5643
5637,5644
5637,5646
5637,5655
5637,5661
5643,5644
5643,5655
5643,5661
5643,5663
5643,59261
5644,5646
5644,5655
5644,5661
5644,5663
5644,5665
5646,5655
5646,5661
5646,5663
5646,5665
5646,5666
5655,5661
5655,5663
5655,5665
5655,5666
5655,30941
5655,71943
5661,5663
5661,5665
5661,5666
5661,5668
5661,5672
5663,5665
5663,5666
5663,5668
5663,5672
5663,5676
5663,87539
5665,5666
5665,5668
5665,5676
5665,5678
5665,46863
5666,5668
5666,5672
5666,5676
5666,5678
5666,5679
5668,5676
5668,5678
5668,5679
5668,5685
5668,70922
5672,5676
5672,5678
5672,5679
5672,5685
5672,5686
5672,48027
5676,5678
5676,5679
5676,5685
5676,5686
5676,5687
5678,5679
5678,5685
5678,5686
5678,5687
5678,38569
5679,5685
5679,5686
5679,5687
5679,5692
5679,5694
5685,5686
5685,5687
5685,5694
5685,5699
5685,36978
5686,5687
5686,5692
5686,5694
5686,5699
5686,5716
5686,72353
5687,5692
5687,5694
5687,5716
5687,23833
5687,96288
5687,52876
5687,88748
5692,5699
5692,5716
5692,5717
5692,5719
5692,70499
5694,5699
5694,5716
5694,5717
5694,5719
5694,5720
5699,5716
5699,5717
5699,5719
5699,5720
5699,5738
5699,6734
5699,32020
5716,5717
5716,5720
5716,5738
5716,5741
5716,78896
5716,46937
5717,5719
5717,5720
5717,5738
5717,5741
5717,5745
5719,5720
5719,5738
5719,5741
5719,5745
5719,5750
5720,5738
5720,5741
5720,5745
5720,5756
5720,73110
5738,5745
5738,5750
5738,5756
5738,5758
5738,98647
5738,90005
5741,5745
5741,5750
5741,5756
5741,5758
5741,5769
5745,5750
5745,5756
5745,5758
5745,5769
5745,5779
5745,24927
5750,5758
5750,5779
5750,5780
5750,24007
5750,85504
5756,5758
5756,5769
5756,5779
5756,5780
5756,5781
5756,95376
5758,5769
5758,5780
5758,5781
5758,5783
5758,48824
5769,5779
5769,5780
5769,5781
5769,5787
5769,41742
5769,16776
5769,83066
5769,75757
5779,5780
5779,5781
5779,5783
5779,5787
5779,5793
5780,5781
5780,5783
5780,5787
5780,5793
5780,5804
5781,5783
5781,5787
5781,5793
5781,5807
5781,99585
5783,5787
5783,5793
5783,5804
5783,5807
5783,5808
5783,41190
5787,5793
5787,5804
5787,5807
5787,5808
5787,5812
5793,5804
5793,5807
5793,5808
5793,5812
5793,5813
5804,5807
5804,5812
5804,5813
5804,5815
5804,90113
5807,5808
5807,5812
5807,5813
5807,5815
5807,5827
5808,5812
5808,5813
5808,5815
5808,5827
5808,5828
5812,5813
5812,5815
5812,5827
5812,5828
5812,5840
5813,5815
5813,5827
5813,5828
5813,5840
5813,5841
5815,5827
5815,5828
5815,5840
5815,5841
5815,5842
5827,5828
5827,5840
5827,5841
5827,5842
5827,5847
5828,5840
5828,5841
5828,5842
5828,5847
5828,5855
5840,5841
5840,5842
5840,5847
5840,5855
5840,5860
5841,5842
5841,5847
5841,5860
5841,5862
5841,61281
5842,5847
5842,5855
5842,5860
5842,5862
5842,5865
5847,5855
5847,5860
5847,5862
5847,5865
5847,5868
5855,5860
5855,5862
5855,5865
5855,5868
5855,64148
5860,5862
5860,5865
5860,5875
5860,5876
5860,79087
5862,5865
5862,5868
5862,5875
5862,5876
5862,5880
5865,5868
5865,5875
5865,5876
5865,5880
5865,5882
5868,5875
5868,5876
5868,5880
5868,5882
5868,5883
5875,5876
5875,5880
5875,5882
5875,5883
5875,5889
5876,5880
5876,5882
5876,5883
5876,5889
5876,20422
5880,5882
5880,5883
5880,5889
5880,5890
5880,5894
5880,48704
5882,5883
5882,5889
5882,5890
5882,5894
5882,5895
5882,50804
5883,5889
5883,5890
5883,5894
5883,5895
5883,9269
5889,5890
5889,5894
5889,5895
5889,5898
5889,5924
5890,5894
5890,5898
5890,97411
5890,75162
5890,96627
5890,55475
5894,5895
5894,5898
5894,5924
5894,5928
5894,5930
5895,5898
5895,5924
5895,5928
5895,5930
5895,5936
5898,5924
5898,5928
5898,5930
5898,5936
5898,5940
5898,73037
5898,93111
5924,5928
5924,5930
5924,5940
5924,5944
5924,54884
5928,5930
5928,5936
5928,5940
5928,5944
5928,5946
5928,40716
5930,5936
5930,5940
5930,5944
5930,5948
5930,64111
5936,5940
5936,5944
5936,5946
5936,5948
5936,5959
5936,64801
5940,5944
5940,5946
5940,5948
5940,5959
5940,5963
5944,5946
5944,5948
5944,5959
5944,5963
5944,5964
5944,94888
5944,62391
5946,5948
5946,5959
5946,5963
5946,5964
5946,5968
5946,68339
5948,5959
5948,5963
5948,5964
5948,5968
5948,5969
5948,54776
5959,5963
5959,5964
5959,5968
5959,5969
5959,5975
5959,20889
5963,5964
5963,5968
5963,5975
5963,5980
5963,12194
5964,5968
5964,5969
5964,5975
5964,5980
5964,5986
5968,5969
5968,5975
5968,5980
5968,5986
5968,5990
5969,5975
5969,5980
5969,5986
5969,5991
5969,19023
5975,5980
5975,5990
5975,5991
5975,5993
5975,76802
5980,5986
5980,5990
5980,5991
5980,5993
5980,5997
5986,5990
5986,5991
5986,5993
5986,5997
5986,6007
5990,5991
5990,5993
5990,5997
5990,6007
5990,36589
5990,99646
5991,5993
5991,5997
5991,6007
5991,6009
5991,77886
5993,5997
5993,6007
5993,6008
5993,6009
5993,6013
5993,72666
5993,29027
5997,6007
5997,6008
5997,6009
5997,6013
5997,6022
6007,6008
6007,6009
6007,6022
6007,99713
6007,70413
6008,6009
6008,6013
6008,6022
6008,6024
6008,6025
6009,6013
6009,6022
6009,6024
6009,6025
6009,40354
6013,6022
6013,6024
6013,6025
6013,6026
6013,6029
6022,6024
6022,6025
6022,6026
6022,6032
6022,25859
6022,98879
6024,6029
6024,6035
6024,53487
6024,78380
6024,37431
6024,55497
6025,6026
6025,6029
6025,6035
6025,6045
6025,59528
6026,6029
6026,6035
6026,6045
6026,6063
6026,78132
6029,6032
6029,6035
6029,6045
6029,6063
6029,6064
6032,6035
6032,6045
6032,6063
6032,6064
6032,53223
6032,61371
6035,6045
6035,6063
6035,6064
6035,6066
6035,6071
6045,6063
6045,6066
6045,6077
6045,65471
6045,57999
6063,6066
6063,6071
6063,6077
6063,6081
6063,50684
6064,6066
6064,6071
6064,6077
6064,6081
6064,6092
6064,38323
6066,6071
6066,6077
6066,6081
6066,6092
6071,6077
6071,6081
6071,6092
6071,6093
6071,6094
6071,31352
6077,6081
6077,6092
6077,6093
6077,6094
6077,6095
6081,6093
6081,6094
6081,6095
6081,6100
6081,83067
6092,6094
6092,6095
6092,6105
6092,18412
6092,66685
6093,6094
6093,6095
6093,6100
6093,6105
6093,6106
6093,54530
6094,6095
6094,6100
6094,6105
6094,6106
6094,6121
6094,21874
6095,6100
6095,6105
6095,6106
6095,6121
6095,6124
6095,30385
6100,6105
6100,6106
6100,6121
6100,6124
6100,6125
6100,58814
6100,39036
6105,6106
6105,6121
6105,6125
6105,6128
6105,62592
6106,6121
6106,6125
6106,6128
6106,6131
6106,11580
6121,6124
6121,6125
6121,6128
6121,6131
6121,6133
6124,6125
6124,6128
6124,6131
6124,6135
6124,69679
6125,6133
6125,6135
6125,6140
6125,90628
6125,53200
6125,14317
6128,6131
6128,6133
6128,6135
6128,6140
6128,6141
6131,6133
6131,6135
6131,6140
6131,6141
6131,6142
6131,38452
6133,6135
6133,6140
6133,6142
6133,6162
6133,32164
6133,63567
6135,6140
6135,6141
6135,6142
6135,6162
6135,94696
6140,6162
6140,6165
6140,6167
6140,83133
6140,67042
6140,91383
6141,6162
6141,6165
6141,6167
6141,6168
6141,54282
6142,6162
6142,6165
6142,6167
6142,6168
6142,6173
6162,6165
6162,6167
6162,6168
6162,6173
6162,6175
6165,6168
6165,6173
6165,6175
6165,6176
6165,88395
6165,17405
6167,6168
6167,6173
6167,6175
6167,6176
6167,6185
6168,6173
6168,6175
6168,6176
6168,6185
6168,99001
6173,6175
6173,6176
6173,6185
6173,6198
6173,80544
6173,78697
6175,6185
6175,6188
6175,6198
6175,6202
6175,29301
6175,95293
6176,6185
6176,6188
6176,6202
6176,6212
6176,38172
6185,6188
6185,6198
6185,6202
6185,6212
6185,6215
6185,23513
6188,6198
6188,6202
6188,6212
6188,6221
6188,58776
6198,6202
6198,6212
6198,6215
6198,6221
6198,6224
6202,6212
6202,6215
6202,6221
6202,6224
6202,6230
6202,49018
6212,6215
6212,6221
6212,6224
6212,6230
6212,18695
6215,6221
6215,6224
6215,6232
6215,6242
6215,38519
6221,6224
6221,6230
6221,6242
6221,6248
6221,18130
6221,96716
6224,6230
6224,6232
6224,6242
6224,6248
6224,6254
6230,6232
6230,6242
6230,6248
6230,6254
6230,6258
6232,6242
6232,6248
6232,6254
6232,6258
6232,6261
6232,34500
6242,6248
6242,6254
6242,6258
6242,6261
6242,6262
6248,6254
6248,6258
6248,6261
6248,6262
6248,94162
6254,6258
6254,6261
6254,6262
6254,6267
6254,6276
6258,6261
6258,6267
6258,6286
6258,10095
6258,32164
6258,60124
6261,6262
6261,6267
6261,6276
6261,6286
6261,6291
6262,6267
6262,6286
6262,6298
6262,57098
6262,77487
6267,6276
6267,6286
6267,6291
6267,6298
6267,6299
6276,6286
6276,6291
6276,6298
6276,6299
6276,6302
6286,6291
6286,6298
6286,6299
6286,6302
6286,6306
6291,6298
6291,6299
6291,6302
6291,6306
6291,6317
6298,6299
6298,6302
6298,6306
6298,6317
6298,15965
6298,50921
6299,6302
6299,6306
6299,6319
6299,6321
6299,39713
6302,6306
6302,6317
6302,6319
6302,6321
6302,6322
6306,6319
6306,6321
6306,6322
6306,6325
6306,86859
6306,58521
6317,6319
6317,6321
6317,6325
6317,6329
6317,73234
6319,6321
6319,6322
6319,6325
6319,6329
6319,6341
6321,6322
6321,6325
6321,6329
6321,6341
6321,6343
6322,6325
6322,6329
6322,6343
6322,6352
6322,32922
6322,55126
6325,6329
6325,6341
6325,6343
6325,6352
6325,6377
6325,36641
6329,6341
6329,6343
6329,6352
6329,6377
6329,6378
6329,93868
6329,60123
6341,6343
6341,6352
6341,6377
6341,6378
6341,6382
6341,10690
6343,6352
6343,6377
6343,6378
6343,6382
6343,6383
6343,69986
6343,65124
6352,6377
6352,6378
6352,6383
6352,6389
6352,52047
6352,12076
6377,6378
6377,6382
6377,6383
6377,6389
6377,6407
6378,6382
6378,6389
6378,6407
6378,6417
6378,70222
6378,57294
6382,6389
6382,6417
6382,6420
6382,63438
6382,86747
6383,6389
6383,6407
6383,6420
6383,6421
6383,29892
6389,6407
6389,6417
6389,6420
6389,6421
6389,6424
6407,6417
6407,6420
6407,6421
6407,6424
6407,6426
6407,54905
6417,6420
6417,6421
6417,6424
6417,6426
6417,6431
6420,6421
6420,6424
6420,6426
6420,6431
6420,66554
6421,6424
6421,6426
6421,6431
6421,6450
6421,49207
6421,20678
6421,39629
6424,6426
6424,6431
6424,6436
6424,6450
6424,6457
6426,6431
6426,6436
6426,6450
6426,6457
6426,6460
6431,6436
6431,6450
6431,6460
6431,6463
6431,48915
6431,76804
6431,6509
6431,50544
6436,6450
6436,6457
6436,6460
6436,6463
6436,6467
6450,6457
6450,6460
6450,6463
6450,6467
6450,6471
6457,6460
6457,6463
6457,6467
6457,6471
6457,9757
6460,6463
6460,6467
6460,6471
6460,6475
6460,6477
6463,6467
6463,6471
6463,6475
6463,6477
6463,6482
6463,65796
6467,6471
6467,6475
6467,6477
6467,6482
6467,6492
6471,6475
6471,6477
6471,6482
6471,6492
6471,6494
6475,6482
6475,6492
6475,6494
6475,6496
6475,77847
6477,6492
6477,6494
6477,6496
6477,48494
6477,98564
6477,28878
6482,6492
6482,6494
6482,6496
6482,6499
6482,6500
6492,6494
6492,6496
6492,6499
6492,6500
6492,6507
6494,6496
6494,6499
6494,6500
6494,6507
6494,6509
6496,6499
6496,6500
6496,6507
6496,6509
6496,6514
6496,15308
6496,98932
6499,6500
6499,6507
6499,6509
6499,6514
6499,6531
6499,8099
6500,6507
6500,6509
6500,6514
6500,6531
6500,6533
6500,88420
6507,6509
6507,6514
6507,6531
6507,6533
6507,6536
6509,6514
6509,6531
6509,6533
6509,6536
6509,6538
6514,6531
6514,6533
6514,6536
6514,6538
6514,6546
6531,6533
6531,6536
6531,6538
6531,6546
6531,6553
6531,19496
6533,6536
6533,6538
6533,6546
6533,6553
6533,6555
6533,14346
6533,84935
6536,6538
6536,6546
6536,6553
6536,6555
6536,6561
6536,33880
6536,57893
6538,6546
6538,6555
6538,6561
6538,6566
6538,92441
6538,10189
6546,6553
6546,6555
6546,6561
6546,6566
6546,6572
6553,6561
6553,6566
6553,6572
6553,99450
6553,95190
6555,6566
6555,6572
6555,6575
6555,6577
6555,34612
6555,75285
6561,6566
6561,6572
6561,6575
6561,6577
6561,6585
6566,6572
6566,6575
6566,6577
6566,6585
6566,6588
6572,6575
6572,6577
6572,6585
6572,6588
6572,6590
6575,6577
6575,6585
6575,6588
6575,6590
6575,6592
6577,6585
6577,6588
6577,6590
6577,6592
6577,48837
6577,51633
6577,30181
6585,6592
6585,6596
6585,11224
6585,8147
6585,54028
6588,6590
6588,6592
6588,6596
6588,6598
6588,6605
6590,6592
6590,6596
6590,6598
6590,6605
6590,26651
6592,6598
6592,6605
6592,6606
6592,6611
6592,44224
6596,6605
6596,6606
6596,6611
6596,6617
6596,86548
6598,6605
6598,6606
6598,6611
6598,6617
6598,6620
6605,6606
6605,6611
6605,6617
6605,6620
6605,6623
6605,31879
6606,6611
6606,6617
6606,6620
6606,6623
6606,6627
6606,66155
6611,6617
6611,6620
6611,6623
6611,6627
6611,6634
6611,55274
6611,52111
6617,6620
6617,6623
6617,6627
6617,6634
6617,6638
6620,6623
6620,6627
6620,6634
6620,6638
6620,6642
6620,39137
6623,6627
6623,6634
6623,6638
6623,6661
6623,12745
6627,6634
6627,6638
6627,6662
6627,19937
6627,37576
6634,6638
6634,6642
6634,6661
6634,6662
6634,6666
6638,6642
6638,6661
6638,6662
6638,6666
6638,6669
6642,6661
6642,6662
6642,6666
6642,6669
6642,6673
6661,6662
6661,6666
6661,6669
6661,6673
6661,6674
6662,6666
6662,6669
6662,6673
6662,6674
6662,6682
6662,41799
6666,6669
6666,6673
6666,6682
6666,6684
6666,74735
6669,6673
6669,6674
6669,6682
6669,6691
6669,23351
6673,6674
6673,6682
6673,6684
6673,6691
6673,6693
6674,6682
6674,6684
6674,6695
6674,32790
6674,76365
6674,45755
6682,6684
6682,6691
6682,6693
6682,6695
6682,37328
6684,6691
6684,6693
6684,6695
6684,6703
6684,20444
6684,9948
6691,6693
6691,6695
6691,6700
6691,6703
6691,6705
6693,6695
6693,6700
6693,6703
6693,6705
6693,6716
6695,6700
6695,6705
6695,6718
6695,26315
6695,31511
6700,6703
6700,6705
6700,6716
6700,6718
6700,31269
6703,6705
6703,6716
6703,6718
6703,6722
6703,6726
6705,6716
6705,6718
6705,6722
6705,6726
6705,6727
6716,6718
6716,6722
6716,6726
6716,6727
6716,6732
6718,6722
6718,6727
6718,6732
6718,6734
6718,92478
6722,6727
6722,6732
6722,6734
6722,84278
6722,44438
6722,53051
6726,6727
6726,6732
6726,6734
6726,6740
6726,6744
6726,38862
6727,6732
6727,6734
6727,6740
6727,6744
6727,6749
6727,22048
6732,6734
6732,6740
6732,6744
6732,6749
6732,6751
6734,6744
6734,6749
6734,6751
6734,6754
6734,52870
6740,6744
6740,6749
6740,6751
6740,6754
6740,66745
6744,6751
6744,6754
6744,6760
6744,51642
6744,20436
6744,57727
6749,6754
6749,6760
6749,6761
6749,6771
6749,41261
6749,74357
6751,6754
6751,6760
6751,6761
6751,6771
6751,6772
6751,26305
6754,6760
6754,6761
6754,6771
6754,6781
6754,14443
6754,92441
6754,32916
6754,14444
6760,6761
6760,6771
6760,6772
6760,6781
6760,6783
6761,6771
6761,6772
6761,6781
6761,6783
6761,6785
6761,93838
6771,6772
6771,6781
6771,6783
6771,6785
6771,6786
6772,6781
6772,6783
6772,6785
6772,6786
6772,15603
6781,6783
6781,6785
6781,6786
6781,6789
6781,6791
6781,24793
6783,6785
6783,6786
6783,6789
6783,6791
6783,10636
6783,79727
6785,6786
6785,6789
6785,6791
6785,6793
6785,6795
6785,92002
6786,6789
6786,6791
6786,6793
6786,6795
6786,6802
6786,94849
6789,6791
6789,6793
6789,6795
6789,6802
6789,6808
6791,6793
6791,6795
6791,6802
6791,6808
6791,6809
6791,64103
6793,6795
6793,6802
6793,6808
6793,6809
6793,6813
6793,99858
6795,6802
6795,6808
6795,6809
6795,6813
6795,6819
6795,84397
6802,6808
6802,6809
6802,6813
6802,6834
6802,70027
6802,58106
6808,6809
6808,6813
6808,6819
6808,6834
6808,6838
6809,6813
6809,6819
6809,6834
6809,6838
6809,6841
6809,59198
6813,6819
6813,6834
6813,6838
6813,6841
6813,6843
6819,6834
6819,6838
6819,6841
6819,6843
6819,6849
6834,6838
6834,6841
6834,6843
6834,6849
6834,36403
6838,6841
6838,6843
6838,6849
6838,6854
6838,6867
6841,6843
6841,6849
6841,6854
6841,6867
6841,23427
6843,6849
6843,6854
6843,6867
6843,6872
6843,6874
6849,6854
6849,6867
6849,6872
6849,6874
6849,6875
6849,17426
6854,6867
6854,6872
6854,6874
6854,6875
6854,6894
6854,10860
6867,6872
6867,6874
6867,6875
6867,6900
6867,38946
6872,6874
6872,6894
6872,6900
6872,6904
6872,83357
6874,6875
6874,6894
6874,6904
6874,6905
6874,48403
6875,6894
6875,6900
6875,6904
6875,6910
6875,10074
6875,83878
6894,6900
6894,6904
6894,6905
6894,6911
6894,54484
6894,42271
6900,6905
6900,6910
6900,6911
6900,62319
6900,37135
6904,6905
6904,6910
6904,6911
6904,6914
6904,6917
6904,97927
6904,56131
6905,6910
6905,6911
6905,6914
6905,6917
6905,6922
6910,6911
6910,6917
6910,6922
6910,6923
6910,19679
6911,6914
6911,6917
6911,6922
6911,6923
6911,6929
6914,6917
6914,6922
6914,6929
6914,6933
6914,18713
6917,6922
6917,6923
6917,6929
6917,6933
6917,6942
6922,6923
6922,6929
6922,6933
6922,6949
6922,72295
6922,39961
6923,6933
6923,6942
6923,6949
6923,6951
6923,10552
6923,99038
6929,6933
6929,6942
6929,6949
6929,6951
6929,6957
6933,6942
6933,6949
6933,6951
6933,6957
6933,6959
6942,6949
6942,6951
6942,6957
6942,6959
6942,6960
6949,6951
6949,6957
6949,6959
6949,6960
6949,6963
6951,6957
6951,6959
6951,6960
6951,6963
6951,6964
6951,35824
6957,6960
6957,6963
6957,6964
6957,6971
6957,90021
6959,6963
6959,6964
6959,6971
6959,6972
6959,12858
6960,6963
6960,6964
6960,6971
6960,6972
6960,6975
6963,6964
6963,6972
6963,6979
6963,24615
6963,73664
6964,6971
6964,6972
6964,6975
6964,6979
6964,6992
6964,52117
6971,6972
6971,6975
6971,6992
6971,6995
6971,86521
6972,6975
6972,6979
6972,6992
6972,6995
6972,6998
6972,43926
6975,6979
6975,6992
6975,6995
6975,85293
6975,36142
6979,6992
6979,6995
6979,6998
6979,7002
6979,7004
6979,78031
6992,6995
6992,6998
6992,7002
6992,7004
6992,88749
6995,6998
6995,7013
6995,7015
6995,65637
6995,21587
6995,94573
6998,7002
6998,7004
6998,7013
6998,7015
6998,7017
7002,7004
7002,7013
7002,7015
7002,7017
7002,7023
7004,7013
7004,7015
7004,7017
7004,7023
7004,7025
7004,94967
7013,7015
7013,7017
7013,7023
7013,7029
7013,43016
7015,7017
7015,7029
7015,7031
7015,93613
7015,57652
7015,28301
7017,7025
7017,7029
7017,7031
7017,7034
7017,84473
7017,74719
7023,7029
7023,7031
7023,7034
7023,7036
7023,29644
7025,7029
7025,7031
7025,7034
7025,7036
7025,7042
7025,55090
7029,7031
7029,7034
7029,7036
7029,7042
7029,7044
7029,17649
7031,7034
7031,7036
7031,7042
7031,7044
7031,7045
7031,88711
7034,7036
7034,7042
7034,7045
7034,7061
7036,7042
7036,7044
7036,7045
7036,7062
7036,73633
7036,92448
7042,7044
7042,7045
7042,7061
7042,7062
7042,7063
7042,92053
7044,7045
7044,7061
7044,7062
7044,7063
7044,7065
7044,23908
7045,7061
7045,7062
7045,7063
7045,7065
7045,7071
7061,7062
7061,7063
7061,7071
7061,7072
7061,16069
7061,50288
7062,7063
7062,7065
7062,7071
7062,7072
7062,7075
7062,16635
7063,7065
7063,7072
7063,7075
7063,7076
7063,86879
7065,7071
7065,7072
7065,7075
7065,7076
7065,48063
7071,7072
7071,7075
7071,7082
7071,41578
7071,87377
7071,60205
7072,7075
7072,7076
7072,7082
7072,7089
7072,44987
7072,58593
7072,37785
7075,7076
7075,7082
7075,7089
7075,7091
7075,7098
7075,91252
7076,7082
7076,7089
7076,7091
7076,7098
7076,7103
7076,72391
7076,18664
7082,7089
7082,7091
7082,7098
7082,7103
7082,7104
7089,7091
7089,7103
7089,7104
7089,77779
7089,8393
7091,7098
7091,7103
7091,7104
7091,7105
7091,7107
7091,39343
7091,97387
7098,7103
7098,7104
7098,7105
7098,7107
7098,7110
7103,7104
7103,7105
7103,7107
7103,7110
7103,7113
7104,7105
7104,7107
7104,7113
7104,7115
7104,73177
7105,7107
7105,7110
7105,7113
7105,7115
7105,7116
7105,8172
7107,7110
7107,7116
7107,7124
7107,23755
7107,55573
7110,7113
7110,7115
7110,7116
7110,7124
7110,7129
7113,7115
7113,7116
7113,7124
7113,7129
7113,7143
7115,7116
7115,7124
7115,7129
7115,7143
7115,7144
7116,7124
7116,7129
7116,7143
7116,7144
7116,7148
7124,7129
7124,7143
7124,7144
7124,7148
7124,7163
7129,7143
7129,7144
7129,7148
7129,7163
7129,7166
7129,40495
7143,7148
7143,7163
7143,7173
7143,86213
7143,76624
7143,76288
7143,58911
7144,7148
7144,7163
7144,7166
7144,7173
7144,7185
7148,7163
7148,7166
7148,7173
7148,7185
7148,7187
7148,39705
7163,7166
7163,7173
7163,7185
7163,7187
7163,7193
7163,17047
7166,7185
7166,7187
7166,7193
7166,7200
7166,59737
7166,31870
7166,90174
7173,7185
7173,7187
7173,7193
7173,7200
7173,7201
7185,7187
7185,7193
7185,7200
7185,7201
7185,88761
7185,53841
7187,7193
7187,7200
7187,7201
7187,7208
7187,52189
7187,17286
7193,7201
7193,7207
7193,7215
7193,19401
7193,48113
7200,7201
7200,7208
7200,7215
7200,7216
7200,71927
7201,7207
7201,7208
7201,7215
7201,7216
7201,7220
7207,7208
7207,7215
7207,7216
7207,7220
7207,7224
7208,7215
7208,7216
7208,7220
7208,7224
7208,7225
7215,7216
7215,7220
7215,7224
7215,7225
7215,7232
7216,7220
7216,7224
7216,7232
7216,7236
7216,70509
7220,7224
7220,7225
7220,7232
7220,7236
7220,45019
7220,32141
7224,7225
7224,7232
7224,7236
7224,7241
7224,7245
7225,7232
7225,7245
7225,7249
7225,15066
7225,61224
7225,8987
7232,7236
7232,7241
7232,7245
7232,7249
7232,7252
7232,66119
7236,7245
7236,7249
7236,7252
7236,7256
7236,33298
7241,7245
7241,7249
7241,7252
7241,7256
7241,7257
7245,7249
7245,7252
7245,7256
7245,7257
7245,7261
7249,7256
7249,7257
7249,7261
7249,7275
7249,98171
7249,17278
7252,7256
7252,7257
7252,7261
7252,7275
7252,24002
7256,7257
7256,7261
7256,7275
7256,7280
7256,7283
7256,64993
7257,7261
7257,7275
7257,7280
7257,7283
7257,7296
7261,7275
7261,7280
7261,7283
7261,7296
7261,7303
7275,7280
7275,7283
7275,7296
7275,7303
7275,7306
7280,7283
7280,7303
7280,7306
7280,7308
7280,55593
7280,40271
7283,7296
7283,7303
7283,7306
7283,7308
7283,7309
7296,7306
7296,7308
7296,7309
7296,7310
7296,69828
7303,7306
7303,7308
7303,7309
7303,7310
7303,7321
7306,7308
7306,7309
7306,7321
7306,7322
7306,84716
7306,67219
7308,7310
7308,7321
7308,7322
7308,7327
7308,79900
7309,7310
7309,7321
7309,7322
7309,7327
7309,7331
7310,7321
7310,7322
7310,7327
7310,7331
7310,7334
7310,76314
7321,7322
7321,7327
7321,7331
7321,7334
7321,7335
7321,63620
7322,7327
7322,7331
7322,7334
7322,7335
7322,7337
7327,7331
7327,7334
7327,7335
7327,7337
7327,7344
7327,31881
7331,7334
7331,7335
7331,7337
7331,7344
7331,7346
7334,7335
7334,7337
7334,7344
7334,7346
7334,7350
7335,7337
7335,7346
7335,7350
7335,7352
7335,12898
7337,7344
7337,7346
7337,7350
7337,7352
7337,7354
7344,7346
7344,7350
7344,7352
7344,7354
7344,7355
7344,70381
7346,7352
7346,7354
7346,7355
7346,7356
7346,24033
7350,7352
7350,7355
7350,7356
7350,7361
7350,44827
7350,96132
7350,63890
7352,7354
7352,7355
7352,7356
7352,7361
7352,7365
7354,7355
7354,7356
7354,7361
7354,7365
7354,25065
7355,7356
7355,7361
7355,7365
7355,7366
7355,7369
7355,11773
7355,17388
7356,7361
7356,7365
7356,7366
7356,7375
7356,77723
7356,79549
7356,34167
7356,73901
7361,7365
7361,7366
7361,7369
7361,7375
7361,7378
7361,28611
7365,7366
7365,7369
7365,7375
7365,7381
7365,47352
7366,7369
7366,7375
7366,7378
7366,7381
7366,7382
7369,7375
7369,7378
7369,7381
7369,7382
7369,7383
7375,7378
7375,7381
7375,7383
7375,7385
7375,58848
7375,14259
7375,90096
7378,7381
7378,7382
7378,7383
7378,7385
7378,11142
7381,7382
7381,7385
7381,7387
7381,7396
7381,88658
7382,7383
7382,7385
7382,7387
7382,7396
7382,7398
7382,31176
7383,7385
7383,7387
7383,7396
7383,7398
7383,7399
7383,54305
7383,68233
7383,91841
7385,7387
7385,7396
7385,7398
7385,7399
7385,7402
7387,7396
7387,7398
7387,7399
7387,7402
7387,7406
7396,7398
7396,7399
7396,7402
7396,7406
7396,7410
7398,7399
7398,7402
7398,7406
7398,7410
7398,7411
7399,7402
7399,7406
7399,7410
7399,33333
7399,81224
7402,7406
7402,7410
7402,7411
7402,7412
7402,7413
7406,7410
7406,7411
7406,7412
7406,7416
7406,93800
7410,7411
7410,7412
7410,7413
7410,7416
7410,7420
7410,90871
7411,7412
7411,7413
7411,7416
7411,7420
7411,7424
7411,52136
7412,7413
7412,7416
7412,7420
7412,7424
7412,7425
7413,7416
7413,7420
7413,7424
7413,7425
7413,7426
7416,7420
7416,7425
7416,7426
7416,12952
7416,21908
7420,7424
7420,7425
7420,7427
7420,7429
7420,71400
7420,51660
7420,98284
7424,7425
7424,7426
7424,7427
7424,7429
7424,7438
7424,46806
7425,7426
7425,7427
7425,7442
7425,56840
7425,24079
7425,22532
7425,52689
7426,7427
7426,7429
7426,7438
7426,7442
7426,7444
7427,7429
7427,7438
7427,7442
7427,7444
7427,7447
7427,74452
7429,7438
7429,7442
7429,7444
7429,7447
7429,7448
7429,62228
7438,7442
7438,7444
7438,7447
7438,7448
7438,7455
7442,7444
7442,7447
7442,7448
7442,7455
7442,7464
7442,87664
7442,90839
7444,7447
7444,7448
7444,7455
7444,7464
7444,7467
7444,96523
7444,13623
7444,46555
7447,7448
7447,7455
7447,7464
7447,7467
7447,7468
7447,10008
7448,7464
7448,7467
7448,7468
7448,7469
7448,99613
7455,7464
7455,7467
7455,7468
7455,7469
7455,7470
7455,50751
7464,7467
7464,7468
7464,7469
7464,7470
7464,7472
7464,46178
7467,7468
7467,7469
7467,7470
7467,7472
7467,7477
7468,7469
7468,7472
7468,7479
7468,37890
7468,27747
7468,87165
7469,7470
7469,7472
7469,7477
7469,7479
7469,7483
7470,7472
7470,7477
7470,7479
7470,7485
7470,81770
7472,7477
7472,7479
7472,7483
7472,7485
7472,7489
7477,7479
7477,7485
7477,7489
7477,7494
7477,41672
7479,7483
7479,7485
7479,7489
7479,7494
7479,7495
7479,9557
7483,7485
7483,7489
7483,7494
7483,7500
7483,61236
7485,7489
7485,7494
7485,7500
7485,7507
7485,97692
7485,63256
7489,7495
7489,7500
7489,7529
7489,55137
7489,39833
7489,81757
7494,7495
7494,7500
7494,7507
7494,7529
7494,7533
7494,99019
7495,7500
7495,7507
7495,7533
7495,7538
7495,54203
7495,14677
7500,7529
7500,7533
7500,7538
7500,7543
7500,51488
7507,7533
7507,7538
7507,7543
7507,7544
7507,30294
7507,92399
7529,7533
7529,7538
7529,7543
7529,7544
7529,7552
7533,7538
7533,7543
7533,7544
7533,7552
7533,7553
7538,7543
7538,7544
7538,7552
7538,7553
7538,76399
7543,7544
7543,7552
7543,7553
7543,7557
7543,7560
7544,7552
7544,7553
7544,7557
7544,7560
7544,7587
7544,95013
7552,7557
7552,7560
7552,7587
7552,7598
7553,7557
7553,7560
7553,7587
7553,7598
7553,7599
7553,14710
7553,97957
7557,7560
7557,7587
7557,7598
7557,7599
7557,7602
7557,76033
7560,7598
7560,7599
7560,7602
7560,7603
7560,27362
7560,29511
7587,7598
7587,7602
7587,7603
7587,7612
7587,41900
7598,7599
7598,7602
7598,7603
7598,7612
7598,7616
7598,82569
7599,7602
7599,7603
7599,7612
7599,7619
7599,74582
7602,7612
7602,7616
7602,7636
7602,77532
7602,52028
7602,8326
7603,7612
7603,7616
7603,7619
7603,7636
7603,7641
7612,7616
7612,7619
7612,7636
7612,7641
7612,7642
7616,7619
7616,7636
7616,7641
7616,7642
7616,7644
7619,7636
7619,7642
7619,7644
7619,7645
7619,64831
7619,12434
7619,45684
7636,7641
7636,7642
7636,7644
7636,7645
7636,74932
7636,93509
7641,7642
7641,7644
7641,7645
7641,7651
7641,98964
7642,7644
7642,7645
7642,7648
7642,7659
7642,58242
7644,7645
7644,7648
7644,7651
7644,7659
7644,7663
7644,8803
7645,7648
7645,7651
7645,7659
7645,7663
7645,7664
7645,18235
7648,7651
7648,7659
7648,7663
7648,7664
7648,7665
7651,7659
7651,7663
7651,7664
7651,7665
7651,7666
7659,7663
7659,7665
7659,7666
7659,7676
7659,21721
7659,39905
7663,7664
7663,7665
7663,7666
7663,7676
7663,7680
7664,7665
7664,7676
7664,7680
7664,7689
7664,52479
7665,7666
7665,7676
7665,7680
7665,7689
7665,7693
7666,7676
7666,7680
7666,7689
7666,7693
7666,7696
7666,64468
7676,7680
7676,7689
7676,7696
7676,7702
7676,38327
7680,7689
7680,7696
7680,7702
7680,7703
7680,12153
7689,7693
7689,7696
7689,7702
7689,7703
7689,7706
7693,7702
7693,7703
7693,7707
7693,16624
7693,42102
7696,7703
7696,7706
7696,7707
7696,7711
7696,46657
7696,28311
7702,7703
7702,7706
7702,7707
7702,7711
7702,7714
7702,87788
7703,7706
7703,7707
7703,7711
7703,7714
7703,7717
7703,62228
7703,77517
7706,7707
7706,7711
7706,7714
7706,7717
7706,7721
7706,55434
7707,7711
7707,7714
7707,7717
7707,7721
7707,83625
7711,7724
7711,7735
7711,60317
7711,74821
7711,70767
7711,50655
7714,7717
7714,7724
7714,7735
7714,7742
7714,24100
7717,7721
7717,7735
7717,7742
7717,7750
7717,94378
7721,7724
7721,7735
7721,7742
7721,7750
7721,7764
7721,33135
7724,7735
7724,7742
7724,7750
7724,7764
7724,7766
7735,7742
7735,7750
7735,7764
7735,7766
7735,7770
7742,7750
7742,7764
7742,7770
7742,7773
7742,75463
7750,7764
7750,7766
7750,7770
7750,7773
7750,7778
7764,7766
7764,7770
7764,7773
7764,7778
7764,7779
7766,7770
7766,7773
7766,7778
7766,7779
7766,7781
7770,7773
7770,7778
7770,7781
7770,7783
7770,51919
7773,7778
7773,7779
7773,7781
7773,7783
7773,7788
7773,70538
7778,7779
7778,7781
7778,7783
7778,7788
7778,7793
7778,11085
7779,7781
7779,7783
7779,7788
7779,7793
7779,7797
7781,7783
7781,7788
7781,7793
7781,7797
7781,7800
7783,7788
7783,7793
7783,7797
7783,7800
7783,7802
7788,7797
7788,7800
7788,7802
7788,42576
7788,54563
7793,7797
7793,7800
7793,7802
7793,7804
7793,7805
7797,7800
7797,7802
7797,7804
7797,7805
7797,7812
7797,42770
7800,7804
7800,7805
7800,7812
7800,7816
7800,99780
7800,24833
7802,7804
7802,7805
7802,7812
7802,7816
7802,7822
7804,7805
7804,7812
7804,7816
7804,7822
7804,7827
7805,7812
7805,7816
7805,7822
7805,7834
7805,66236
7812,7816
7812,7822
7812,7827
7812,7834
7812,94843
7816,7822
7816,7827
7816,7834
7816,7840
7816,7846
7822,7827
7822,7834
7822,7840
7822,7846
7822,7851
7822,66260
7827,7834
7827,7840
7827,7846
7827,7851
7827,7853
7834,7840
7834,7846
7834,7851
7834,7853
7834,7855
7834,56912
7834,74968
7840,7846
7840,7851
7840,7853
7840,7855
7840,7856
7846,7851
7846,7853
7846,7855
7846,7856
7846,7858
7846,97565
7851,7853
7851,7855
7851,7856
7851,7858
7851,7864
7851,61177
7853,7855
7853,7856
7853,7858
7853,7864
7853,7866
7855,7856
7855,7858
7855,7864
7855,7866
7855,16435
7855,13360
7855,28762
7856,7858
7856,7864
7856,7866
7856,7873
7856,45724
7856,14674
7858,7866
7858,7869
7858,7873
7858,7881
7858,14740
7864,7866
7864,7869
7864,7881
7864,7886
7864,39734
7866,7869
7866,7873
7866,7881
7866,7886
7866,7888
7869,7873
7869,7886
7869,7888
7869,7897
7869,52619
7873,7881
7873,7886
7873,7888
7873,7905
7873,44750
7881,7886
7881,7888
7881,7897
7881,7905
7881,7907
7886,7888
7886,7897
7886,7905
7886,7907
7886,7910
7888,7897
7888,7905
7888,7907
7888,7910
7888,7911
7888,76747
7888,17283
7897,7905
7897,7907
7897,7910
7897,7911
7897,7912
7897,88362
7905,7907
7905,7910
7905,7911
7905,7912
7905,7913
7905,86012
7905,54325
7905,62296
7907,7910
7907,7911
7907,7912
7907,7913
7907,7915
7910,7911
7910,7912
7910,7913
7910,7915
7910,7919
7911,7912
7911,7913
7911,7915
7911,7919
7911,61956
7912,7913
7912,7915
7912,7919
7912,7920
7912,7925
7912,23889
7913,7915
7913,7919
7913,7920
7913,7931
7913,98950
7915,7919
7915,7920
7915,7925
7915,7931
7915,7937
7919,7920
7919,7925
7919,7931
7919,7937
7919,7943
7920,7931
7920,7937
7920,7943
7920,7944
7920,30862
7920,58913
7920,8013
7925,7931
7925,7937
7925,7943
7925,7944
7925,7954
7931,7937
7931,7943
7931,7954
7931,67579
7937,7943
7937,7944
7937,7954
7937,7958
7937,7960
7937,27429
7943,7958
7943,7960
7943,7961
7943,9246
7943,17539
7944,7954
7944,7958
7944,7960
7944,7962
7944,85555
7944,76981
7954,7958
7954,7960
7954,7961
7954,7962
7954,61457
7958,7961
7958,7962
7958,7966
7958,89825
7958,22559
7960,7961
7960,7962
7960,7964
7960,7968
7960,89801
7961,7962
7961,7964
7961,7966
7961,7968
7961,7969
7962,7964
7962,7966
7962,7969
7962,7973
7962,73877
7962,68744
7964,7966
7964,7968
7964,7969
7964,7973
7964,7977
7964,10192
7966,7968
7966,7969
7966,7973
7966,7977
7966,7981
7968,7969
7968,7973
7968,7977
7968,7988
7968,93279
7969,7973
7969,7981
7969,7988
7969,7989
7969,85587
7973,7981
7973,7988
7973,7989
7973,7991
7973,40016
7977,7981
7977,7988
7977,7989
7977,7991
7977,82248
7981,7988
7981,7989
7981,7991
7981,7992
7981,7995
7988,7989
7988,7991
7988,7992
7988,7995
7988,7996
7989,7992
7989,7995
7989,7996
7989,8007
7989,42649
7991,7995
7991,7996
7991,8010
7991,74477
7991,39713
7992,7995
7992,7996
7992,8007
7992,8010
7992,8013
7992,28283
7995,7996
7995,8007
7995,8010
7995,8013
7995,8014
7995,78514
7995,49536
7996,8007
7996,8010
7996,8013
7996,8014
7996,8020
8007,8013
8007,8014
8007,8020
8007,8025
8007,53011
8010,8013
8010,8014
8010,8020
8010,8025
8010,8026
8013,8014
8013,8020
8013,8025
8013,8026
8014,8020
8014,8025
8014,8026
8014,8040
8014,8041
8020,8025
8020,8026
8020,8040
8020,8041
8020,8043
8025,8040
8025,8041
8025,8043
8025,8050
8025,73425
8026,8040
8026,8041
8026,8043
8026,8050
8026,8053
8040,8041
8040,8043
8040,8050
8040,8053
8040,8055
8041,8043
8041,8050
8041,8055
8041,8056
8041,56828
8043,8050
8043,8053
8043,8055
8043,8056
8043,8065
8043,75779
8050,8053
8050,8055
8050,8056
8050,8065
8050,8067
8053,8055
8053,8056
8053,8065
8053,8067
8053,8076
8055,8065
8055,8067
8055,8076
8055,8081
8055,52408
8055,70865
8056,8065
8056,8067
8056,8076
8056,8081
8056,8084
8065,8067
8065,8076
8065,8081
8065,8084
8065,8092
8067,8081
8067,8084
8067,8092
8067,8099
8067,56633
8076,8081
8076,8084
8076,8092
8076,8099
8076,8100
8081,8092
8081,8099
8081,8100
8081,8106
8081,11075
8081,83815
8084,8099
8084,8100
8084,8106
8084,8112
8084,83089
8092,8099
8092,8100
8092,8106
8092,8116
8092,17364
8099,8106
8099,8116
8099,8119
8100,8106
8100,8112
8100,8116
8100,8119
8100,51793
8100,63127
8106,8112
8106,8116
8106,8119
8106,8123
8106,8126
8112,8116
8112,8119
8112,8129
8112,91752
8112,47232
8116,8119
8116,8123
8116,8126
8116,8129
8116,30051
8116,57761
8116,77850
8119,8123
8119,8126
8119,8129
8119,8131
8119,93321
8123,8126
8123,8129
8123,8131
8123,8133
8123,8349
8126,8129
8126,8133
8126,8146
8126,68494
8126,38192
8126,95817
8129,8131
8129,8133
8129,8144
8129,8146
8129,8147
8131,8133
8131,8144
8131,8146
8131,8147
8131,8154
8131,72627
8131,65573
8133,8144
8133,8146
8133,8147
8133,8154
8133,8156
8133,93863
8144,8146
8144,8147
8144,8154
8144,8156
8144,8158
8146,8147
8146,8154
8146,8156
8146,8158
8146,8160
8146,52652
8147,8154
8147,8156
8147,8158
8147,8160
8147,8171
8154,8156
8154,8158
8154,8160
8154,8171
8154,8172
8154,94685
8156,8158
8156,8160
8156,8171
8156,8172
8156,8178
8158,8171
8158,8172
8158,8183
8158,97616
8158,69477
8158,20268
8160,8171
8160,8172
8160,8178
8160,8183
8160,8186
8171,8178
8171,8183
8171,8186
8171,70181
8171,15113
8171,78377
8171,86786
8172,8186
8172,8188
8172,8192
8172,26684
8172,84494
8178,8183
8178,8186
8178,8188
8178,8192
8178,8194
8178,70858
8183,8186
8183,8188
8183,8192
8183,8194
8183,8198
8186,8188
8186,8192
8186,8194
8186,8198
8186,8199
8188,8192
8188,8194
8188,8198
8188,8199
8188,8202
8188,10973
8192,8194
8192,8198
8192,8199
8192,8202
8192,62805
8194,8198
8194,8199
8194,8202
8194,8203
8194,8209
8198,8199
8198,8202
8198,8203
8198,8209
8198,8213
8198,30674
8199,8202
8199,8209
8199,8213
8199,8223
8199,43532
8199,59273
8202,8203
8202,8209
8202,8213
8202,8223
8202,8241
8202,95529
8202,80503
8203,8209
8203,8213
8203,8223
8203,8241
8203,20011
8209,8213
8209,8223
8209,8241
8209,8248
8209,41546
8213,8223
8213,8247
8213,8248
8213,8252
8213,30801
8223,8241
8223,8247
8223,8248
8223,8252
8223,8255
8241,8247
8241,8248
8241,8252
8241,8255
8241,8261
8247,8248
8247,8252
8247,8255
8247,8261
8247,8266
8247,34890
8247,73239
8248,8252
8248,8255
8248,8261
8248,8266
8248,8280
8252,8255
8252,8266
8252,8281
8252,96314
8252,94316
8255,8261
8255,8280
8255,8281
8255,8292
8255,69047
8261,8266
8261,8280
8261,8281
8261,8292
8261,27391
8266,8280
8266,8281
8266,8292
8266,8302
8266,8307
8266,18982
8280,8281
8280,8292
8280,8302
8280,8307
8280,8314
8280,59639
8281,8292
8281,8302
8281,8307
8281,8314
8281,8323
8292,8307
8292,8314
8292,8323
8292,8324
8292,26608
8302,8307
8302,8314
8302,8323
8302,8324
8302,8326
8307,8314
8307,8323
8307,8324
8307,8326
8307,31660
8314,8323
8314,8324
8314,8326
8314,8331
8314,8341
8323,8324
8323,8326
8323,8331
8323,8341
8323,8344
8324,8326
8324,8331
8324,8341
8324,8344
8324,8349
8326,8331
8326,8341
8326,8344
8326,8349
8326,8359
8331,8344
8331,8349
8331,8359
8331,41408
8331,34321
8341,8344
8341,8349
8341,8359
8341,8363
8341,92087
8344,8349
8344,8359
8344,8363
8344,8371
8344,8374
8344,46189
8344,73055
8349,8359
8349,8363
8349,8371
8349,8374
8349,8382
8359,8363
8359,8371
8359,8374
8359,8382
8359,8384
8363,8371
8363,8374
8363,8382
8363,8384
8363,8393
8371,8374
8371,8382
8371,8384
8371,8393
8371,8395
8374,8393
8374,8395
8374,8404
8374,87762
8374,55426
8374,9013
8382,8384
8382,8393
8382,8404
8382,8407
8382,51280
8384,8393
8384,8395
8384,8404
8384,8407
8384,8408
8393,8395
8393,8404
8393,8407
8393,8408
8393,8410
8393,16872
8393,27131
8395,8404
8395,8407
8395,8408
8395,8410
8395,8416
8395,28258
8395,61603
8404,8407
8404,8408
8404,8410
8404,8417
8404,40803
8404,44803
8407,8408
8407,8410
8407,8416
8407,8417
8407,8421
8407,63209
8408,8410
8408,8416
8408,8417
8408,8421
8408,38923
8410,8417
8410,8421
8410,8423
8410,8424
8410,45850
8416,8417
8416,8421
8416,8423
8416,8424
8416,8427
8416,48133
8416,22665
8417,8421
8417,8423
8417,8424
8417,8427
8417,8428
8417,68752
8421,8423
8421,8424
8421,8427
8421,8428
8421,8431
8421,70197
8423,8424
8423,8427
8423,8428
8423,8433
8423,74603
8424,8427
8424,8428
8424,8431
8424,8433
8424,8437
8427,8428
8427,8431
8427,8433
8427,8437
8427,8438
8428,8433
8428,8437
8428,8438
8428,8439
8428,42862
8431,8433
8431,8437
8431,8438
8431,8439
8431,8449
8433,8437
8433,8438
8433,8439
8433,8449
8433,8453
8437,8438
8437,8439
8437,8449
8437,8453
8437,8454
8438,8439
8438,8449
8438,8453
8438,8454
8438,8456
8439,8449
8439,8453
8439,8456
8439,8461
8439,36605
8439,22420
8449,8453
8449,8456
8449,8461
8449,79517
8449,63067
8453,8454
8453,8456
8453,8461
8453,8473
8453,8483
8454,8461
8454,8473
8454,8483
8454,8486
8454,72957
8456,8461
8456,8473
8456,8483
8456,8486
8456,8487
8456,57091
8461,8473
8461,8483
8461,8486
8461,8487
8461,8495
8473,8483
8473,8486
8473,8487
8473,8495
8473,8496
8483,8486
8483,8487
8483,8495
8483,8496
8483,8498
8486,8487
8486,8495
8486,8496
8486,8498
8486,8503
8487,8495
8487,8496
8487,8503
8487,8505
8487,45574
8487,83630
8495,8496
8495,8498
8495,8503
8495,8509
8495,86882
8495,91490
8496,8498
8496,8503
8496,8505
8496,8509
8496,8519
8498,8503
8498,8505
8498,8509
8498,8519
8498,8521
8503,8505
8503,8509
8503,8519
8503,8521
8503,8530
8505,8509
8505,8519
8505,8521
8505,8530
8505,8533
8509,8519
8509,8521
8509,8530
8509,8536
8509,52995
8519,8521
8519,8530
8519,8533
8519,8536
8519,8542
8521,8536
8521,8542
8521,8543
8521,54545
8521,27590
8521,66504
8530,8533
8530,8542
8530,8543
8530,8545
8530,69564
8533,8536
8533,8542
8533,8543
8533,8545
8533,73289
8533,63582
8536,8542
8536,8543
8536,8545
8536,8551
8536,8553
8542,8543
8542,8551
8542,8553
8542,8554
8543,8545
8543,8551
8543,8553
8543,8554
8543,8559
8545,8551
8545,8553
8545,8554
8545,8559
8545,8561
8545,62375
8551,8553
8551,8554
8551,8559
8551,8561
8551,8562
8553,8554
8553,8559
8553,8561
8553,8562
8553,8577
8553,10562
8554,8559
8554,8561
8554,8562
8554,8577
8554,8579
8559,8561
8559,8562
8559,8577
8559,8579
8559,8580
8561,8562
8561,8577
8561,8580
8561,8584
8561,72921
8562,8577
8562,8579
8562,8584
8562,8585
8562,28299
8562,65102
8577,8579
8577,8580
8577,8584
8577,8585
8577,81962
8577,76190
8579,8580
8579,8585
8579,8587
8579,84623
8579,76090
8580,8584
8580,8585
8580,8587
8580,8596
8580,8601
8580,48357
8580,75188
8584,8587
8584,8596
8584,8601
8584,8602
8584,22470
8585,8587
8585,8596
8585,8601
8585,8602
8585,8607
8587,8596
8587,8601
8587,8602
8587,8607
8587,8608
8587,20988
8587,45434
8596,8608
8596,8616
8596,19772
8596,46970
8596,43411
8596,46569
8601,8602
8601,8607
8601,8608
8601,8616
8601,8628
8601,89073
8602,8607
8602,8608
8602,8616
8602,8628
8602,8631
8607,8608
8607,8616
8607,8628
8607,8631
8607,29706
8608,8616
8608,8628
8608,8631
8608,8632
8608,8634
8616,8628
8616,8631
8616,8634
8616,22819
8628,8631
8628,8632
8628,8634
8628,8635
8628,8636
8631,8634
8631,8635
8631,8636
8631,8638
8631,39365
8632,8634
8632,8635
8632,8636
8632,8638
8632,39922
8634,8635
8634,8636
8634,8638
8634,8640
8634,49746
8634,93124
8635,8636
8635,8638
8635,8640
8635,8642
8635,8652
8636,8638
8636,8640
8636,8642
8636,8652
8636,8653
8638,8642
8638,8652
8638,8653
8638,8656
8638,65583
8640,8642
8640,8652
8640,8653
8640,8656
8640,8659
8642,8652
8642,8653
8642,8659
8642,8664
8642,9070
8642,45243
8652,8653
8652,8656
8652,8659
8652,8664
8652,8669
8653,8656
8653,8659
8653,8664
8653,8669
8653,8678
8656,8659
8656,8664
8656,8669
8656,8678
8656,8681
8659,8664
8659,8669
8659,8678
8659,8681
8659,8684
8664,8669
8664,8678
8664,8681
8664,8684
8664,8694
8664,28258
8669,8678
8669,8681
8669,8684
8669,8694
8669,8710
8678,8681
8678,8684
8678,8694
8678,8724
8678,22453
8678,34700
8681,8684
8681,8694
8681,8710
8681,8724
8681,8725
8681,96059
8684,8694
8684,8710
8684,8724
8684,8725
8684,8727
8694,8710
8694,8724
8694,8725
8694,8727
8694,8729
8710,8724
8710,8725
8710,8727
8710,8729
8710,8730
8724,8725
8724,8727
8724,8729
8724,8730
8724,8731
8724,24367
8725,8727
8725,8729
8725,8730
8725,8731
8725,8733
8725,27192
8725,30230
8727,8729
8727,8733
8727,8740
8727,37234
8727,96581
8729,8730
8729,8731
8729,8733
8729,8740
8729,8744
8730,8731
8730,8740
8730,8744
8730,8748
8730,80783
8730,91112
8731,8733
8731,8740
8731,8744
8731,8748
8731,71061
8733,8740
8733,8744
8733,8748
8733,8749
8733,8750
8740,8744
8740,8748
8740,8749
8740,8750
8740,8753
8744,8748
8744,8749
8744,8750
8744,8753
8744,8764
8748,8749
8748,8750
8748,8753
8748,8764
8748,8765
8749,8750
8749,8753
8749,8764
8749,8765
8749,8768
8750,8753
8750,8764
8750,8765
8750,8768
8750,8770
8753,8764
8753,8765
8753,8768
8753,8770
8753,8772
8764,8765
8764,8768
8764,8770
8764,8772
8764,8773
8764,31943
8765,8768
8765,8770
8765,8772
8765,8773
8765,8777
8765,13468
8768,8770
8768,8772
8768,8773
8768,8777
8768,8784
8770,8773
8770,8777
8770,8784
8770,8789
8770,20505
8772,8773
8772,8777
8772,8784
8772,8789
8772,8794
8772,90849
8773,8777
8773,8789
8773,8794
8773,8798
8773,47512
8773,35252
8777,8784
8777,8789
8777,8794
8777,8798
8777,8801
8784,8789
8784,8794
8784,8798
8784,8801
8784,8803
8784,81429
8789,8794
8789,8798
8789,8801
8789,8803
8789,8809
8794,8798
8794,8801
8794,8803
8794,8809
8794,8810
8794,28166
8798,8801
8798,8810
8798,8816
8798,50635
8798,87359
8798,78290
8801,8809
8801,8810
8801,8816
8801,8823
8801,42193
8803,8809
8803,8816
8803,8823
8803,8825
8809,8810
8809,8816
8809,8823
8809,8825
8809,8827
8810,8816
8810,8823
8810,8825
8810,8827
8810,8837
8810,87883
8816,8823
8816,8825
8816,8827
8816,8837
8816,8842
8816,23966
8816,56536
8823,8827
8823,8837
8823,8842
8823,8843
8823,93321
8823,39300
8823,53187
8825,8827
8825,8837
8825,8842
8825,8843
8825,8847
8825,26956
8827,8837
8827,8842
8827,8843
8827,8847
8827,28996
8827,39093
8827,65287
8837,8842
8837,8843
8837,8847
8837,8849
8837,8866
8842,8843
8842,8847
8842,8849
8842,8866
8842,8867
8842,70152
8842,33416
8843,8847
8843,8849
8843,8866
8843,8867
8843,8869
8843,85431
8847,8849
8847,8866
8847,8867
8847,8888
8847,20317
8849,8866
8849,8867
8849,8869
8849,8888
8849,94593
8849,91835
8866,8867
8866,8869
8866,8888
8866,8889
8866,8890
8866,40055
8866,9404
8867,8869
8867,8888
8867,8889
8867,8890
8867,8891
8869,8888
8869,8889
8869,8890
8869,8891
8869,81612
8888,8889
8888,8890
8888,8891
8888,8900
8888,8913
8888,10363
8889,8890
8889,8891
8889,8900
8889,8913
8889,8920
8890,8891
8890,8900
8890,8913
8890,8920
8890,8921
8891,8900
8891,8913
8891,8920
8891,8922
8891,57749
8900,8913
8900,8920
8900,8922
8900,55803
8900,48980
8913,8920
8913,8921
8913,8922
8913,8924
8913,8925
8920,8921
8920,8922
8920,8924
8920,8925
8920,8927
8921,8922
8921,8924
8921,8925
8921,8927
8921,8933
8922,8924
8922,8925
8922,8927
8922,8933
8922,8939
8922,16080
8922,16321
8924,8925
8924,8927
8924,8933
8924,8939
8924,8941
8925,8927
8925,8933
8925,8939
8925,8941
8925,8946
8927,8933
8927,8939
8927,8941
8927,8946
8927,8953
8933,8939
8933,8946
8933,8953
8933,99392
8933,64256
8939,8941
8939,8946
8939,8953
8939,8964
8939,8966
8941,8946
8941,8964
8941,8966
8941,32016
8941,53056
8941,36068
8941,26631
8946,8964
8946,8966
8946,8967
8946,8969
8946,25774
8953,8964
8953,8966
8953,8967
8953,8969
8953,8973
8964,8966
8964,8969
8964,8973
8964,8983
8964,56654
8964,60627
8966,8969
8966,8973
8966,8983
8966,9093
8966,38872
8966,73811
8966,24059
8967,8969
8967,8983
8967,8987
8967,95445
8967,50812
8967,22652
8969,8983
8969,8990
8969,8991
8969,99707
8973,8983
8973,8990
8973,8991
8973,8992
8973,15848
8983,8987
8983,8990
8983,8991
8983,8992
8983,9000
8987,8990
8987,8991
8987,8992
8987,9012
8990,8991
8990,8992
8990,9000
8990,9012
8990,9013
8991,8992
8991,9000
8991,9012
8991,9013
8991,9015
8992,9000
8992,9012
8992,9013
8992,9015
8992,85947
9000,9012
9000,9015
9000,9027
9000,9028
9000,74028
9012,9013
9012,9015
9012,9027
9012,9028
9012,9029
9012,73097
9013,9027
9013,9028
9013,9029
9013,26157
9013,64123
9015,9027
9015,9029
9015,9031
9015,9033
9015,61127
9027,9028
9027,9029
9027,9031
9027,9033
9027,9051
9027,93861
9028,9029
9028,9031
9028,9033
9028,9051
9028,9052
9028,25385
9029,9031
9029,9033
9029,9051
9029,9052
9029,9053
9031,9033
9031,9051
9031,9052
9031,9053
9031,9055
9031,84330
9033,9051
9033,9052
9033,9053
9033,9055
9033,9057
9033,13894
9051,9052
9051,9053
9051,9055
9051,9057
9051,9058
9052,9053
9052,9055
9052,9057
9052,9058
9052,9070
9052,15255
9053,9055
9053,9058
9053,9070
9053,9074
9053,97414
9053,18018
9053,77819
9053,51647
9055,9057
9055,9058
9055,9079
9055,37309
9055,12678
9057,9058
9057,9070
9057,9074
9057,9080
9057,36070
9058,9070
9058,9074
9058,9079
9058,9091
9058,49581
9070,9074
9070,9079
9070,9080
9070,9091
9070,9093
9074,9079
9074,9080
9074,9091
9074,9093
9074,9095
9079,9080
9079,9091
9079,9093
9079,9095
9079,9100
9080,9091
9080,9093
9080,9095
9080,9100
9080,9106
9091,9093
9091,9095
9091,9100
9091,9106
9091,9107
9091,45309
9093,9095
9093,9106
9093,9107
9093,9111
9093,50109
9095,9106
9095,9107
9095,9127
9095,36358
9095,26267
9100,9106
9100,9107
9100,9111
9100,9132
9100,39896
9106,9107
9106,9111
9106,9132
9106,9134
9106,72765
9106,33922
9107,9111
9107,9127
9107,9132
9107,9147
9107,73142
9111,9127
9111,9132
9111,9134
9111,9147
9111,9160
9111,82351
9127,9132
9127,9134
9127,9147
9127,9160
9127,9161
9132,9134
9132,9147
9132,9160
9132,9161
9132,9163
9134,9147
9134,9160
9134,9161
9134,9163
9134,9166
9147,9160
9147,9161
9147,9163
9147,9166
9147,9171
9160,9161
9160,9166
9160,9171
9160,9175
9161,9163
9161,9166
9161,9171
9161,9175
9161,9177
9163,9171
9163,9175
9163,9177
9163,9180
9163,44541
9163,87239
9166,9171
9166,9175
9166,9177
9166,9180
9166,9184
9171,9177
9171,9180
9171,9184
9171,38040
9171,85523
9171,30978
9175,9177
9175,9180
9175,9184
9175,9191
9175,9195
9175,25760
9177,9180
9177,9184
9177,9195
9177,9200
9177,11633
9177,87238
9180,9184
9180,9191
9180,9195
9180,9200
9180,9207
9184,9191
9184,9195
9184,9200
9184,9207
9184,9208
9191,9195
9191,9207
9191,9208
9191,9218
9191,76130
9191,12054
9195,9200
9195,9207
9195,9208
9195,9218
9195,9219
9200,9207
9200,9208
9200,9218
9200,9219
9200,9223
9207,9208
9207,9218
9207,9219
9207,88359
9207,41823
9207,87892
9208,9218
9208,9219
9208,9223
9208,9224
9208,84082
9218,9219
9218,9223
9218,9225
9218,9231
9218,19854
9219,9223
9219,9224
9219,9225
9219,9231
9219,9232
9223,9224
9223,9225
9223,9231
9223,9232
9223,9233
9223,89825
9223,96396
9224,9225
9224,9231
9224,9232
9224,9241
9224,99822
9224,85308
9224,30517
9225,9232
9225,9233
9225,9241
9225,9245
9225,50880
9231,9233
9231,9241
9231,9245
9231,9246
9231,39632
9232,9233
9232,9241
9232,9245
9232,9246
9232,9259
9232,52386
9233,9241
9233,9245
9233,9246
9233,9259
9233,9265
9241,9246
9241,9259
9241,9265
9241,9266
9241,66040
9245,9246
9245,9259
9245,9265
9245,9266
9245,9269
9246,9259
9246,9265
9246,9269
9246,9274
9246,52315
9246,94543
9259,9265
9259,9266
9259,9269
9259,9274
9259,9276
9259,14444
9259,25994
9265,9266
9265,9269
9265,9274
9265,9276
9265,9278
9266,9269
9266,9274
9266,9276
9266,9278
9266,9283
9269,9274
9269,9276
9269,9278
9269,9283
9269,9285
9269,22487
9274,9276
9274,9278
9274,9283
9274,9285
9274,9293
9276,9278
9276,9283
9276,9293
9276,9296
9276,73362
9278,9285
9278,9293
9278,9296
9278,9297
9278,9690
9278,31329
9283,9293
9283,9296
9283,9297
9283,9301
9283,78039
9285,9293
9285,9296
9285,9297
9285,9301
9285,9304
9293,9296
9293,9297
9293,9301
9293,9304
9293,9306
9296,9297
9296,9301
9296,9304
9296,9306
9296,9309
9297,9301
9297,9304
9297,9306
9297,9309
9297,89380
9301,9304
9301,9306
9301,9339
9301,9344
9301,48883
9301,35447
9304,9306
9304,9309
9304,9339
9304,9344
9304,9346
9306,9309
9306,9339
9306,9344
9306,9346
9306,9350
9306,31576
9309,9339
9309,9344
9309,9346
9309,9350
9309,9351
9339,9344
9339,9346
9339,9350
9339,9351
9339,9353
9344,9346
9344,9350
9344,9351
9344,9353
9344,9354
9344,78160
9346,9350
9346,9351
9346,9353
9346,9354
9346,9364
9350,9351
9350,9353
9350,9354
9350,9364
9350,9367
9351,9353
9351,9354
9351,9364
9351,9367
9351,9368
9353,9354
9353,9364
9353,9367
9353,9368
9353,9381
9354,9367
9354,9368
9354,9381
9354,9387
9354,40305
9364,9367
9364,9368
9364,9381
9364,9387
9364,9396
9364,16673
9367,9368
9367,9381
9367,9387
9367,9396
9367,9397
9367,82526
9368,9387
9368,9396
9368,9397
9368,9404
9368,34947
9381,9387
9381,9396
9381,9397
9381,9404
9381,9418
9381,63427
9387,9396
9387,9397
9387,9404
9387,9418
9387,9422
9396,9397
9396,9404
9396,9418
9396,9422
9396,9427
9397,9404
9397,9418
9397,9422
9397,9427
9397,9428
9397,69307
9404,9418
9404,9427
9404,9429
9404,26515
9418,9422
9418,9428
9418,9429
9418,9437
9418,27807
9422,9427
9422,9428
9422,9429
9422,9437
9422,9438
9422,84435
9427,9428
9427,9429
9427,9437
9427,9438
9427,9440
9428,9429
9428,9438
9428,9440
9428,9443
9428,72163
9429,9437
9429,9438
9429,9443
9429,9447
9429,95653
9429,57391
9437,9438
9437,9443
9437,9447
9437,9450
9437,80180
9437,80977
9438,9440
9438,9443
9438,9447
9438,9450
9438,9453
9438,64181
9438,77790
9440,9443
9440,9447
9440,9450
9440,9453
9440,9461
9440,79630
9440,26983
9440,58179
9443,9447
9443,9453
9443,9461
9443,9463
9443,94329
9447,9450
9447,9453
9447,9461
9447,9463
9447,9466
9450,9453
9450,9461
9450,9463
9450,9466
9450,9473
9453,9461
9453,9463
9453,9466
9453,9473
9453,9476
9461,9463
9461,9466
9461,9473
9461,9476
9461,9484
9463,9466
9463,9473
9463,9476
9463,9484
9463,9488
9463,71718
9466,9473
9466,9476
9466,9484
9466,9503
9466,62591
9466,59258
9473,9476
9473,9503
9473,9506
9473,95790
9473,16906
9476,9484
9476,9488
9476,9503
9476,9506
9476,9507
9476,91516
9484,9488
9484,9503
9484,9518
9484,54796
9484,68062
9484,25504
9488,9503
9488,9506
9488,9507
9488,9518
9488,9519
9503,9506
9503,9507
9503,9518
9503,9519
9503,9520
9503,59738
9506,9507
9506,9518
9506,9519
9506,9520
9506,9521
9506,99756
9506,44667
9507,9518
9507,9521
9507,9529
9507,44412
9507,63615
9507,90593
9518,9519
9518,9520
9518,9521
9518,9529
9518,9535
9519,9520
9519,9521
9519,9529
9519,9535
9519,9541
9519,27562
9520,9521
9520,9529
9520,9542
9520,72536
9520,99351
9520,33857
9521,9529
9521,9535
9521,9541
9521,9546
9521,79482
9521,95308
9529,9535
9529,9542
9529,9546
9529,9548
9529,48799
9529,53193
9535,9541
9535,9542
9535,9546
9535,9548
9535,9549
9535,83341
9541,9542
9541,9546
9541,9549
9541,9553
9541,91542
9542,9546
9542,9548
9542,9549
9542,9553
9542,9556
9546,9548
9546,9549
9546,9553
9546,9556
9546,9557
9548,9549
9548,9553
9548,9556
9548,9557
9548,9561
9548,70589
9549,9553
9549,9556
9549,9557
9549,9561
9549,9565
9553,9556
9553,9557
9553,9561
9553,9565
9553,9569
9556,9557
9556,9561
9556,9565
9556,9569
9556,94685
9557,9561
9557,9565
9557,9569
9557,9577
9557,33817
9561,9565
9561,9569
9561,9577
9561,73412
9561,92626
9565,9569
9565,9574
9565,9577
9565,9580
9565,9583
9569,9574
9569,9577
9569,9580
9569,9583
9569,9589
9574,9577
9574,9580
9574,9583
9574,9589
9574,9596
9574,80241
9577,9580
9577,9583
9577,9589
9577,9596
9577,9597
9580,9589
9580,9596
9580,9597
9580,13035
9580,36342
9583,9589
9583,9596
9583,9597
9583,9603
9583,9607
9589,9596
9589,9597
9589,9603
9589,9609
9589,70727
9596,9597
9596,9603
9596,9607
9596,9609
9596,9611
9597,9603
9597,9607
9597,9611
9597,9612
9597,86893
9603,9607
9603,9609
9603,9611
9603,9613
9603,23196
9603,50422
9607,9609
9607,9611
9607,9612
9607,9613
9607,9615
9609,9611
9609,9612
9609,9613
9609,9615
9609,9628
9611,9612
9611,9613
9611,9615
9611,9637
9611,77601
9612,9613
9612,9615
9612,9628
9612,9637
9612,9640
9612,14145
9612,88814
9613,9615
9613,9628
9613,9637
9613,9640
9613,9645
9615,9637
9615,9640
9615,9645
9615,9649
9615,98113
9628,9637
9628,9640
9628,9645
9628,9649
9628,9656
9637,9640
9637,9645
9637,9649
9637,9656
9637,9657
9640,9645
9640,9649
9640,9656
9640,9657
9640,9659
9640,31635
9645,9649
9645,9656
9645,9659
9645,9665
9649,9656
9649,9657
9649,9659
9649,9665
9649,9666
9656,9657
9656,9659
9656,9665
9656,9666
9656,47307
9657,9665
9657,9666
9657,9668
9657,9671
9659,9665
9659,9666
9659,9668
9659,9679
9659,28323
9665,9666
9665,9668
9665,9671
9665,9679
9665,9690
9666,9668
9666,9671
9666,9679
9666,9696
9666,32172
9668,9671
9668,9679
9668,9690
9668,9696
9668,9698
9671,9679
9671,9690
9671,9696
9671,9698
9671,9701
9679,9690
9679,9696
9679,9701
9679,9704
9679,92661
9690,9696
9690,9698
9690,9701
9690,9704
9690,9709
9690,73177
9690,97373
9690,48656
9690,72715
9696,9698
9696,9701
9696,9704
9696,9709
9696,9723
9696,79061
9698,9701
9698,9704
9698,9709
9698,9723
9698,9725
9701,9704
9701,9709
9701,9723
9701,9725
9701,9731
9704,9709
9704,9723
9704,9725
9704,9731
9704,9736
9709,9725
9709,9731
9709,9736
9709,9744
9709,77822
9709,53551
9709,19781
9723,9725
9723,9731
9723,9736
9723,9744
9723,9745
9725,9731
9725,9736
9725,9744
9725,9745
9725,9749
9725,94479
9731,9736
9731,9744
9731,9745
9731,9751
9731,66043
9736,9745
9736,9749
9736,9751
9736,9752
9736,89059
9744,9745
9744,9749
9744,9751
9744,9752
9744,9754
9745,9749
9745,9751
9745,9752
9745,9754
9745,33573
9745,42088
9745,89601
9749,9751
9749,9752
9749,9754
9749,9757
9749,9766
9749,44507
9751,9757
9751,9766
9751,9767
9751,72376
9752,9754
9752,9757
9752,9766
9752,9767
9752,9769
9754,9757
9754,9767
9754,94080
9754,18065
9754,97631
9757,9766
9757,9767
9757,9769
9757,9773
9757,9775
9766,9767
9766,9773
9766,9775
9766,9777
9766,48607
9766,70464
9766,18966
9767,9769
9767,9773
9767,9775
9767,9777
9767,9781
9769,9773
9769,9775
9769,9777
9769,9781
9769,9782
9773,9775
9773,9781
9773,9782
9773,75735
9773,72813
9773,65097
9775,9777
9775,9781
9775,9782
9775,9786
9775,9793
9777,9781
9777,9782
9777,9786
9777,9793
9777,9797
9777,67488
9781,9782
9781,9786
9781,9797
9781,9806
9781,46712
9781,93253
9782,9786
9782,9793
9782,9797
9782,9806
9782,9807
9786,9793
9786,9797
9786,9806
9786,9807
9786,9810
9793,9797
9793,9806
9793,9807
9793,9810
9793,79148
9793,94145
9797,9807
9797,9810
9797,9813
9797,49521
9797,77078
9806,9807
9806,9810
9806,9811
9806,9813
9806,65243
9807,9810
9807,9811
9807,9813
9807,9817
9807,69299
9810,9811
9810,9813
9810,9817
9810,9820
9810,9832
9811,9813
9811,9820
9811,9832
9811,9839
9811,19662
9813,9817
9813,9820
9813,9832
9813,9839
9813,9841
9817,9820
9817,9832
9817,9839
9817,9841
9817,9842
9817,48835
9817,29625
9820,9832
9820,9839
9820,9841
9820,9842
9820,9851
9832,9839
9832,9841
9832,9842
9832,9851
9832,9853
9832,29577
9839,9841
9839,9842
9839,9851
9839,9853
9839,9857
9839,79635
9839,85201
9839,40405
9841,9842
9841,9851
9841,9853
9841,9857
9841,9894
9842,9851
9842,9853
9842,9857
9842,9894
9842,9899
9851,9853
9851,9894
9851,9899
9851,32071
9851,62781
9853,9857
9853,9894
9853,9899
9853,9904
9853,9910
9853,69592
9857,9894
9857,9899
9857,9904
9857,9910
9857,9913
9894,9899
9894,9904
9894,9910
9894,9913
9894,9924
9899,9904
9899,9910
9899,9913
9899,9924
9899,9928
9899,74761
9904,9910
9904,9913
9904,9924
9904,9928
9904,9931
9910,9913
9910,9924
9910,9928
9910,9932
9910,34347
9913,9924
9913,9928
9913,9931
9913,9932
9913,9936
9924,9928
9924,9931
9924,9932
9924,9936
9924,9946
9928,9931
9928,9932
9928,9936
9928,9946
9928,9948
9928,11074
9931,9932
9931,9936
9931,9946
9931,9948
9931,9949
9932,9946
9932,9948
9932,9949
9932,9950
9932,73244
9936,9946
9936,9949
9936,9950
9936,9964
9936,71338
9946,9948
9946,9949
9946,9950
9946,9964
9946,9970
9946,39848
9948,9949
9948,9964
9948,9970
9948,9971
9948,19919
9948,46323
9949,9950
9949,9964
9949,9970
9949,9971
9949,9972
9950,9964
9950,9970
9950,9971
9950,9972
9950,9980
9950,64181
9964,9970
9964,9971
9964,9972
9964,9980
9964,9982
9970,9971
9970,9972
9970,9980
9970,9982
9970,9986
9971,9972
9971,9980
9971,9982
9971,9988
9971,40686
9972,9980
9972,9982
9972,9986
9972,9988
9972,9990
9980,9982
9980,9986
9980,9988
9980,9993
9980,81904
9982,9988
9982,9990
9982,9993
9982,9997
9982,33666
9986,9988
9986,9993
9986,9997
9986,10005
9986,32325
9988,9990
9988,9993
9988,9997
9988,10005
9988,10008
9990,9993
9990,9997
9990,10005
9990,10008
9990,10014
9993,9997
9993,10005
9993,10008
9993,10014
9993,10016
9997,10005
9997,10008
9997,10014
9997,10016
9997,10017
10005,10008
10005,10014
10005,10017
10005,10024
10005,41736
10008,10014
10008,10017
10008,10024
10008,10033
10008,75893
10014,10016
10014,10017
10014,10024
10014,10033
10014,10035
10014,79528
10014,54371
10016,10017
10016,10024
10016,10033
10016,10035
10016,10038
10016,41238
10017,10024
10017,10033
10017,10038
10017,10039
10017,64484
10024,10035
10024,10038
10024,10039
10024,10042
10024,36003
10033,10035
10033,10038
10033,10042
10033,10044
10033,75147
10033,13472
10035,10038
10035,10039
10035,10042
10035,10044
10035,75816
10038,10039
10038,10042
10038,10044
10038,10045
10038,10058
10039,10042
10039,10045
10039,10058
10039,10068
10039,92091
10042,10044
10042,10045
10042,10058
10042,10068
10042,10074
10042,50353
10044,10045
10044,10068
10044,10074
10044,10075
10044,36599
10044,38448
10044,87468
10044,87077
10045,10058
10045,10068
10045,10074
10045,10075
10045,10078
10058,10074
10058,10078
10058,10081
10058,68263
10058,41238
10058,82731
10058,90430
10068,10074
10068,10075
10068,10078
10068,10081
10068,10090
10068,21696
10068,80869
10074,10075
10074,10078
10074,10081
10074,10093
10074,34747
10075,10078
10075,10081
10075,10090
10075,10093
10075,10095
10078,10081
10078,10090
10078,10093
10078,10096
10078,20316
10081,10090
10081,10093
10081,10095
10081,10096
10081,10097
10081,92465
10090,10093
10090,10096
10090,10097
10090,10102
10090,79142
10093,10095
10093,10096
10093,10097
10093,10105
10093,69492
10093,87066
10093,65944
10095,10096
10095,10097
10095,10102
10095,10105
10095,10110
10095,22873
10096,10102
10096,10105
10096,10110
10096,10118
10096,67356
10097,10102
10097,10105
10097,10110
10097,10118
10097,10119
10102,10105
10102,10110
10102,10119
10102,10122
10102,10941
10105,10110
10105,10118
10105,10119
10105,10122
10105,10128
10110,10118
10110,10119
10110,10122
10110,10128
10110,10134
10118,10119
10118,10122
10118,10128
10118,10134
10118,10138
10118,33104
10119,10122
10119,10128
10119,10134
10119,10138
10119,71078
10122,10128
10122,10134
10122,10138
10122,10142
10122,37727
10128,10134
10128,10138
10128,10139
10128,10142
10128,10145
10134,10138
10134,10139
10134,10142
10134,10145
10134,47903
10138,10139
10138,10142
10138,10145
10138,10146
10138,10150
10138,28086
10139,10142
10139,10145
10139,10146
10139,10150
10139,10162
10139,92228
10142,10145
10142,10146
10142,10150
10142,10162
10142,10174
10142,78825
10145,10146
10145,10150
10145,10162
10145,10174
10145,10177
10146,10150
10146,10162
10146,10174
10146,10177
10146,10189
10150,10162
10150,10174
10150,10177
10150,10189
10150,10192
10150,35433
10162,10174
10162,10177
10162,10189
10162,10192
10162,10193
10174,10177
10174,10189
10174,10192
10174,10194
10174,95277
10177,10189
10177,10192
10177,10193
10177,63528
10177,35424
10189,10192
10189,10193
10189,10194
10189,10196
10189,10197
10192,10193
10192,10194
10192,10196
10192,10197
10193,10194
10193,10196
10193,10197
10193,10202
10193,10209
10194,10196
10194,10197
10194,10202
10194,10209
10194,10214
10196,10197
10196,10202
10196,10214
10196,10222
10196,28379
10196,44402
10196,47635
10197,10202
10197,10209
10197,10214
10197,10222
10197,10227
10202,10209
10202,10214
10202,10222
10202,10227
10202,10232
10209,10214
10209,10222
10209,10227
10209,10232
10209,10238
10214,10222
10214,10227
10214,10232
10214,10238
10214,10241
10222,10227
10222,10232
10222,10238
10222,10241
10222,10242
10222,52652
10222,12144
10227,10232
10227,10238
10227,10241
10227,10242
10227,10244
10227,12898
10232,10238
10232,10241
10232,10242
10232,10244
10232,10247
10232,67090
10238,10241
10238,10242
10238,10244
10238,10247
10238,10251
10241,10242
10241,10244
10241,10247
10241,10251
10241,10253
10242,10244
10242,10247
10242,10251
10242,10253
10242,10254
10244,10247
10244,10251
10244,10253
10244,10254
10244,10265
10247,10251
10247,10253
10247,10254
10247,10265
10247,10268
10247,49575
10247,55974
10251,10253
10251,10254
10251,10265
10251,10268
10251,10270
10251,20647
10253,10254
10253,10265
10253,10268
10253,10270
10253,10273
10254,10265
10254,10268
10254,10270
10254,10273
10254,10279
10265,10268
10265,10270
10265,10273
10265,10279
10265,10282
10265,72287
10265,20631
10265,47219
10268,10270
10268,10273
10268,10279
10268,10282
10268,10289
10270,10273
10270,10279
10270,10282
10270,10289
10270,10291
10273,10279
10273,10282
10273,10289
10273,10294
10273,43577
10279,10282
10279,10289
10279,10291
10279,10294
10279,10304
10282,10291
10282,10294
10282,10304
10282,10309
10282,31598
10282,33542
10289,10291
10289,10294
10289,10304
10289,10309
10289,10314
10291,10294
10291,10304
10291,10309
10291,10314
10291,10334
10291,87026
10294,10304
10294,10309
10294,10314
10294,10334
10294,10340
10304,10309
10304,10314
10304,10340
10304,44209
10304,30211
10309,10314
10309,10334
10309,10340
10309,10342
10309,10351
10314,10334
10314,10340
10314,10342
10314,10351
10314,10361
10334,10340
10334,10342
10334,10351
10334,10361
10334,10363
10340,10342
10340,10351
10340,10361
10340,10363
10340,10368
10342,10351
10342,10363
10342,10368
10342,43728
10342,55531
10351,10363
10351,10368
10351,10373
10351,74610
10351,50014
10361,10363
10361,10368
10361,10371
10361,10373
10361,10375
10363,10368
10363,10371
10363,10373
10363,10378
10368,10371
10368,10373
10368,10375
10368,10381
10368,40835
10371,10373
10371,10378
10371,10381
10371,10384
10371,48353
10373,10375
10373,10378
10373,10381
10373,10384
10373,10386
10375,10378
10375,10381
10375,10384
10375,10386
10375,10387
10378,10381
10378,10384
10378,10394
10378,43839
10378,82827
10381,10384
10381,10386
10381,10387
10381,10394
10381,10410
10381,78437
10384,10386
10384,10387
10384,10394
10384,10410
10384,10415
10384,81442
10384,54791
10386,10387
10386,10394
10386,62701
10386,78247
10386,66392
10387,10394
10387,10415
10387,10422
10387,49311
10387,94634
10394,10410
10394,10415
10394,10419
10394,10422
10394,10431
10410,10415
10410,10419
10410,10422
10410,10431
10410,10432
10410,64676
10415,10419
10415,10422
10415,10431
10415,10432
10415,10433
10415,55076
10419,10422
10419,10431
10419,10432
10419,10433
10419,10434
10422,10431
10422,10432
10422,10433
10422,10434
10422,10439
10431,10432
10431,10433
10431,10439
10431,10441
10431,52447
10431,67137
10431,29779
10432,10433
10432,10434
10432,10439
10432,10441
10432,10454
10432,28419
10432,35668
10432,46198
10433,10434
10433,10439
10433,10441
10433,10454
10433,10460
10434,10439
10434,10441
10434,10454
10434,10460
10434,10464
10439,10441
10439,10454
10439,10460
10439,10464
10439,10466
10441,10454
10441,10460
10441,10464
10441,10466
10441,10471
10441,49447
10454,10460
10454,10464
10454,10466
10454,10471
10454,10477
10460,10464
10460,10466
10460,10471
10460,10477
10460,10483
10460,20273
10460,64552
10464,10466
10464,10471
10464,10477
10464,10483
10464,10484
10466,10471
10466,10477
10466,10484
10466,10488
10466,84773
10466,62229
10471,10477
10471,10483
10471,10484
10471,10488
10471,10490
10477,10483
10477,10484
10477,10488
10477,10490
10477,10499
10477,10633
10483,10484
10483,10488
10483,10490
10483,10499
10483,10504
10484,10488
10484,10490
10484,10499
10484,10504
10484,10510
10484,61279
10488,10490
10488,10499
10488,10504
10488,10510
10488,10511
10488,77887
10488,31598
10488,92782
10490,10499
10490,10504
10490,10511
10490,10527
10490,70169
10490,64148
10490,22200
10490,77605
10499,10504
10499,10510
10499,10511
10499,10527
10499,10528
10499,42683
10504,10510
10504,10511
10504,10527
10504,10528
10504,10531
10510,10511
10510,10527
10510,10528
10510,10531
10510,10535
10511,10527
10511,10528
10511,10531
10511,10535
10511,10538
10511,88743
10527,10528
10527,10531
10527,10535
10527,10538
10527,10539
10527,48665
10528,10531
10528,10535
10528,10538
10528,10539
10528,10540
10531,10535
10531,10538
10531,10539
10531,10552
10531,42551
10535,10538
10535,10539
10535,10540
10535,10552
10535,10556
10535,93589
10538,10539
10538,10540
10538,10552
10538,10561
10538,23021
10538,66389
10539,10540
10539,10552
10539,10556
10539,10561
10539,10562
10539,17586
10540,10552
10540,10556
10540,10561
10540,10562
10540,10569
10552,10556
10552,10562
10552,10569
10556,10561
10556,10562
10556,10569
10556,10575
10556,10576
10561,10562
10561,10569
10561,10575
10561,10579
10561,66511
10561,60668
10562,10569
10562,10575
10562,10576
10562,80220
10569,10575
10569,10576
10569,10579
10569,10582
10569,47116
10575,10576
10575,10579
10575,10582
10575,10588
10575,10866
10576,10579
10576,10582
10576,10588
10576,10595
10576,98509
10576,12133
10579,10582
10579,10586
10579,10588
10579,10595
10579,10598
10579,41505
10582,10595
10582,10598
10582,71806
10582,55841
10582,18803
10586,10595
10586,10598
10586,10602
10586,10621
10586,89720
10588,10595
10588,10598
10588,10602
10588,10621
10588,48552
10588,56610
10595,10598
10595,10602
10595,10621
10595,10630
10595,36999
10598,10602
10598,10621
10598,10633
10598,10636
10598,26519
10602,10621
10602,10630
10602,10633
10602,10636
10602,69302
10621,10630
10621,10633
10621,10636
10621,10644
10621,10651
10630,10633
10630,10636
10630,10644
10630,10651
10630,10653
10633,10644
10633,10653
10633,10654
10633,31278
10636,10644
10636,10651
10636,10654
10636,10655
10636,70943
10644,10651
10644,10653
10644,10654
10644,10655
10644,10661
10651,10653
10651,10655
10651,10661
10651,10664
10651,85693
10653,10654
10653,10655
10653,10661
10653,10664
10653,10665
10654,10655
10654,10661
10654,10664
10654,10665
10654,10670
10654,63030
10655,10661
10655,10664
10655,10665
10655,10670
10655,10671
10661,10664
10661,10665
10661,10670
10661,10671
10661,10674
10661,75783
10664,10665
10664,10670
10664,10671
10664,10674
10664,10678
10665,10670
10665,10671
10665,10674
10665,10678
10665,10685
10670,10671
10670,10674
10670,10678
10670,10685
10670,10686
10671,10674
10671,10678
10671,10686
10671,78896
10671,36665
10674,10678
10674,10685
10674,10686
10674,10689
10674,10690
10674,40591
10678,10686
10678,10689
10678,10690
10678,10698
10678,18453
10678,55497
10685,10686
10685,10689
10685,10690
10685,10698
10685,10699
10685,35341
10686,10689
10686,10690
10686,10698
10686,10699
10686,10703
10686,87080
10689,10690
10689,10698
10689,10699
10689,10703
10689,10713
10689,20248
10690,10698
10690,10699
10690,10703
10690,10713
10698,10699
10698,10713
10698,10721
10698,22693
10698,85037
10698,54451
10699,10703
10699,10713
10699,10721
10699,10722
10699,10724
10703,10713
10703,10721
10703,10722
10703,10724
10703,10725
10713,10721
10713,10722
10713,10725
10713,21496
10713,47285
10713,93879
10721,10722
10721,10724
10721,10725
10721,10728
10721,10729
10721,98534
10722,10724
10722,10725
10722,10728
10722,10729
10722,10735
10724,10725
10724,10728
10724,10729
10724,10735
10724,10738
10724,60522
10725,10728
10725,10729
10725,10735
10725,10738
10725,10739
10728,10729
10728,10735
10728,10738
10728,10739
10728,10748
10729,10735
10729,10739
10729,10748
10729,15221
10729,17609
10729,43191
10735,10738
10735,10739
10735,10748
10735,10753
10735,10761
10735,60675
10738,10739
10738,10748
10738,10753
10738,10761
10738,10762
10739,10748
10739,10753
10739,10761
10739,10762
10739,10764
10748,10753
10748,10761
10748,10762
10748,10764
10748,10767
10753,10762
10753,10767
10753,10769
10753,43594
10753,91845
10761,10764
10761,10767
10761,10769
10761,10773
10761,45620
10762,10764
10762,10767
10762,10769
10762,10773
10762,10778
10762,22960
10762,93952
10764,10773
10764,10778
10764,10785
10764,94229
10764,93854
10764,90324
10767,10769
10767,10773
10767,10778
10767,10785
10769,10773
10769,10778
10769,10785
10769,10786
10769,10790
10769,26319
10773,10778
10773,10785
10773,10786
10773,10790
10773,73103
10778,10785
10778,10786
10778,10790
10778,10792
10778,10793
10785,10786
10785,10790
10785,10792
10785,10793
10785,10796
10785,26214
10786,10790
10786,10792
10786,10793
10786,10796
10786,10799
10786,19680
10786,65109
10790,10792
10790,10796
10790,10799
10790,10809
10790,89825
10790,58618
10792,10793
10792,10796
10792,10799
10792,10813
10792,32407
10793,10796
10793,10799
10793,10809
10793,10813
10793,10817
10796,10799
10796,10809
10796,10813
10796,10817
10796,10818
10796,19245
10799,10809
10799,10813
10799,10817
10799,10818
10799,10820
10809,10813
10809,10818
10809,10820
10809,10823
10809,72500
10813,10817
10813,10818
10813,10820
10813,10823
10813,10827
10813,86571
10817,10818
10817,10820
10817,10823
10817,10827
10817,10828
10817,56638
10818,10820
10818,10823
10818,10827
10818,10828
10818,10829
10820,10823
10820,10827
10820,10828
10820,10829
10820,10833
10823,10827
10823,10828
10823,10829
10823,10833
10823,10844
10827,10828
10827,10829
10827,10833
10827,10848
10827,16041
10828,10829
10828,10833
10828,10844
10828,10848
10828,10850
10829,10833
10829,10844
10829,10848
10829,10850
10829,28146
10833,10844
10833,10848
10833,10850
10833,10854
10833,10860
10833,20697
10844,10848
10844,10850
10844,10854
10844,10860
10844,10866
10844,72244
10848,10850
10848,10854
10848,10860
10848,10866
10848,10873
10850,10854
10850,10860
10850,10866
10850,10873
10850,10877
10850,25635
10850,95400
10854,10860
10854,10866
10854,10873
10854,10877
10854,10878
10854,80860
10860,10866
10860,10877
10860,10878
10860,10884
10860,46914
10866,10873
10866,10877
10866,10878
10866,10884
10866,22473
10873,10877
10873,10878
10873,10884
10873,10885
10873,10886
10877,10878
10877,10884
10877,10885
10877,10886
10877,10887
10877,80684
10877,43386
10878,10884
10878,10885
10878,10886
10878,10887
10878,10899
10884,10886
10884,10887
10884,10899
10884,10900
10884,40969
10885,10886
10885,10887
10885,10899
10885,10900
10885,10905
10885,69428
10886,10887
10886,10899
10886,10900
10886,91268
10886,45518
10887,10899
10887,10900
10887,10905
10887,10907
10887,10910
10887,62491
10887,12945
10887,64440
10899,10900
10899,10905
10899,10907
10899,10910
10899,10917
10900,10905
10900,10907
10900,10910
10900,10917
10900,10919
10905,10907
10905,10910
10905,10917
10905,10919
10905,10921
10907,10910
10907,10917
10907,10919
10907,10925
10907,30008
10907,50453
10910,10919
10910,10921
10910,10925
10910,10927
10910,67806
10917,10919
10917,10925
10917,10927
10917,10931
10917,48975
10917,96017
10919,10921
10919,10927
10919,10931
10919,10941
10919,33823
10921,10925
10921,10927
10921,10931
10921,10941
10921,65011
10925,10927
10925,10931
10925,10941
10925,10942
10925,10948
10927,10931
10927,10941
10927,10942
10927,10948
10927,10950
10927,46579
10931,10941
10931,10948
10931,10950
10931,10951
10931,35371
10931,73421
10941,10942
10941,10948
10941,10950
10941,10951
10941,24848
10941,90580
10941,21326
10942,10948
10942,10950
10942,10951
10942,10976
10942,55222
10948,10950
10948,10951
10948,10976
10948,76007
10948,84414
10950,10951
10950,10973
10950,10976
10950,10979
10950,13316
10950,26019
10951,10973
10951,10976
10951,10977
10951,10982
10951,97021
10973,10976
10973,10982
10973,71249
10973,20124
10973,67771
10976,10977
10976,10979
10976,10982
10976,10989
10976,10990
10976,34588
10977,10979
10977,10982
10977,10989
10977,10990
10977,58574
10979,10989
10979,10990
10979,11001
10979,11005
10979,70245
10979,34645
10982,10989
10982,10990
10982,11001
10982,11005
10982,11008
10989,10990
10989,11001
10989,11005
10989,11008
10989,11009
10990,11001
10990,11005
10990,11008
10990,11009
11001,11005
11001,11008
11001,11009
11001,11020
11001,75371
11005,11008
11005,11011
11005,11022
11005,16284
11008,11009
11008,11020
11008,11022
11008,11026
11008,17363
11009,11011
11009,11020
11009,11022
11009,11026
11009,11028
11009,40324
11011,11020
11011,11022
11011,11028
11011,11031
11011,30583
11011,18880
11020,11022
11020,11026
11020,11028
11020,11031
11020,11035
11022,11026
11022,11028
11022,11031
11022,11035
11022,11046
11026,11028
11026,11031
11026,11035
11026,11046
11026,11050
11026,36433
11028,11031
11028,11035
11028,11046
11028,11050
11028,11058
11031,11035
11031,11050
11031,11064
11031,66869
11031,90660
11035,11046
11035,11058
11035,11064
11035,11065
11035,29327
11046,11050
11046,11058
11046,11064
11046,11065
11046,58357
11046,17161
11050,11064
11050,11065
11050,11069
11050,11073
11050,13059
11058,11064
11058,11065
11058,11073
11058,11074
11058,41368
11064,11065
11064,11069
11064,11073
11064,11074
11064,11075
11064,20240
11065,11069
11065,11073
11065,11075
11065,11080
11065,85392
11069,11073
11069,11074
11069,11075
11069,11080
11069,11084
11073,11075
11073,11084
11073,11085
11073,31486
11073,47991
11073,18646
11074,11084
11074,11085
11074,11090
11074,11290
11075,11080
11075,11084
11075,11085
11075,11095
11075,43910
11080,11084
11080,11085
11080,11090
11080,11095
11080,11109
11084,11090
11084,11095
11084,11109
11084,11132
11084,96649
11085,11095
11085,11132
11085,11133
11085,98182
11085,96435
11085,54980
11090,11095
11090,11109
11090,11132
11090,11133
11090,11136
11090,21942
11090,83444
11090,87286
11090,96003
11095,11109
11095,11132
11095,11133
11095,11136
11095,11137
11109,11132
11109,11133
11109,11136
11109,11137
11109,11138
11109,75505
11132,11133
11132,11137
11132,11138
11132,11142
11132,15599
11133,11136
11133,11137
11133,11138
11133,11142
11133,11147
11133,52787
11136,11137
11136,11138
11136,11142
11136,11147
11136,11149
11137,11138
11137,11142
11137,11147
11137,11149
11137,11153
11138,11142
11138,11147
11138,11149
11138,11153
11138,11157
11138,25547
11138,80769
11142,11147
11142,11149
11142,11153
11142,11157
11142,11158
11147,11153
11147,11157
11147,84820
11147,82807
11147,78739
11147,78841
11149,11153
11149,11157
11149,11158
11149,11159
11149,11162
11153,11157
11153,11158
11153,11159
11153,11162
11153,11169
11157,11158
11157,11159
11157,11162
11157,11169
11157,11174
11158,11159
11158,11162
11158,11169
11158,23188
11158,22187
11159,11162
11159,11169
11159,11179
11159,11181
11159,97270
11162,11169
11162,11174
11162,11179
11162,11181
11162,11188
11169,11174
11169,11179
11169,11181
11169,11188
11169,11192
11169,51484
11174,11179
11174,11181
11174,11188
11174,11196
11179,11181
11179,11188
11179,11192
11179,11196
11179,11198
11179,91358
11181,11188
11181,11192
11181,11196
11181,11198
11181,11201
11188,11192
11188,11196
11188,11198
11188,11204
11188,59878
11188,69942
11188,84413
11192,11196
11192,11198
11192,11201
11192,11204
11192,30068
11196,11198
11196,11201
11196,11204
11196,11206
11196,11209
11196,59148
11198,11201
11198,11204
11198,11209
11198,11213
11198,48225
11201,11204
11201,11206
11201,11209
11201,11213
11201,11223
11201,67813
11204,11206
11204,11209
11204,11213
11204,11223
11204,65751
11204,82482
11204,88645
11204,94849
11206,11209
11206,11213
11206,11223
11206,11224
11206,11228
11206,20004
11209,11213
11209,11223
11209,11224
11209,11228
11209,11237
11213,11223
11213,11224
11213,11237
11213,11240
11213,61394
11223,11224
11223,11228
11223,11237
11223,11240
11223,11251
11224,11228
11224,11237
11224,11240
11224,11251
11224,11253
11228,11237
11228,11240
11228,11251
11228,11253
11228,11255
11237,11251
11237,11253
11237,11268
11237,49652
11237,92725
11240,11251
11240,11253
11240,11255
11240,11268
11240,11272
11240,57999
11251,11253
11251,11255
11251,11268
11251,11272
11251,11282
11253,11255
11253,11268
11253,11272
11253,11282
11253,11289
11255,11268
11255,11272
11255,11282
11255,11289
11255,11290
11268,11272
11268,11282
11268,11289
11268,11296
11268,83415
11268,56083
11272,11282
11272,11289
11272,11290
11272,11296
11272,11299
11282,11296
11282,11299
11282,11302
11282,16973
11289,11290
11289,11299
11289,11302
11289,11304
11289,18977
11289,72045
11289,91070
11290,11299
11290,11302
11290,11304
11290,21320
11296,11299
11296,11302
11296,11304
11296,11310
11296,11320
11299,11302
11299,11310
11299,11320
11299,11321
11299,57974
11302,11304
11302,11310
11302,11320
11302,11321
11302,11326
11304,11310
11304,11320
11304,11321
11304,11326
11304,11335
11310,11320
11310,11321
11310,11326
11310,11335
11310,11338
11310,51415
11310,38698
11320,11321
11320,11326
11320,11338
11320,11345
11320,18361
11321,11326
11321,11335
11321,11338
11321,11345
11321,57905
11326,11335
11326,11338
11326,11345
11326,11348
11326,11355
11335,11338
11335,11345
11335,11348
11335,11355
11335,11357
11338,11345
11338,11348
11338,11355
11338,11357
11338,11358
11338,81461
11345,11348
11345,11357
11345,11358
11345,11361
11345,70764
11348,11355
11348,11357
11348,11358
11348,11361
11348,11371
11355,11357
11355,11358
11355,11361
11355,11371
11355,11373
11355,17322
11355,26013
11357,11358
11357,11361
11357,11371
11357,11376
11357,57439
11357,86492
11358,11361
11358,11371
11358,11373
11358,11376
11358,11382
11361,11371
11361,11373
11361,11376
11361,11382
11361,11392
11371,11373
11371,11376
11371,11382
11371,11392
11371,11401
11373,11376
11373,11382
11373,11392
11373,11401
11373,11402
11376,11382
11376,11392
11376,11401
11376,11402
11376,11405
11382,11392
11382,11401
11382,11402
11382,11405
11382,11406
11392,11402
11392,11405
11392,11406
11392,11409
11392,65957
11401,11402
11401,11405
11401,11406
11401,11411
11401,52149
11401,71577
11401,72373
11402,11405
11402,11406
11402,11409
11402,11414
11402,75510
11405,11406
11405,11411
11405,11414
11405,11420
11405,21884
11406,11409
11406,11411
11406,11414
11406,36193
11406,94070
11406,36158
11409,11411
11409,11414
11409,11420
11409,11423
11409,11426
11411,11414
11411,11423
11411,11426
11411,11427
11411,83158
11414,11420
11414,11423
11414,11426
11414,11427
11414,11428
11420,11423
11420,11426
11420,11427
11420,11428
11420,11441
11420,77667
11423,11426
11423,11427
11423,11428
11423,11441
11423,11443
11426,11427
11426,11428
11426,11441
11426,11443
11426,11451
11426,73337
11427,11428
11427,11441
11427,11443
11427,11451
11427,11452
11428,11441
11428,11443
11428,11451
11428,11452
11428,37785
11441,11443
11441,11451
11441,11452
11441,11471
11441,11472
11443,11451
11443,11452
11443,11471
11443,11472
11443,11473
11451,11452
11451,11471
11451,11472
11451,11473
11451,11476
11452,11471
11452,11472
11452,11473
11452,11476
11452,11478
11471,11472
11471,11473
11471,11476
11471,11478
11471,11490
11471,73462
11472,11473
11472,11476
11472,11478
11472,11490
11472,11498
11472,65447
11473,11476
11473,11478
11473,11498
11473,11500
11473,87433
11476,11478
11476,11490
11476,11498
11476,11506
11478,11490
11478,11498
11478,11500
11478,11506
11478,11507
11478,88240
11490,11498
11490,11506
11490,11507
11490,11515
11490,46154
11490,72921
11498,11500
11498,11506
11498,11515
11498,11520
11498,70152
11498,38076
11500,11506
11500,11515
11500,11520
11500,11522
11500,89363
11500,38145
11506,11507
11506,11515
11506,11520
11506,11522
11506,11537
11507,11515
11507,11520
11507,11522
11507,11537
11507,11543
11515,11520
11515,11522
11515,11537
11515,11543
11515,11546
11515,38472
11520,11522
11520,11537
11520,11543
11520,11551
11520,95167
11522,11537
11522,11543
11522,11546
11522,11551
11522,11552
11537,11543
11537,11546
11537,11551
11537,11552
11537,38019
11543,11546
11543,11551
11543,11552
11543,11563
11543,11573
11543,15322
11543,34127
11546,11551
11546,11552
11546,11563
11546,11573
11546,11580
11551,11552
11551,11563
11551,11573
11551,11580
11551,11581
11552,11563
11552,11573
11552,11580
11552,11584
11552,26410
11552,89232
11563,11573
11563,11580
11563,11581
11563,11586
11563,58552
11573,11581
11573,11584
11573,11586
11573,11591
11573,92078
11580,11581
11580,11584
11580,11586
11580,11591
11580,11592
11580,15918
11580,85452
11581,11584
11581,11586
11581,11591
11581,11596
11581,83205
11581,76080
11584,11586
11584,11592
11584,11596
11584,11599
11584,30650
11586,11591
11586,11592
11586,11596
11586,11599
11586,11600
11591,11592
11591,11596
11591,11600
11591,11603
11591,34228
11592,11596
11592,11599
11592,11600
11592,11603
11592,11607
11596,11599
11596,11600
11596,11603
11596,11607
11596,11611
11599,11600
11599,11603
11599,11607
11599,11611
11599,11613
11599,44123
11600,11603
11600,11611
11600,11613
11600,11618
11600,43604
11600,50544
11600,53272
11603,11607
11603,11611
11603,11613
11603,32130
11607,11611
11607,11613
11607,11618
11607,11627
11607,11629
11607,83899
11611,11613
11611,11618
11611,11627
11611,11629
11611,84641
11613,11627
11613,11629
11613,11633
11613,16795
11613,95696
11618,11627
11618,11629
11618,11633
11618,11640
11618,11648
11627,11629
11627,11633
11627,11640
11627,11648
11627,11651
11629,11633
11629,11640
11629,11648
11629,11651
11629,11652
11633,11648
11633,11651
11633,11652
11633,12353
11633,22532
11633,70981
11640,11648
11640,11651
11640,11652
11640,11655
11640,11657
11640,81701
11648,11651
11648,11652
11648,11655
11648,11657
11648,11658
11651,11652
11651,11655
11651,11657
11651,11658
11651,11664
11652,11655
11652,11658
11652,11664
11652,11666
11652,88344
11655,11657
11655,11658
11655,11664
11655,11666
11655,11668
11655,38641
11657,11658
11657,11664
11657,11666
11657,11668
11657,11681
11657,57897
11657,39900
11658,11664
11658,11666
11658,11668
11658,11681
11658,11690
11664,11681
11664,11690
11664,11692
11664,83847
11664,88931
11666,11668
11666,11681
11666,11690
11666,11692
11666,87011
11668,11690
11668,11692
11668,11695
11668,87093
11668,37707
11668,37216
11681,11690
11681,11692
11681,11695
11681,11708
11681,11711
11681,96244
11690,11692
11690,11695
11690,11708
11690,11711
11690,11712
11690,40181
11692,11708
11692,11711
11692,11721
11692,82517
11692,31086
11695,11708
11695,11711
11695,11712
11695,11721
11695,11727
11708,11711
11708,11712
11708,11732
11708,64665
11708,42344
11711,11712
11711,11721
11711,11727
11711,11732
11711,11733
11711,38819
11712,11721
11712,11727
11712,11732
11712,11733
11712,11738
11721,11727
11721,11733
11721,11738
11721,11740
11721,64623
11727,11732
11727,11733
11727,11738
11727,11740
11727,74421
11732,11733
11732,11738
11732,11740
11732,11743
11732,11753
11732,52157
11733,11738
11733,11740
11733,11743
11733,11753
11733,11754
11738,11740
11738,11743
11738,11753
11738,11754
11738,57879
11738,84078
11740,11743
11740,11753
11740,11754
11740,11757
11740,33501
11743,11753
11743,11754
11743,11756
11743,11757
11743,11761
11743,77035
11753,11754
11753,11756
11753,11761
11753,11762
11753,85915
11754,11756
11754,11757
11754,11762
11754,11763
11754,65944
11754,20789
11756,11761
11756,11765
11756,81016
11756,26384
11756,50540
11757,11761
11757,11762
11757,11763
11757,11773
11757,42067
11761,11762
11761,11763
11761,11765
11761,11773
11761,11775
11762,11765
11762,11773
11762,11775
11762,11780
11762,20546
11762,80177
11763,11765
11763,11773
11763,11775
11763,11780
11763,11783
11763,62184
11765,11773
11765,11775
11765,11780
11765,11783
11765,11786
11773,11775
11773,11783
11773,11786
11773,11796
11773,54841
11773,79843
11775,11783
11775,11786
11775,11796
11775,11799
11775,98086
11780,11783
11780,11786
11780,11799
11780,11800
11780,94886
11783,11796
11783,11799
11783,11800
11783,11801
11783,55266
11786,11796
11786,11799
11786,11801
11786,11804
11786,91561
11786,64206
11796,11799
11796,11800
11796,11801
11796,11804
11796,11805
11796,39496
11796,96099
11796,50812
11799,11800
11799,11804
11799,11805
11799,11806
11799,16458
11800,11801
11800,11804
11800,11805
11800,11806
11800,11812
11800,30310
11801,11804
11801,11805
11801,11806
11801,11812
11801,95190
11804,11805
11804,11806
11804,11812
11804,11813
11804,57742
11804,73836
11804,29644
11805,11806
11805,11812
11805,11813
11805,11821
11805,11824
11806,11812
11806,11813
11806,11821
11806,11824
11806,11826
11812,11813
11812,11821
11812,11824
11812,11826
11812,11828
11812,51282
11812,83400
11813,11821
11813,11824
11813,11826
11813,11828
11813,11829
11813,39309
11821,11824
11821,11826
11821,11828
11821,11829
11821,62457
11824,11826
11824,11828
11824,11829
11824,11843
11824,11846
11826,11828
11826,11843
11826,14231
11826,58329
11826,59528
11828,11829
11828,11843
11828,11846
11828,11862
11828,11863
11829,11843
11829,11846
11829,11862
11829,11863
11829,11873
11829,46987
11843,11846
11843,11862
11843,11863
11843,11873
11843,11901
11846,11863
11846,11873
11846,11901
11846,11908
11846,44079
11846,77584
11862,11863
11862,11873
11862,11901
11862,11909
11862,59896
11863,11901
11863,11908
11863,11909
11863,63461
11863,53864
11873,11901
11873,11908
11873,11909
11873,11917
11873,11920
11901,11908
11901,11909
11901,11917
11901,11920
11901,11924
11908,11909
11908,11917
11908,11920
11908,11924
11908,11930
11909,11917
11909,11920
11909,11924
11909,11930
11909,11933
11917,11920
11917,11924
11917,11930
11917,11933
11917,59405
11920,11924
11920,11933
11920,11934
11920,11936
11920,30977
11924,11930
11924,11933
11924,11934
11924,11936
11924,11940
11924,30771
11930,11933
11930,11934
11930,11936
11930,11944
11930,58114
11930,88818
11933,11934
11933,11940
11933,11944
11933,11946
11933,94348
11934,11936
11934,11940
11934,11944
11934,11946
11934,11948
11936,11940
11936,11944
11936,11946
11936,11948
11936,54008
11940,11944
11940,11946
11940,11948
11940,11952
11940,11954
11944,11946
11944,11948
11944,11952
11944,11954
11944,11957
11946,11948
11946,11952
11946,11957
11946,11959
11946,95711
11946,75302
11948,11952
11948,11954
11948,11957
11948,11959
11948,11960
11952,11954
11952,11957
11952,11959
11952,11960
11952,11962
11954,11957
11954,11959
11954,11960
11954,11962
11954,11966
11957,11959
11957,11962
11957,11966
11957,11971
11957,77448
11959,11960
11959,11966
11959,11971
11959,11995
11959,32464
11960,11962
11960,11966
11960,11971
11960,11995
11960,87908
11960,38963
11960,19650
11962,11995
11962,11998
11962,12002
11962,98479
11962,16537
11966,11971
11966,11995
11966,11998
11966,12002
11966,12003
11971,11995
11971,11998
11971,12002
11971,29007
11971,44880
11995,11998
11995,12002
11995,12007
11995,12010
11995,68747
11995,92410
11998,12002
11998,12003
11998,12007
11998,12010
11998,12017
12002,12003
12002,12007
12002,12010
12002,12017
12002,12018
12003,12007
12003,12010
12003,12017
12003,12020
12003,34039
12007,12010
12007,12017
12007,12018
12007,12020
12007,12023
12007,13138
12007,14625
12010,12017
12010,12020
12010,12023
12010,12025
12010,87600
12017,12018
12017,12020
12017,12023
12017,12025
12017,12054
12018,12020
12018,12023
12018,12025
12018,12054
12018,12055
12020,12023
12020,12025
12020,12054
12020,12055
12020,12057
12020,24748
12023,12054
12023,12057
12023,12066
12023,83757
12025,12054
12025,12055
12025,12057
12025,12066
12025,29206
12054,12055
12054,12076
12054,56013
12054,62459
12054,59285
12055,12057
12055,12066
12055,12076
12055,12078
12055,12083
12057,12066
12057,12076
12057,12078
12057,12083
12057,12086
12066,12076
12066,12078
12066,12083
12066,22401
12066,90430
12076,12083
12076,12086
12076,12088
12076,12090
12076,82503
12076,80385
12078,12083
12078,12086
12078,12088
12078,12090
12078,12091
12078,29593
12078,61878
12083,12088
12083,12090
12083,12091
12083,12092
12083,14617
12083,51773
12086,12088
12086,12090
12086,12092
12086,12095
12086,65586
12088,12090
12088,12091
12088,12092
12088,12095
12088,12106
12090,12091
12090,12092
12090,12095
12090,12106
12090,94617
12091,12092
12091,12095
12091,12106
12091,12113
12091,12115
12091,52020
12092,12095
12092,12106
12092,12113
12092,12115
12092,12116
12095,12106
12095,12113
12095,12115
12095,12116
12095,12117
12095,67090
12106,12113
12106,12115
12106,12116
12106,12119
12106,50098
12106,52400
12106,27886
12106,16938
12113,12115
12113,12116
12113,12117
12113,12119
12113,12133
12115,12116
12115,12117
12115,12119
12115,12136
12115,29289
12116,12117
12116,12119
12116,12133
12116,12142
12116,51982
12116,66453
12117,12133
12117,12136
12117,12142
12117,12144
12117,43029
12119,12133
12119,12136
12119,39705
12119,39965
12119,79239
12119,63686
12119,64324
12133,12136
12133,12142
12133,12144
12133,12153
12133,40271
12133,93767
12136,12142
12136,12144
12136,12153
12136,12154
12136,12156
12136,92204
12142,12144
12142,12153
12142,12154
12142,12156
12142,12163
12144,12153
12144,12154
12144,12156
12144,12170
12153,12156
12153,12163
12153,12170
12153,12171
12153,44054
12154,12156
12154,12163
12154,12170
12154,12171
12154,12177
12154,67084
12156,12163
12156,12170
12156,12171
12156,12177
12156,12178
12163,12170
12163,12171
12163,12177
12163,12178
12163,90537
12170,12171
12170,12177
12170,12178
12170,12190
12170,12191
12171,12177
12171,12178
12171,12190
12171,12191
12171,12194
12177,12190
12177,12191
12177,12194
12177,12197
12177,28529
12177,37632
12178,12190
12178,12191
12178,12194
12178,12197
12178,12199
12190,12191
12190,12197
12190,12199
12190,12203
12191,12194
12191,12197
12191,12199
12191,12203
12191,12206
12191,60343
12194,12197
12194,12199
12194,12206
12194,12210
12194,85465
12197,12199
12197,12203
12197,12206
12197,12210
12197,12217
12199,12203
12199,12206
12199,12210
12199,12217
12199,12221
12203,12210
12203,12217
12203,12221
12203,12229
12203,32033
12206,12210
12206,12221
12206,12235
12206,34786
12206,21697
12206,19573
12210,12217
12210,12221
12210,12229
12210,12235
12210,12238
12217,12221
12217,12229
12217,12241
12217,13797
12217,38063
12221,12229
12221,12235
12221,12238
12221,27417
12221,51102
12229,12235
12229,12241
12229,12247
12229,38029
12229,89090
12235,12238
12235,12241
12235,12246
12235,12247
12235,12250
12238,12241
12238,12246
12238,12250
12238,77837
12238,56865
12238,25971
12241,12246
12241,12247
12241,12250
12241,12251
12241,49809
12246,12247
12246,12250
12246,12251
12246,12270
12246,12280
12246,30471
12247,12250
12247,12251
12247,12270
12247,12280
12247,12283
12250,12251
12250,12270
12250,12280
12250,12295
12250,75056
12251,12270
12251,12283
12251,12295
12251,12306
12251,71455
12270,12280
12270,12283
12270,12295
12270,12306
12270,12308
12270,46461
12270,23690
12270,41249
12280,12283
12280,12295
12280,12306
12280,12308
12280,12312
12283,12295
12283,12306
12283,12308
12283,12312
12283,45381
12295,12306
12295,12308
12295,12312
12295,12318
12295,12326
12306,12312
12306,12318
12306,12326
12306,67808
12306,38850
12306,35723
12308,12312
12308,12318
12308,12326
12308,12332
12308,12346
12308,19540
12312,12318
12312,12332
12312,12346
12312,12353
12312,56953
12312,79858
12318,12326
12318,12332
12318,12353
12318,12355
12318,21893
12318,65431
12326,12332
12326,12346
12326,12353
12326,12355
12326,12357
12326,84415
12332,12346
12332,12353
12332,12357
12332,12364
12332,86919
12346,12353
12346,12355
12346,12357
12346,12364
12346,12372
12353,12355
12353,12364
12353,12372
12353,12378
12355,12357
12355,12364
12355,12372
12355,12378
12355,12386
12357,12364
12357,12372
12357,12386
12357,12388
12357,65888
12364,12372
12364,12378
12364,12386
12364,12388
12364,12391
12372,12378
12372,12386
12372,12388
12372,12391
12372,12395
12372,23105
12372,72275
12378,12386
12378,12388
12378,12391
12378,12395
12378,12405
12386,12388
12386,12391
12386,12395
12386,12405
12386,12409
12386,90354
12388,12391
12388,12395
12388,12405
12388,12409
12388,12410
12391,12405
12391,12409
12391,12410
12391,12416
12395,12405
12395,12409
12395,12410
12395,12416
12395,12420
12395,77551
12405,12409
12405,12410
12405,12416
12405,12420
12405,58106
12409,12410
12409,12416
12409,12420
12409,12422
12409,12426
12410,12416
12410,12420
12410,12422
12410,12426
12410,12431
12416,12420
12416,12422
12416,12426
12416,12431
12416,12432
12420,12426
12420,12431
12420,12432
12420,12434
12420,74647
12420,82967
12422,12431
12422,12432
12422,12434
12422,12444
12422,32601
12426,12431
12426,12432
12426,12444
12426,42698
12426,60529
12426,67823
12431,12432
12431,12434
12431,12444
12431,12445
12431,12446
12432,12434
12432,12444
12432,12445
12432,12446
12432,12447
12434,12445
12434,12447
12434,12448
12444,12445
12444,12446
12444,12447
12444,12448
12444,12450
12445,12446
12445,12447
12445,12448
12445,12450
12445,12453
12445,60552
12445,24163
12446,12448
12446,12453
12446,12454
12446,70292
12446,63794
12446,65195
12447,12448
12447,12450
12447,12453
12447,12454
12447,12458
12448,12450
12448,12453
12448,12454
12448,12458
12448,12474
12450,12453
12450,12454
12450,12474
12450,12480
12450,84027
12453,12454
12453,12458
12453,12474
12453,12480
12453,27278
12454,12458
12454,12480
12454,12488
12454,12489
12454,40542
12458,12474
12458,12480
12458,12488
12458,12493
12458,17285
12474,12480
12474,12488
12474,12489
12474,12493
12474,12498
12474,38463
12480,12488
12480,12489
12480,12493
12480,12498
12480,12502
12488,12489
12488,12502
12488,12504
12488,93196
12488,24348
12489,12493
12489,12498
12489,12502
12489,12504
12489,12510
12493,12498
12493,12502
12493,12504
12493,12510
12493,12513
12498,12502
12498,12504
12498,12510
12498,12513
12498,12514
12498,29876
12502,12504
12502,12510
12502,12513
12502,12514
12502,63482
12504,12510
12504,12513
12504,12514
12504,12519
12504,12537
12510,12513
12510,12514
12510,12519
12510,12537
12510,12544
12513,12514
12513,12519
12513,12537
12513,12544
12513,12548
12513,92780
12514,12519
12514,12537
12514,12548
12514,12552
12519,12537
12519,12544
12519,12552
12519,12559
12519,18979
12537,12548
12537,12552
12537,12560
12537,93863
12537,43859
12544,12548
12544,12552
12544,12559
12544,12560
12544,12574
12544,63100
12548,12552
12548,12559
12548,12560
12548,12574
12548,12580
12552,12559
12552,12560
12552,12574
12552,12580
12552,21099
12552,20065
12552,86481
12559,12560
12559,12574
12559,12580
12559,12585
12559,12588
12559,19847
12560,12580
12560,12585
12560,12588
12560,12593
12560,34610
12574,12580
12574,12585
12574,12588
12574,12593
12574,12595
12580,12585
12580,12593
12580,12596
12580,66653
12580,65934
12580,61503
12585,12593
12585,12595
12585,12596
12585,12598
12585,21609
12585,54682
12588,12593
12588,12595
12588,12596
12588,12598
12588,12602
12593,12595
12593,12596
12593,12598
12593,12602
12593,12607
12593,19229
12595,12596
12595,12598
12595,12602
12595,12607
12595,12612
12595,37378
12595,50629
12596,12602
12596,12607
12596,12612
12596,12614
12596,73633
12598,12602
12598,12607
12598,12612
12598,12615
12598,71446
12602,12612
12602,12614
12602,12615
12602,84682
12602,31675
12602,95851
12607,12614
12607,12615
12607,12624
12607,12626
12607,15523
12607,24932
12612,12614
12612,12615
12612,12624
12612,12626
12612,12628
12612,83841
12614,12615
12614,12624
12614,12626
12614,12628
12614,12633
12614,21555
12614,47501
12615,12624
12615,12628
12615,12635
12615,89419
12624,12626
12624,12628
12624,12633
12624,12635
12624,54743
12624,42173
12626,12628
12626,12633
12626,12635
12626,12643
12626,12645
12628,12635
12628,12645
12628,12647
12628,22640
12628,74545
12633,12635
12633,12643
12633,12645
12633,12647
12633,12653
12635,12645
12635,12647
12635,12656
12635,72143
12635,72180
12643,12645
12643,12647
12643,12653
12643,12675
12643,37177
12645,12647
12645,12653
12645,12656
12645,12675
12645,12678
12647,12653
12647,12656
12647,12675
12647,12678
12647,12680
12653,12656
12653,12675
12653,12678
12653,12680
12653,12690
12656,12675
12656,12678
12656,12680
12656,12690
12656,12691
12656,14717
12656,75971
12675,12678
12675,12680
12675,12690
12675,12691
12675,12693
12678,12690
12678,12691
12678,12693
12678,12698
12678,90309
12680,12690
12680,12691
12680,12698
12680,12700
12680,69659
12690,12691
12690,12693
12690,12698
12690,12700
12690,12706
12691,12698
12691,12700
12691,12706
12691,12711
12691,16232
12693,12698
12693,12706
12693,12711
12693,12715
12693,92884
12693,41687
12698,12700
12698,12706
12698,12711
12698,12715
12698,12724
12700,12715
12700,12724
12700,12725
12700,92485
12700,38383
12706,12711
12706,12715
12706,12724
12706,12725
12706,12727
12711,12724
12711,12725
12711,12745
12711,27764
12711,85028
12715,12724
12715,12725
12715,12727
12715,12745
12715,12749
12715,75307
12724,12725
12724,12727
12724,12745
12724,12749
12724,12752
12725,12727
12725,12745
12725,12749
12725,12752
12725,12753
12727,12745
12727,12753
12727,12755
12727,45309
12727,56676
12745,12749
12745,12752
12745,12753
12745,12755
12745,12765
12745,16778
12749,12752
12749,12753
12749,12755
12749,12765
12749,12767
12752,12753
12752,12765
12752,12767
12752,12769
12752,49346
12752,90757
12753,12755
12753,12765
12753,12767
12753,24987
12753,53815
12755,12765
12755,12769
12755,12774
12755,78230
12755,85567
12765,12767
12765,12769
12765,12774
12765,12775
12765,12779
12767,12769
12767,12774
12767,12775
12767,12779
12767,12781
12769,12774
12769,12775
12769,12779
12769,12781
12769,23165
12774,12775
12774,12779
12774,12781
12774,12785
12774,12789
12774,31200
12774,76417
12775,12779
12775,12781
12775,12785
12775,12789
12775,12791
12779,12781
12779,12785
12779,12789
12779,12791
12779,12794
12781,12785
12781,12789
12781,12791
12781,12794
12781,12795
12785,12789
12785,12791
12785,12794
12785,12795
12785,12798
12789,12791
12789,12794
12789,12795
12789,12798
12789,12799
12791,12794
12791,12795
12791,12798
12791,12799
12791,12808
12791,32913
12791,95496
12794,12795
12794,12798
12794,12808
12794,12810
12794,54805
12794,37067
12794,76173
12795,12799
12795,12808
12795,12810
12795,12811
12795,75027
12798,12799
12798,12808
12798,12810
12798,12811
12798,12815
12798,92105
12799,12808
12799,12810
12799,12811
12799,12815
12799,12816
12808,12810
12808,12811
12808,12816
12808,12817
12808,38101
12808,69015
12810,12811
12810,12817
12810,12820
12810,41741
12810,81677
12811,12815
12811,12816
12811,12817
12811,12820
12811,12823
12815,12816
12815,12817
12815,12820
12815,12823
12815,12825
12815,75948
12816,12817
12816,12820
12816,12825
12816,12827
12816,18374
12817,12820
12817,12823
12817,12825
12817,12827
12817,12832
12820,12823
12820,12825
12820,12827
12820,12834
12820,37156
12820,49705
12820,68980
12820,63242
12823,12825
12823,12827
12823,12837
12823,54231
12823,49536
12825,12827
12825,12837
12825,12842
12825,39132
12825,59831
12825,63516
12827,12832
12827,12834
12827,12837
12827,12842
12827,12846
12832,12834
12832,12837
12832,12842
12832,12846
12832,12849
12834,12837
12834,12842
12834,12846
12834,12849
12834,12855
12837,12842
12837,12846
12837,12849
12837,12855
12837,12858
12842,12846
12842,12849
12842,12855
12842,12859
12842,89801
12846,12849
12846,12855
12846,12858
12846,12859
12846,12860
12849,12855
12849,12858
12849,12860
12849,12861
12849,35237
12849,30571
12849,62530
12855,12858
12855,12859
12855,12860
12855,12861
12855,69399
12855,74063
12858,12859
12858,12861
12858,12866
12858,92437
12858,27895
12858,24439
12859,12860
12859,12861
12859,12862
12859,12866
12859,12882
12860,12861
12860,12866
12860,12882
12860,12888
12860,26724
12861,12862
12861,12866
12861,12882
12861,12888
12861,56180
12862,12866
12862,12882
12862,12888
12862,12897
12862,12898
12866,12882
12866,12888
12866,12898
12866,12902
12866,93504
12882,12888
12882,12897
12882,12898
12882,12902
12882,12915
12882,98752
12882,55729
12888,12897
12888,12898
12888,12902
12888,12915
12888,12918
12897,12898
12897,12902
12897,12915
12897,12918
12897,12922
12898,12902
12898,12915
12898,12922
12898,12923
12902,12915
12902,12918
12902,12922
12902,12923
12902,12930
12915,12918
12915,12922
12915,12923
12915,12930
12915,12933
12918,12922
12918,12923
12918,12930
12918,12933
12918,12934
12918,88074
12922,12923
12922,12930
12922,12933
12922,12934
12922,12937
12923,12930
12923,12933
12923,12934
12923,12937
12923,12938
12930,12933
12930,12934
12930,12937
12930,12938
12930,12940
12930,26515
12930,60210
12930,31987
12933,12934
12933,12937
12933,12938
12933,12940
12933,12941
12934,12937
12934,12938
12934,12940
12934,12941
12934,12944
12937,12938
12937,12940
12937,12941
12937,12944
12937,12945
12938,12941
12938,12944
12938,12945
12938,12950
12938,68852
12940,12941
12940,12944
12940,12945
12940,12950
12940,12952
12941,12944
12941,12950
12941,12952
12941,12956
12941,78004
12944,12945
12944,12950
12944,12952
12944,12956
12944,12960
12945,12950
12945,12952
12945,12960
12945,12962
12945,61266
12950,12952
12950,12956
12950,12960
12950,12962
12950,12968
12950,67647
12952,12956
12952,12960
12952,12962
12952,12968
12952,12971
12952,49547
12952,61170
12956,12960
12956,12962
12956,12968
12956,12971
12956,12974
12960,12968
12960,12971
12960,12974
12960,12985
12960,64149
12962,12968
12962,12971
12962,12974
12962,12985
12962,12989
12968,12989
12968,12999
12968,43045
12968,86676
12968,94419
12968,30508
12971,12974
12971,12985
12971,12989
12971,12999
12971,33326
12974,12985
12974,12989
12974,12999
12974,13006
12974,13012
12974,61626
12985,12989
12985,12999
12985,13006
12985,13012
12985,13018
12985,47613
12989,12999
12989,13006
12989,13018
12989,13020
12989,60978
12989,56336
12989,37643
12999,13012
12999,13018
12999,13020
12999,13024
12999,87230
13006,13012
13006,13018
13006,13024
13006,24387
13006,57900
13012,13018
13012,13020
13012,13024
13012,13026
13012,13032
13018,13024
13018,13026
13018,13032
13018,13035
13018,15535
13020,13024
13020,13026
13020,13032
13020,13035
13020,13038
13020,56583
13024,13026
13024,13032
13024,13035
13024,13038
13024,13043
13026,13032
13026,13035
13026,13038
13026,13043
13026,13049
13026,18426
13026,63389
13032,13035
13032,13038
13032,13043
13032,13049
13032,13056
13035,13038
13035,13043
13035,13056
13035,13058
13035,24031
13038,13049
13038,13056
13038,13058
13038,13059
13038,80140
13038,63449
13043,13049
13043,13056
13043,13058
13043,13059
13043,13061
13049,13056
13049,13058
13049,13059
13049,13061
13049,13074
13049,29593
13056,13058
13056,13059
13056,13061
13056,13074
13056,13085
13056,71355
13058,13059
13058,13061
13058,13074
13058,13085
13058,13089
13059,13061
13059,13074
13059,13085
13059,13089
13059,13092
13061,13074
13061,13085
13061,13089
13061,13099
13061,46831
13074,13085
13074,13089
13074,13092
13074,13099
13074,13100
13074,35540
13085,13089
13085,13092
13085,13100
13085,13106
13085,68152
13089,13092
13089,13099
13089,13100
13089,13106
13089,13107
13092,13099
13092,13100
13092,13106
13092,13107
13092,13119
13092,92814
13099,13100
13099,13106
13099,13119
13099,13120
13099,61452
13100,13107
13100,13119
13100,13120
13100,60136
13100,86150
13106,13107
13106,13119
13106,13138
13106,58948
13106,25441
13106,46950
13107,13119
13107,13120
13107,13126
13107,13138
13107,13140
13107,46579
13119,13126
13119,13138
13119,13140
13119,13152
13119,13892
13119,41067
13120,13126
13120,13138
13120,13140
13120,13152
13120,13155
13126,13138
13126,13140
13126,13157
13126,83269
13126,43939
13138,13140
13138,13152
13138,13157
13138,13158
13140,13152
13140,13155
13140,13157
13140,13158
13140,13161
13152,13155
13152,13158
13152,13161
13152,13166
13152,61676
13152,88795
13155,13157
13155,13158
13155,13161
13155,13166
13155,13170
13157,13158
13157,13161
13157,13166
13157,13170
13157,13177
13157,74039
13157,69734
13158,13161
13158,13166
13158,13170
13158,13177
13158,13179
13161,13166
13161,13170
13161,13177
13161,13179
13161,13191
13166,13170
13166,13177
13166,13179
13166,13191
13166,13194
13170,13177
13170,13179
13170,13191
13170,13196
13170,54965
13177,13179
13177,13191
13177,13194
13177,13196
13177,13197
13179,13191
13179,13194
13179,13196
13179,13197
13179,13206
13191,13194
13191,13196
13191,13197
13191,13206
13191,13209
13194,13196
13194,13197
13194,13206
13194,13209
13194,13220
13194,94888
13196,13197
13196,13220
13196,13223
13196,36104
13196,43801
13197,13206
13197,13209
13197,13220
13197,13223
13197,13226
13197,34102
13206,13209
13206,13220
13206,13223
13206,13226
13206,77926
13209,13220
13209,13226
13209,13227
13209,13228
13209,28706
13209,50320
13209,52072
13220,13223
13220,13226
13220,13227
13220,13228
13220,13229
13223,13226
13223,13227
13223,13228
13223,13229
13223,13238
13226,13228
13226,13238
13226,13240
13226,67726
13226,16769
13226,84986
13227,13228
13227,13229
13227,13238
13227,13240
13227,13241
13228,13238
13228,13240
13228,13241
13228,13251
13228,59622
13229,13238
13229,13240
13229,13241
13229,13251
13229,13252
13238,13240
13238,13241
13238,13251
13238,13252
13238,13256
13238,83217
13240,13241
13240,13252
13240,13256
13240,37866
13240,19183
13240,68195
13240,28362
13241,13251
13241,13252
13241,13274
13241,13275
13241,75644
13251,13252
13251,13256
13251,13274
13251,13275
13251,13292
13252,13256
13252,13274
13252,13292
13252,13295
13252,82255
13256,13274
13256,13295
13256,13297
13256,50486
13256,91436
13274,13275
13274,13292
13274,13295
13274,13301
13275,13292
13275,13295
13275,13301
13275,13303
13275,86080
13292,13295
13292,13297
13292,13301
13292,13303
13292,13305
13292,80202
13295,13297
13295,13301
13295,13305
13295,13306
13295,51011
13297,13301
13297,13305
13297,13306
13297,13311
13297,80597
13301,13303
13301,13305
13301,13306
13301,13311
13301,13313
13303,13305
13303,13306
13303,13311
13303,13313
13303,13315
13303,23665
13305,13306
13305,13311
13305,13313
13305,13315
13305,13316
13306,13311
13306,13313
13306,13315
13306,13318
13306,15781
13311,13313
13311,13315
13311,13316
13311,13318
13311,18431
13313,13315
13313,13316
13313,13318
13313,13324
13313,13330
13315,13316
13315,13318
13315,13324
13315,13330
13315,13332
13316,13318
13316,13324
13316,13330
13316,13332
13316,13336
13318,13324
13318,13330
13318,13332
13318,13336
13318,13337
13324,13330
13324,13332
13324,13336
13324,13337
13324,13339
13330,13332
13330,13336
13330,13337
13330,13339
13330,13347
13332,13336
13332,13337
13332,13339
13332,13347
13332,13349
13336,13337
13336,13339
13336,13347
13336,13349
13336,13350
13336,70346
13337,13339
13337,13347
13337,13349
13337,13350
13337,13351
13337,62091
13337,46012
13339,13347
13339,13349
13339,13350
13339,13351
13339,13356
13339,51338
13347,13349
13347,13350
13347,13351
13347,13356
13347,14955
13347,53915
13347,65134
13349,13350
13349,13351
13349,13356
13349,75731
13349,25372
13350,13351
13350,13356
13350,13357
13350,13360
13350,13376
13351,13356
13351,13357
13351,13360
13351,13376
13351,13379
13356,13357
13356,13360
13356,13376
13356,13379
13356,13384
13356,15793
13357,13360
13357,13376
13357,13379
13357,13384
13357,13385
13360,13376
13360,13379
13360,13384
13360,13392
13376,13379
13376,13384
13376,13385
13376,13392
13376,13393
13379,13384
13379,13385
13379,13392
13379,13393
13379,13396
13384,13385
13384,13392
13384,13393
13384,13396
13384,13398
13385,13392
13385,13393
13385,13396
13385,13398
13385,13403
13392,13393
13392,13396
13392,13398
13392,13403
13392,13410
13392,71542
13392,16324
13392,88035
13393,13396
13393,13398
13393,13403
13393,13410
13393,13412
13396,13398
13396,13403
13396,13412
13396,13430
13396,60882
13396,99696
13398,13403
13398,13410
13398,13412
13398,13430
13398,13436
13398,49551
13403,13410
13403,13430
13403,13436
13403,13442
13403,51375
13403,53580
13410,13412
13410,13430
13410,13436
13410,13442
13410,13448
13412,13430
13412,13436
13412,13458
13412,27758
13412,36971
13412,53400
13430,13436
13430,13442
13430,13448
13430,13458
13430,13467
13436,13442
13436,13448
13436,13458
13436,13468
13436,36072
13436,45515
13442,13448
13442,13458
13442,13467
13442,13468
13442,13472
13448,13458
13448,13467
13448,13468
13448,13472
13448,13475
13458,13467
13458,13468
13458,13472
13458,13475
13458,13478
13467,13468
13467,13472
13467,13475
13467,77850
13467,28712
13467,87091
13468,13475
13468,13478
13468,13483
13468,13485
13468,37335
13472,13475
13472,13478
13472,13483
13472,13486
13475,13483
13475,13485
13475,13486
13475,13491
13475,20703
13478,13483
13478,13486
13478,13491
13478,13492
13478,85639
13483,13485
13483,13491
13483,13492
13483,13497
13483,38496
13483,82173
13485,13486
13485,13491
13485,13492
13485,13497
13485,13498
13485,44578
13485,66984
13485,20435
13485,35039
13486,13491
13486,13492
13486,13497
13486,13498
13486,13501
13491,13492
13491,13497
13491,13498
13491,13501
13491,13503
13492,13497
13492,13498
13492,13501
13492,13503
13492,13504
13497,13498
13497,13501
13497,13503
13497,13508
13497,14957
13497,40452
13498,13501
13498,13503
13498,13504
13498,13509
13498,72802
13501,13504
13501,13508
13501,81125
13501,95121
13501,37423
13501,77678
13503,13504
13503,13508
13503,13509
13503,13514
13503,13519
13504,13509
13504,13514
13504,13519
13504,13522
13504,95484
13504,16856
13508,13509
13508,13519
13508,13522
13508,13526
13509,13514
13509,13519
13509,13522
13509,13526
13509,13529
13514,13522
13514,13526
13514,13533
13514,85368
13514,29955
13519,13522
13519,13526
13519,13529
13519,13533
13519,13534
13519,38249
13522,13526
13522,13529
13522,13533
13522,13534
13522,13537
13526,13529
13526,13533
13526,13534
13526,13537
13526,13548
13529,13533
13529,13537
13529,13548
13529,13555
13529,28568
13533,13534
13533,13537
13533,13548
13533,13555
13533,13556
13533,43646
13534,13537
13534,13548
13534,13555
13534,13556
13534,13557
13534,89658
13534,97957
13537,13548
13537,13555
13537,13556
13537,13557
13537,63767
13548,13555
13548,13556
13548,13557
13548,13558
13548,13560
13555,13556
13555,13557
13555,13558
13555,13560
13555,13562
13556,13557
13556,13558
13556,13560
13556,13562
13556,13574
13557,13560
13557,13562
13557,13574
13557,13575
13557,96466
13558,13574
13558,13575
13558,13578
13558,93483
13558,70567
13560,13562
13560,13574
13560,13578
13560,13587
13560,17960
13562,13574
13562,13575
13562,13578
13562,13587
13562,13591
13574,13575
13574,13578
13574,13587
13574,13591
13574,13595
13575,13587
13575,13591
13575,13595
13575,13604
13575,73579
13578,13587
13578,13591
13578,13595
13578,13604
13578,13606
13587,13591
13587,13595
13587,13606
13587,13610
13587,65425
13591,13595
13591,13604
13591,13610
13591,13613
13591,70912
13595,13604
13595,13606
13595,13610
13595,13613
13595,13620
13604,13606
13604,13610
13604,13613
13604,13620
13604,13621
13606,13610
13606,13613
13606,13620
13606,13621
13606,13623
13606,88527
13610,13613
13610,13620
13610,13621
13610,13623
13610,13629
13613,13620
13613,13623
13613,13629
13613,13634
13613,24979
13613,44574
13620,13621
13620,13623
13620,13629
13620,13634
13620,13642
13620,92253
13621,13623
13621,13629
13621,13634
13621,13642
13621,13645
13623,13642
13623,13645
13623,61224
13623,97449
13629,13634
13629,13642
13629,13645
13629,13654
13629,13671
13634,13642
13634,13654
13634,13671
13634,13673
13634,90753
13642,13645
13642,13654
13642,13671
13642,13674
13642,26983
13645,13654
13645,13673
13645,13674
13645,13675
13645,54596
13654,13671
13654,13673
13654,13675
13654,13678
13654,28465
13671,13674
13671,13675
13671,13678
13671,13680
13671,79955
13673,13674
13673,13675
13673,13678
13673,13680
13673,13683
13674,13675
13674,13678
13674,13680
13674,13683
13674,13687
13675,13678
13675,13680
13675,13683
13675,13687
13675,13696
13678,13680
13678,13683
13678,13687
13678,13696
13678,13700
13680,13683
13680,13687
13680,13696
13680,13700
13680,13705
13680,28573
13683,13687
13683,13700
13683,13714
13683,91393
13683,99636
13687,13696
13687,13705
13687,13714
13687,13726
13687,61822
13696,13700
13696,13705
13696,13714
13696,13726
13696,13737
13696,66468
13696,45633
13700,13705
13700,13714
13700,13726
13700,13737
13700,13741
13705,13714
13705,13726
13705,13737
13705,13741
13705,13742
13714,13726
13714,13737
13714,13741
13714,13742
13714,13745
13726,13737
13726,13741
13726,13742
13726,13745
13726,13751
13726,84468
13737,13741
13737,13745
13737,13751
13737,13755
13737,64256
13741,13742
13741,13745
13741,13755
13741,13759
13741,80832
13741,99740
13742,13745
13742,13751
13742,13755
13742,13759
13742,28163
13745,13751
13745,13755
13745,13759
13745,13764
13745,13768
13745,71841
13751,13755
13751,13759
13751,13764
13751,13768
13751,13778
13751,53961
13755,13759
13755,13764
13755,13768
13755,13778
13755,13779
13759,13764
13759,13768
13759,13778
13759,13779
13759,13782
13759,65906
13764,13768
13764,13778
13764,13779
13764,13782
13764,13783
13768,13778
13768,13782
13768,13783
13768,13786
13768,95744
13778,13779
13778,13782
13778,13783
13778,13786
13778,63999
13779,13782
13779,13783
13779,13786
13779,13788
13779,13790
13782,13783
13782,13786
13782,13788
13782,13790
13782,13793
13782,75014
13783,13786
13783,13788
13783,13790
13783,13793
13783,13797
13783,27243
13786,13788
13786,13790
13786,13793
13786,13797
13786,13798
13788,13790
13788,13797
13788,13798
13788,13803
13788,76627
13788,98544
13790,13793
13790,13797
13790,13798
13790,13803
13790,13804
13793,13797
13793,13798
13793,13803
13793,13807
13793,68121
13797,13798
13797,13803
13797,13804
13797,13807
13797,13812
13797,91752
13798,13803
13798,13804
13798,13807
13798,13812
13798,13817
13798,20958
13798,32150
13803,13804
13803,13812
13803,13817
13803,13820
13803,82586
13804,13807
13804,13812
13804,13817
13804,13820
13804,13823
13807,13812
13807,13817
13807,13823
13807,13824
13807,77077
13812,13817
13812,13823
13812,13826
13812,81115
13812,54444
13812,73799
13812,48974
13817,13820
13817,13823
13817,13824
13817,13826
13817,13827
13820,13823
13820,13824
13820,13826
13820,13827
13820,94885
13823,13826
13823,13827
13823,13829
13823,13830
13823,68621
13823,86990
13824,13826
13824,13829
13824,13830
13824,13831
13824,99942
13826,13827
13826,13829
13826,13830
13826,13831
13826,13833
13827,13829
13827,13830
13827,13831
13827,13833
13827,13841
13827,44485
13829,13830
13829,13831
13829,13833
13829,13841
13829,13857
13830,13831
13830,13833
13830,13857
13830,13860
13830,78768
13830,52724
13831,13833
13831,13841
13831,13857
13831,13860
13831,13861
13831,59533
13833,13841
13833,13857
13833,13860
13833,13861
13833,13862
13833,24280
13833,90532
13841,13857
13841,13860
13841,13861
13841,13862
13841,13867
13857,13861
13857,13862
13857,13867
13857,13869
13857,80504
13860,13862
13860,13867
13860,13869
13860,13878
13860,81220
13861,13862
13861,13867
13861,13869
13861,13878
13861,13880
13862,13867
13862,13869
13862,13878
13862,13880
13862,13887
13862,87352
13862,62963
13867,13869
13867,13880
13867,13887
13867,13890
13867,93836
13869,13878
13869,13880
13869,13887
13869,13890
13869,13892
13878,13880
13878,13887
13878,13890
13878,13894
13880,13887
13880,13890
13880,13892
13880,13894
13880,13898
13887,13890
13887,13894
13887,13898
13887,13899
13887,28689
13890,13892
13890,13894
13890,13898
13890,13899
13890,13900
13892,13894
13892,13898
13892,13899
13892,13900
13892,13903
13892,97387
13894,13898
13894,13900
13894,13903
13894,61177
13898,13899
13898,13900
13898,13903
13898,13905
13898,13906
13899,13900
13899,13903
13899,13905
13899,13914
13899,61744
13900,13903
13900,13905
13900,13906
13900,13914
13900,13915
13903,13905
13903,13906
13903,13914
13903,13915
13903,13920
13905,13914
13905,13915
13905,13920
13905,13930
13905,87704
13906,13914
13906,13915
13906,13920
13906,13930
13906,13934
13906,64205
13914,13915
13914,13920
13914,13930
13914,13934
13914,36144
13915,13920
13915,13930
13915,13934
13915,13939
13915,90488
13920,13934
13920,13938
13920,13939
13920,13940
13920,19425
13930,13934
13930,13938
13930,13939
13930,13940
13930,13951
13934,13938
13934,13939
13934,13940
13934,13951
13934,13957
13938,13939
13938,13940
13938,13951
13938,13957
13938,13973
13938,23643
13939,13940
13939,13951
13939,13957
13939,13973
13939,13980
13939,54610
13940,13951
13940,13957
13940,13973
13940,13980
13940,13984
13951,13957
13951,13973
13951,13980
13951,13993
13951,35446
13951,21738
13957,13973
13957,13980
13957,13984
13957,13993
13957,13995
13973,13980
13973,13984
13973,13993
13973,13995
13973,14005
13973,24698
13973,16615
13980,13984
13980,13993
13980,13995
13980,14005
13980,98578
13984,13993
13984,13995
13984,14005
13984,14015
13984,14021
13984,72802
13993,14005
13993,14021
13993,14023
13993,38529
13993,83660
13995,14005
13995,14015
13995,14023
13995,14027
13995,28003
14005,14015
14005,14021
14005,14023
14005,44318
14005,83341
14015,14021
14015,14027
14015,14031
14015,14034
14015,19833
14021,14023
14021,14031
14021,14034
14021,53524
14021,63767
14023,14027
14023,14031
14023,14034
14023,14035
14023,98595
14027,14031
14027,14034
14027,14035
14027,14037
14027,14043
14027,69712
14027,44333
14031,14034
14031,14035
14031,14037
14031,14043
14031,14047
14034,14035
14034,14037
14034,14043
14034,14048
14034,79978
14035,14037
14035,14047
14035,14048
14035,14065
14035,43605
14037,14043
14037,14047
14037,14048
14037,14065
14037,14066
14037,60481
14043,14047
14043,14048
14043,14065
14043,14066
14043,14067
14043,96995
14047,14048
14047,14066
14047,14067
14047,14069
14047,46799
14048,14065
14048,14066
14048,14067
14048,14069
14048,14070
14065,14066
14065,14067
14065,14069
14065,14070
14065,14071
14065,62098
14065,99697
14066,14067
14066,14070
14066,14071
14066,14072
14066,64806
14066,32294
14066,51246
14067,14069
14067,14070
14067,14071
14067,14072
14067,14077
14069,14070
14069,14071
14069,14072
14069,14077
14069,14079
14070,14071
14070,14072
14070,14077
14070,14079
14070,14081
14071,14072
14071,14077
14071,14079
14071,14081
14071,14082
14072,14077
14072,14079
14072,14081
14072,14082
14072,14084
14077,14079
14077,14081
14077,14082
14077,14084
14077,23852
14077,33332
14079,14082
14079,14084
14079,14095
14079,14098
14079,41467
14079,82952
14081,14082
14081,14084
14081,14095
14081,14098
14081,63136
14082,14084
14082,14095
14082,14098
14082,14105
14082,14107
14084,14095
14084,14098
14084,14105
14084,14107
14084,14118
14084,81703
14095,14098
14095,14105
14095,14107
14095,14118
14095,14123
14098,14105
14098,14107
14098,14118
14098,14123
14098,14129
14098,20340
14105,14107
14105,14118
14105,14123
14105,14129
14105,14135
14105,56578
14105,43370
14107,14118
14107,14123
14107,14137
14107,94058
14107,98662
14107,23788
14118,14123
14118,14129
14118,14135
14118,14137
14118,14145
14123,14129
14123,14135
14123,14137
14123,14145
14123,55459
14123,67084
14123,32134
14129,14135
14129,14145
14129,14147
14129,14148
14129,85265
14129,70649
14135,14137
14135,14145
14135,14147
14135,14148
14135,14164
14137,14145
14137,14147
14137,14164
14137,14167
14137,51025
14145,14147
14145,14164
14145,14168
14145,58278
14145,81677
14147,14148
14147,14164
14147,14167
14147,14168
14147,14175
14148,14164
14148,14167
14148,14168
14148,14175
14148,14176
14164,14167
14164,14168
14164,14175
14164,14176
14164,14179
14164,83899
14167,14168
14167,14175
14167,14176
14167,14179
14167,14180
14167,68521
14168,14175
14168,14176
14168,14179
14168,14180
14168,14184
14175,14179
14175,14180
14175,14185
14175,46465
14175,67998
14176,14180
14176,14184
14176,14185
14176,14197
14176,96904
14179,14180
14179,14184
14179,14185
14179,14197
14179,23284
14180,14184
14180,14185
14180,14197
14180,14204
14180,67114
14184,14185
14184,14197
14184,14202
14184,14204
14184,37640
14185,14197
14185,14202
14185,14204
14185,14206
14185,14207
14197,14202
14197,14204
14197,14206
14197,14207
14197,14209
14202,14204
14202,14206
14202,14207
14202,14209
14202,14215
14204,14206
14204,14207
14204,14209
14204,14215
14204,14220
14206,14207
14206,14209
14206,14215
14206,14220
14206,14507
14207,14209
14207,14215
14207,14221
14207,14222
14207,43822
14209,14215
14209,14220
14209,14221
14209,14222
14209,14224
14209,15137
14209,36419
14215,14220
14215,14221
14215,14222
14215,14225
14215,43021
14220,14221
14220,14222
14220,14224
14220,14225
14220,14226
14220,68631
14221,14222
14221,14224
14221,14225
14221,14226
14221,14231
14222,14224
14222,14225
14222,14226
14222,14231
14222,14233
14222,95747
14224,14225
14224,14226
14224,14231
14224,14233
14224,14237
14225,14226
14225,14231
14225,14233
14225,14237
14225,14239
14225,45497
14226,14231
14226,14233
14226,14237
14226,14240
14226,80594
14231,14233
14231,14237
14231,14239
14231,14240
14231,14249
14231,33666
14233,14237
14233,14239
14233,14240
14233,14249
14233,14253
14237,14240
14237,14249
14237,14253
14237,14255
14237,53223
14239,14240
14239,14249
14239,14253
14239,14256
14239,94922
14240,14249
14240,14253
14240,14255
14240,14259
14240,82424
14240,81455
14249,14253
14249,14255
14249,14256
14249,14259
14249,14265
14253,14255
14253,14256
14253,14259
14253,14265
14253,14270
14255,14256
14255,14259
14255,14265
14255,14270
14255,38272
14255,88460
14256,14259
14256,14265
14256,14270
14256,14271
14256,14272
14259,14265
14259,14270
14259,14271
14259,14272
14259,14283
14265,14270
14265,14271
14265,14272
14265,14283
14265,14284
14270,14271
14270,14272
14270,14283
14270,14284
14270,14289
14271,14272
14271,14283
14271,14284
14271,14289
14271,14294
14272,14283
14272,14284
14272,14289
14272,14294
14272,14295
14272,97353
14283,14284
14283,14289
14283,14294
14283,14295
14283,14296
14283,85373
14284,14289
14284,14295
14284,14296
14284,14298
14284,56641
14284,37222
14289,14295
14289,14296
14289,14298
14289,14301
14289,18568
14294,14296
14294,14301
14294,14306
14294,24560
14294,99593
14294,62924
14295,14296
14295,14298
14295,14301
14295,14306
14295,14310
14296,14298
14296,14306
14296,14310
14296,14317
14296,70167
14298,14301
14298,14306
14298,14317
14298,14324
14298,20942
14301,14306
14301,14310
14301,14317
14301,14324
14301,14331
14301,40437
14306,14317
14306,14324
14306,14331
14306,14335
14306,87019
14310,14317
14310,14324
14310,14331
14310,14335
14310,14337
14310,71977
14317,14324
14317,14331
14317,14335
14317,14337
14317,14339
14324,14331
14324,14335
14324,14337
14324,14339
14324,14346
14331,14335
14331,14337
14331,14339
14331,14346
14331,14348
14335,14337
14335,14339
14335,14346
14335,14348
14335,14350
14337,14339
14337,14346
14337,14350
14337,14358
14337,31645
14337,67876
14339,14346
14339,14350
14339,14370
14339,83456
14339,82114
14346,14348
14346,14350
14346,14370
14346,14375
14348,14350
14348,14358
14348,14370
14348,14375
14348,94519
14350,14358
14350,14375
14350,14384
14350,81865
14350,48844
14358,14375
14358,14376
14358,14384
14358,14385
14358,94571
14370,14375
14370,14376
14370,14384
14370,14385
14370,14398
14375,14376
14375,14384
14375,14385
14375,14398
14375,14402
14375,78447
14376,14385
14376,14398
14376,14402
14376,14405
14376,33027
14384,14385
14384,14398
14384,14402
14384,14405
14384,14414
14385,14398
14385,14402
14385,14405
14385,14414
14385,14418
14398,14402
14398,14405
14398,14418
14398,14423
14398,41948
14398,20257
14398,45388
14402,14405
14402,14414
14402,14418
14402,14423
14402,65220
14405,14414
14405,14418
14405,14423
14405,14424
14405,14428
14414,14418
14414,14423
14414,14424
14414,14428
14418,14423
14418,14424
14418,14428
14418,14435
14418,14437
14423,14424
14423,14428
14423,14435
14423,14437
14423,61975
14423,61112
14424,14428
14424,14435
14424,14437
14424,14443
14424,14444
14428,14435
14428,14437
14428,14443
14428,14444
14428,14449
14435,14437
14435,14443
14435,14444
14435,14454
14435,15988
14437,14443
14437,14444
14437,14449
14437,14454
14437,14467
14443,14444
14443,14454
14443,14467
14443,97378
14444,14449
14444,14467
14444,29288
14444,26492
14449,14454
14449,14501
14449,14503
14449,14507
14449,79965
14449,21587
14454,14501
14454,14503
14454,14507
14454,14510
14454,39534
14467,14501
14467,14503
14467,14507
14467,14510
14467,14518
14501,14503
14501,14507
14501,14510
14501,14518
14501,14523
14501,62244
14503,14507
14503,14510
14503,14518
14503,14523
14503,14530
14503,96396
14507,14518
14507,14523
14507,14542
14507,65010
14507,21539
14510,14518
14510,14523
14510,14530
14510,14542
14510,14547
14518,14523
14518,14530
14518,14542
14518,14547
14518,85024
14523,14530
14523,14547
14523,14566
14523,14574
14523,76130
14523,33621
14530,14542
14530,14547
14530,14566
14530,14574
14530,14586
14542,14547
14542,14566
14542,14574
14542,14586
14542,14587
14542,81736
14547,14566
14547,14574
14547,14586
14547,14587
14547,14594
14566,14574
14566,14586
14566,14587
14566,14594
14566,14599
14574,14586
14574,14587
14574,14594
14574,14599
14574,14601
14574,50486
14574,84277
14574,80140
14586,14587
14586,14594
14586,14599
14586,14601
14586,14604
14586,54844
14587,14599
14587,14601
14587,14604
14587,14606
14594,14599
14594,14601
14594,14604
14594,14606
14594,14613
14594,36352
14599,14601
14599,14604
14599,14606
14599,14617
14599,30210
14599,53788
14601,14604
14601,14606
14601,14613
14601,14617
14601,14618
14601,27570
14604,14606
14604,14613
14604,14617
14604,14618
14604,14619
14606,14613
14606,14618
14606,14619
14606,14622
14613,14618
14613,14619
14613,14622
14613,14623
14613,76954
14617,14618
14617,14619
14617,14622
14617,14623
14617,14625
14618,14619
14618,14622
14618,14623
14618,14625
14618,14634
14619,14622
14619,14623
14619,14625
14619,14634
14619,14635
14622,14623
14622,14625
14622,14634
14622,14635
14622,14646
14622,78851
14623,14625
14623,14635
14623,14646
14623,14653
14623,29168
14625,14634
14625,14635
14625,14646
14625,14653
14634,14635
14634,14646
14634,14653
14634,14655
14634,96754
14634,30211
14635,14646
14635,14653
14635,14654
14635,14655
14635,14664
14635,95272
14635,31143
14646,14653
14646,14654
14646,14655
14646,14664
14646,14665
14646,74419
14653,14654
14653,14655
14653,14664
14653,14665
14653,14670
14654,14655
14654,14664
14654,14665
14654,14670
14654,91489
14654,89436
14655,14664
14655,14665
14655,14670
14655,14672
14655,14674
14664,14670
14664,14672
14664,14674
14664,14677
14664,69076
14665,14670
14665,14672
14665,14674
14665,14677
14665,14682
14665,34977
14670,14674
14670,14677
14670,14682
14670,14687
14670,20532
14672,14674
14672,14677
14672,14682
14672,14687
14672,14690
14674,14682
14674,14687
14674,14690
14674,14694
14674,57221
14677,14682
14677,14687
14677,14690
14677,14694
14677,14697
14682,14687
14682,14690
14682,14694
14682,14697
14682,14705
14682,75529
14682,87354
14687,14690
14687,14694
14687,14697
14687,14705
14687,14707
14687,77814
14690,14694
14690,14697
14690,14705
14690,14707
14690,14710
14690,75709
14694,14697
14694,14705
14694,14707
14694,14710
14694,14714
14697,14705
14697,14710
14697,14714
14697,14717
14697,60206
14705,14707
14705,14710
14705,14714
14705,14717
14705,14719
14707,14714
14707,14717
14707,14719
14707,14721
14707,52943
14710,14714
14710,14719
14710,14721
14710,14725
14710,83929
14710,21742
14714,14717
14714,14721
14714,14725
14714,14731
14714,89690
14717,14719
14717,14725
14717,14731
14717,14734
14719,14721
14719,14725
14719,14731
14719,14734
14719,14740
14719,66508
14721,14725
14721,14731
14721,14734
14721,14740
14721,14745
14721,70340
14725,14731
14725,14734
14725,14745
14725,27220
14725,29162
14725,87007
14731,14734
14731,14740
14731,14745
14731,14753
14731,14755
14734,14740
14734,14745
14734,14753
14734,14755
14734,14757
14740,14745
14740,14753
14740,14755
14740,14757
14740,14759
14745,14753
14745,14755
14745,14757
14745,14759
14745,14764
14745,48882
14753,14755
14753,14757
14753,14759
14753,14764
14753,14767
14755,14757
14755,14759
14755,14768
14755,37610
14755,21778
14757,14759
14757,14764
14757,14767
14757,14768
14757,14784
14759,14764
14759,14767
14759,14768
14759,14784
14759,14786
14764,14767
14764,14768
14764,14784
14764,14786
14764,14789
14764,33464
14767,14768
14767,14784
14767,14786
14767,14789
14767,50084
14768,14784
14768,14786
14768,14789
14768,14796
14768,14804
14768,59572
14768,20459
14784,14786
14784,14789
14784,14796
14784,14805
14784,16732
14786,14789
14786,14796
14786,14804
14786,14805
14786,14811
14786,67324
14789,14796
14789,14804
14789,14811
14789,14812
14789,52070
14789,69239
14796,14804
14796,14805
14796,14811
14796,14812
14796,14817
14804,14805
14804,14811
14804,14812
14804,14817
14804,14825
14804,30742
14805,14811
14805,14817
14805,14825
14805,14826
14805,52051
14811,14817
14811,14825
14811,14826
14811,14829
14811,91001
14811,26601
14812,14817
14812,14825
14812,14826
14812,14829
14812,14830
14817,14825
14817,14826
14817,14829
14817,14830
14817,14834
14825,14826
14825,14829
14825,14830
14825,14834
14825,14840
14826,14829
14826,14830
14826,14834
14826,14840
14826,14856
14826,85366
14826,55142
14829,14830
14829,14834
14829,14840
14829,14856
14829,14861
14830,14834
14830,14840
14830,14856
14830,14861
14830,14862
14834,14856
14834,14861
14834,14862
14834,14864
14834,56313
14840,14856
14840,14861
14840,14864
14840,14866
14840,85845
14856,14861
14856,14862
14856,14864
14856,14866
14856,14867
14861,14862
14861,14864
14861,14866
14861,14867
14861,14870
14862,14864
14862,14866
14862,14867
14862,14870
14862,14874
14864,14866
14864,14870
14864,14874
14864,14880
14864,77843
14866,14870
14866,14874
14866,14880
14866,14881
14866,49057
14866,77945
14866,81194
14867,14870
14867,14874
14867,14881
14867,14884
14867,35579
14867,64045
14870,14874
14870,14880
14870,14881
14870,14894
14870,27532
14870,83119
14874,14880
14874,14881
14874,14884
14874,14894
14874,14905
14880,14881
14880,14884
14880,14894
14880,14905
14880,14906
14880,96370
14881,14884
14881,14894
14881,14905
14881,14907
14881,24965
14884,14905
14884,14906
14884,14907
14884,14908
14884,69397
14894,14905
14894,14907
14894,14909
14894,45938
14894,48315
14905,14906
14905,14907
14905,14908
14905,14909
14905,14911
14906,14907
14906,14908
14906,14909
14906,14911
14906,14915
14907,14908
14907,14909
14907,14911
14907,14915
14907,14921
14907,67548
14907,99962
14907,97923
14908,14909
14908,14911
14908,14915
14908,14921
14908,14925
14909,14911
14909,14915
14909,14921
14909,14925
14909,14927
14911,14921
14911,14925
14911,14927
14911,14934
14911,35279
14915,14921
14915,14925
14915,14927
14915,14934
14915,14935
14915,47853
14915,16893
14921,14925
14921,14927
14921,14934
14921,14935
14921,14936
14925,14927
14925,14934
14925,14935
14925,14936
14925,14946
14925,26601
14927,14934
14927,14935
14927,14936
14927,14946
14927,14947
14934,14935
14934,14936
14934,14946
14934,14947
14934,14948
14934,80167
14935,14936
14935,14946
14935,14947
14935,14948
14935,14955
14936,14946
14936,14947
14936,14948
14936,14955
14936,14956
14936,83912
14946,14947
14946,14948
14946,14955
14946,14956
14946,14957
14946,38327
14946,58736
14946,33013
14946,89476
14947,14948
14947,14955
14947,14956
14947,14957
14947,14960
14948,14955
14948,14956
14948,14957
14948,14960
14948,14961
14955,14956
14955,14960
14955,14961
14955,14963
14955,26725
14956,14957
14956,14960
14956,14961
14956,14963
14956,65568
14957,14960
14957,14966
14957,16998
14957,91913
14957,55319
14960,14961
14960,14963
14960,14965
14960,14968
14960,27404
14961,14963
14961,14965
14961,14966
14961,14968
14961,14970
14961,81770
14963,14965
14963,14966
14963,14968
14963,14970
14963,14973
14965,14966
14965,14968
14965,14970
14965,14973
14965,45288
14965,66232
14966,14970
14966,14973
14966,14978
14966,23043
14966,43079
14966,55614
14968,14970
14968,14973
14968,14978
14968,14979
14968,49180
14968,83405
14970,14973
14970,14978
14970,14979
14970,14980
14970,14981
14973,14978
14973,14979
14973,14980
14973,14981
14973,15513
14978,14979
14978,14980
14978,14981
14978,14985
14978,14989
14979,14980
14979,14981
14979,14985
14979,14989
14979,14990
14979,54412
14980,14981
14980,14985
14980,14989
14980,14990
14980,14992
14981,14985
14981,14989
14981,14990
14981,14992
14981,14997
14985,14989
14985,14992
14985,14997
14985,15003
14985,42204
14985,19091
14985,67902
14989,14990
14989,14992
14989,14997
14989,15003
14989,15004
14990,14992
14990,14997
14990,15003
14990,15004
14990,15013
14992,14997
14992,15003
14992,15004
14992,15021
14992,33820
14992,17576
14992,63251
14997,15003
14997,15004
14997,15013
14997,15021
14997,15022
14997,69081
15003,15004
15003,15013
15003,15021
15003,15022
15003,15029
15003,68307
15004,15013
15004,15021
15004,15022
15004,15029
15004,15034
15013,15021
15013,15022
15013,15029
15013,15034
15013,15036
15021,15022
15021,15029
15021,15034
15021,15036
15021,15039
15022,15029
15022,15034
15022,15036
15022,15047
15022,84809
15029,15034
15029,15036
15029,15039
15029,15047
15029,15049
15029,31423
15034,15036
15034,15039
15034,15047
15034,15066
15034,80894
15034,19962
15034,60062
15036,15039
15036,15047
15036,15049
15036,15066
15036,15079
15039,15047
15039,15049
15039,15066
15039,15079
15039,15092
15047,15066
15047,15079
15047,15093
15047,67042
15047,32309
15047,59132
15049,15066
15049,15079
15049,15092
15049,15093
15049,23000
15049,48276
15066,15092
15066,15093
15066,15096
15066,15099
15066,16566
15079,15092
15079,15093
15079,15096
15079,15108
15079,76562
15079,87144
15092,15093
15092,15096
15092,15108
15092,15111
15092,93609
15093,15096
15093,15099
15093,15108
15093,15111
15093,15113
15096,15099
15096,15108
15096,15111
15096,15113
15096,15114
15096,37722
15096,56473
15099,15108
15099,15111
15099,15113
15099,15114
15099,15122
15108,15111
15108,15113
15108,15114
15108,15122
15108,15125
15111,15113
15111,15114
15111,15122
15111,15125
15111,15130
15113,15122
15113,15125
15113,15130
15113,63103
15114,15122
15114,15125
15114,15130
15114,15134
15114,15135
15122,15125
15122,15134
15122,15135
15122,45156
15122,46569
15122,46682
15125,15130
15125,15134
15125,15135
15125,15149
15125,26152
15130,15135
15130,15137
15130,15149
15130,15152
15130,91010
15130,21505
15130,57193
15134,15135
15134,15137
15134,15149
15134,15152
15134,15156
15135,15137
15135,15152
15135,15156
15135,15160
15135,49630
15137,15149
15137,15156
15137,15160
15137,15165
15149,15152
15149,15165
15149,15178
15149,43972
15149,77724
15149,50655
15152,15156
15152,15160
15152,15165
15152,15178
15152,15182
15156,15160
15156,15165
15156,15178
15156,15182
15156,15184
15160,15165
15160,15178
15160,15182
15160,39431
15160,92674
15160,34850
15165,15178
15165,15182
15165,15184
15165,15190
15165,15191
15165,58049
15165,65086
15165,46656
15178,15182
15178,15184
15178,15190
15178,15191
15178,15194
15182,15184
15182,15190
15182,15191
15182,15194
15182,15195
15182,79796
15184,15190
15184,15191
15184,15194
15184,15196
15184,62474
15190,15191
15190,15194
15190,15195
15190,15196
15190,94813
15191,15194
15191,15195
15191,15196
15191,15201
15191,15205
15194,15195
15194,15196
15194,15201
15194,15205
15194,15206
15195,15196
15195,15201
15195,15205
15195,15206
15195,15209
15196,15201
15196,15205
15196,15206
15196,15209
15196,15210
15201,15205
15201,15206
15201,15209
15201,15210
15201,15214
15201,69120
15201,81321
15205,15206
15205,15209
15205,15210
15205,15214
15205,15221
15206,15209
15206,15210
15206,15214
15206,15221
15206,15238
15206,30704
15209,15210
15209,15214
15209,15221
15209,15243
15209,97074
15209,56029
15210,15214
15210,15221
15210,15238
15210,15243
15210,15255
15214,15238
15214,15243
15214,15255
15214,15257
15214,99693
15221,15238
15221,15243
15221,15255
15221,15257
15221,15259
15221,97681
15221,70495
15221,43974
15221,44311
15238,15243
15238,15255
15238,15257
15238,15259
15238,15260
15243,15255
15243,15257
15243,15260
15243,15261
15243,93583
15243,19456
15255,15257
15255,15259
15255,15260
15255,15261
15257,15259
15257,15260
15257,15261
15257,15266
15257,15267
15259,15261
15259,15266
15259,15267
15259,15271
15260,15261
15260,15267
15260,15271
15260,15274
15260,99271
15261,15266
15261,15267
15261,15271
15261,15274
15261,66508
15266,15267
15266,15271
15266,15274
15266,15275
15266,15281
15267,15271
15267,15274
15267,15275
15267,15281
15267,15296
15267,66984
15271,15274
15271,15275
15271,15281
15271,15296
15271,49471
15274,15275
15274,15296
15274,15297
15274,15300
15274,79810
15275,15281
15275,15296
15275,15297
15275,15300
15275,15301
15281,15296
15281,15297
15281,15300
15281,15301
15281,15303
15296,15297
15296,15300
15296,15301
15296,15303
15296,63354
15297,15300
15297,15301
15297,15303
15297,15307
15297,33429
15300,15301
15300,15303
15300,15307
15300,15308
15300,15314
15301,15303
15301,15307
15301,15308
15301,15314
15301,15321
15303,15307
15303,15308
15303,15314
15303,15322
15303,34938
15307,15308
15307,15314
15307,15321
15307,15322
15307,15327
15308,15314
15308,15321
15308,15327
15308,15334
15308,27578
15314,15321
15314,15322
15314,15327
15314,15334
15314,15335
15321,15322
15321,15327
15321,15334
15321,15335
15321,15340
15322,15334
15322,15340
15322,15346
15322,57903
15327,15334
15327,15335
15327,15340
15327,15346
15327,15348
15334,15335
15334,15340
15334,15346
15334,15348
15334,15356
15334,95882
15335,15340
15335,15346
15335,15348
15335,15356
15335,15365
15340,15346
15340,15348
15340,15356
15340,15365
15340,15368
15346,15348
15346,15356
15346,15365
15346,15368
15346,15373
15346,17414
15348,15356
15348,15365
15348,15368
15348,15373
15348,15377
15348,58077
15348,24387
15356,15365
15356,15368
15356,15373
15356,15377
15356,15385
15365,15368
15365,15373
15365,15385
15365,15386
15365,22173
15368,15373
15368,15377
15368,15385
15368,15386
15368,15393
15368,35189
15373,15377
15373,15385
15373,15386
15373,15393
15373,15394
15377,15385
15377,15386
15377,15394
15377,15400
15377,92313
15385,15386
15385,15393
15385,15394
15385,15401
15385,86422
15386,15393
15386,15394
15386,15400
15386,15401
15386,97622
15393,15394
15393,15400
15393,15401
15393,15404
15393,15412
15393,18880
15394,15400
15394,15404
15394,15412
15394,15417
15394,81461
15394,97681
15400,15401
15400,15404
15400,15417
15400,15421
15400,57410
15400,32109
15401,15404
15401,15412
15401,15417
15401,15421
15401,15424
15404,15412
15404,15417
15404,15421
15404,15424
15404,15428
15412,15417
15412,15421
15412,15424
15412,15428
15412,95562
15412,48285
15417,15421
15417,15424
15417,15428
15417,15441
15417,15460
15421,15424
15421,15428
15421,15441
15421,15460
15421,15472
15424,15428
15424,15441
15424,15460
15424,15472
15424,15473
15424,88125
15428,15441
15428,15460
15428,15472
15428,15473
15428,15481
15428,53125
15441,15460
15441,15473
15441,15481
15441,15489
15441,58315
15441,23919
15460,15472
15460,15473
15460,15489
15460,15492
15460,67400
15472,15473
15472,15481
15472,15489
15472,15492
15472,15493
15473,15481
15473,15489
15473,15492
15473,15493
15473,15506
15473,87589
15481,15489
15481,15492
15481,15493
15481,15506
15481,15511
15489,15493
15489,15506
15489,15511
15489,15513
15489,88629
15492,15493
15492,15506
15492,15511
15492,15513
15492,15515
15493,15506
15493,15511
15493,15513
15493,15515
15493,15519
15493,79401
15506,15511
15506,15513
15506,15515
15506,15523
15506,58736
15511,15513
15511,15515
15511,15519
15511,15523
15511,15527
15511,44475
15511,48149
15511,92271
15513,15519
15513,15523
15513,15527
15513,15532
15513,24041
15515,15519
15515,15523
15515,15527
15515,15532
15515,15533
15519,15523
15519,15527
15519,15532
15519,15533
15519,15535
15523,15527
15523,15532
15523,15533
15523,15535
15523,15538
15523,56091
15527,15532
15527,15533
15527,15535
15527,15538
15527,15541
15532,15533
15532,15535
15532,15541
15532,15551
15532,46311
15533,15535
15533,15538
15533,15541
15533,15551
15533,15552
15535,15538
15535,15551
15535,15552
15535,15572
15535,67195
15538,15541
15538,15551
15538,15552
15538,15575
15538,19606
15538,55517
15541,15551
15541,15552
15541,15572
15541,15575
15541,15578
15551,15552
15551,15575
15551,15582
15551,62973
15551,96099
15552,15572
15552,15575
15552,15578
15552,15582
15552,15599
15552,98098
15572,15575
15572,15578
15572,15582
15572,15600
15572,47613
15572,70039
15575,15578
15575,15582
15575,15599
15575,15600
15575,15603
15575,19182
15578,15582
15578,15599
15578,15600
15578,15603
15578,15607
15582,15599
15582,15600
15582,15603
15582,15607
15582,15608
15599,15600
15599,15603
15599,15608
15599,15611
15599,82495
15599,78514
15600,15603
15600,15607
15600,15608
15600,15611
15600,87794
15603,15607
15603,15608
15603,15611
15603,15619
15603,15621
15607,15608
15607,15619
15607,15621
15607,15626
15607,44318
15608,15619
15608,15621
15608,15626
15608,15629
15608,77491
15608,47225
15611,15619
15611,15621
15611,15626
15611,15629
15611,15638
15619,15621
15619,15626
15619,15629
15619,15640
15619,59202
15621,15626
15621,15629
15621,15638
15621,15640
15621,15644
15626,15629
15626,15638
15626,15640
15626,15647
15626,61793
15629,15638
15629,15640
15629,68327
15629,35640
15638,15640
15638,15644
15638,15647
15638,15650
15638,15656
15640,15644
15640,15647
15640,15650
15640,15656
15640,15685
15644,15647
15644,15650
15644,15656
15644,15685
15644,15688
15647,15650
15647,15656
15647,15685
15647,15688
15647,15690
15647,91935
15650,15656
15650,15685
15650,15688
15650,15690
15650,15691
15656,15685
15656,15688
15656,15690
15656,15691
15656,15694
15685,15688
15685,15690
15685,15691
15685,15694
15685,15701
15688,15690
15688,15691
15688,15694
15688,15701
15688,15706
15690,15691
15690,15694
15690,15701
15690,83719
15690,36138
15691,15694
15691,15701
15691,15706
15691,15708
15691,15716
15694,15701
15694,15706
15694,15708
15694,15716
15694,15725
15694,77216
15701,15706
15701,15708
15701,15716
15701,15725
15701,15726
15701,53597
15706,15708
15706,15716
15706,15725
15706,15726
15706,15730
15706,59427
15708,15716
15708,15725
15708,15726
15708,15730
15708,15733
15716,15725
15716,15726
15716,15730
15716,15733
15716,15738
15725,15726
15725,15730
15725,15733
15725,15739
15725,34103
15725,86418
15726,15730
15726,15733
15726,15738
15726,15739
15726,15743
15730,15733
15730,15738
15730,15739
15730,15747
15730,16956
15733,15738
15733,15739
15733,15743
15733,15747
15733,15751
15738,15739
15738,15743
15738,15751
15738,15753
15738,86154
15739,15743
15739,15747
15739,15751
15739,15753
15739,15762
15743,15747
15743,15751
15743,15753
15743,15762
15743,15764
15743,30717
15747,15751
15747,15753
15747,15762
15747,15764
15747,15770
15751,15753
15751,15770
15751,15771
15751,66424
15753,15762
15753,15764
15753,15771
15753,15773
15753,82857
15762,15764
15762,15770
15762,15773
15762,15776
15764,15770
15764,15771
15764,15773
15764,15776
15764,15777
15770,15771
15770,15773
15770,15776
15770,15777
15770,15781
15771,15773
15771,15776
15771,15777
15771,15781
15771,15782
15771,94880
15773,15776
15773,15777
15773,15781
15773,15782
15773,15784
15776,15781
15776,15782
15776,15785
15776,67256
15776,97466
15777,15781
15777,15782
15777,15784
15777,15786
15777,62390
15777,24360
15781,15782
15781,15784
15781,15785
15781,15786
15781,15792
15781,55137
15782,15784
15782,15785
15782,15786
15782,15793
15782,23352
15782,51386
15782,37789
15782,39311
15784,15785
15784,15786
15784,15792
15784,15793
15784,15796
15784,79598
15785,15786
15785,15792
15785,15793
15785,15796
15785,15827
15786,15792
15786,15793
15786,15796
15786,15827
15786,15828
15792,15793
15792,15796
15792,15827
15792,15828
15792,15836
15792,28203
15792,54545
15792,27509
15793,15796
15793,15827
15793,15828
15796,15827
15796,15828
15796,15836
15796,15848
15796,15851
15796,24584
15796,98017
15827,15828
15827,15836
15827,15848
15827,15851
15827,15861
15828,15836
15828,15848
15828,15851
15828,15861
15828,77470
15836,15848
15836,15864
15836,15865
15836,29015
15836,31230
15836,89402
15848,15851
15848,15861
15848,15864
15848,15865
15848,15867
15848,20850
15851,15861
15851,15864
15851,15865
15851,15867
15851,15870
15861,15864
15861,15865
15861,15867
15861,15870
15861,15871
15864,15865
15864,15867
15864,15870
15864,15871
15864,15875
15865,15867
15865,15870
15865,15871
15865,15875
15865,15876
15867,15870
15867,15871
15867,15875
15867,15876
15867,15879
15870,15871
15870,15875
15870,15876
15870,15891
15871,15875
15871,15876
15871,15879
15871,15891
15871,15893
15871,24642
15875,15876
15875,15879
15875,15891
15875,15893
15875,15896
15876,15879
15876,15891
15876,15893
15876,15896
15876,15899
15879,15891
15879,15893
15879,15896
15879,15899
15879,15905
15879,77517
15879,89325
15891,15893
15891,15896
15891,15899
15891,15905
15891,15912
15893,15896
15893,15899
15893,15905
15893,15912
15893,15917
15893,18658
15896,15899
15896,15905
15896,15912
15896,15917
15896,15918
15896,53725
15899,15905
15899,15912
15899,15917
15899,15918
15899,30696
15905,15912
15905,15917
15905,15918
15905,15922
15905,57072
15912,15917
15912,15918
15912,15920
15912,15922
15912,15925
15917,15918
15917,15920
15917,15922
15917,15925
15917,15927
15917,49147
15918,15920
15918,15922
15918,15927
15918,15932
15920,15922
15920,15925
15920,15927
15920,15932
15920,15936
15922,15925
15922,15927
15922,15932
15922,15936
15922,15940
15925,15927
15925,15932
15925,15936
15925,15940
15925,15942
15925,39856
15925,98198
15927,15932
15927,15940
15927,15942
15927,15943
15927,70263
15932,15936
15932,15940
15932,15942
15932,15943
15932,15945
15936,15940
15936,15942
15936,15943
15936,15946
15936,76108
15940,15942
15940,15943
15940,15945
15940,15946
15940,15951
15940,27246
15942,15943
15942,15945
15942,15946
15942,15951
15942,15956
15942,79632
15943,15945
15943,15946
15943,15951
15943,15956
15943,25376
15945,15951
15945,15956
15945,15960
15945,15965
15945,85999
15946,15951
15946,15956
15946,15960
15946,15965
15946,36513
15946,99033
15951,15956
15951,15960
15951,15965
15951,15974
15951,15975
15951,82067
15956,15960
15956,15965
15956,15974
15956,15975
15956,15982
15960,15965
15960,15974
15960,15975
15960,15982
15960,15983
15965,15974
15965,15982
15965,15983
15965,15987
15974,15975
15974,15982
15974,15983
15974,15987
15974,15988
15974,84415
15975,15983
15975,15987
15975,15988
15975,15989
15975,42993
15982,15983
15982,15987
15982,15988
15982,15989
15982,15991
15983,15987
15983,15988
15983,15989
15983,15991
15983,15993
15987,15988
15987,15989
15987,15993
15987,15994
15987,87177
15988,15989
15988,15991
15988,15993
15988,16001
15988,58593
15989,15991
15989,15993
15989,15994
15989,16001
15989,16005
15991,15993
15991,15994
15991,16001
15991,16005
15991,16006
15993,15994
15993,16001
15993,16005
15993,16006
15993,45024
15994,16001
15994,16005
15994,16006
15994,16007
15994,16012
16001,16005
16001,16006
16001,16007
16001,16019
16001,66586
16005,16006
16005,16007
16005,16012
16005,16019
16005,16022
16006,16007
16006,16012
16006,16019
16006,16022
16006,16024
16007,16012
16007,16019
16007,16022
16007,16024
16007,16027
16007,72229
16012,16019
16012,16022
16012,16024
16012,16027
16012,16028
16012,76802
16019,16022
16019,16024
16019,16027
16019,16028
16019,16031
16022,16024
16022,16027
16022,16028
16022,16031
16022,58242
16024,16027
16024,16028
16024,16031
16024,16035
16024,16041
16024,18404
16027,16028
16027,16031
16027,16035
16027,16041
16027,16044
16027,33289
16028,16031
16028,16035
16028,16041
16028,16044
16028,16046
16028,97330
16031,16035
16031,16041
16031,16044
16031,16048
16031,85431
16035,16041
16035,16044
16035,16046
16035,16048
16035,16051
16041,16044
16041,16048
16041,16051
16041,16061
16041,64630
16041,92744
16044,16046
16044,16048
16044,16051
16044,16061
16044,16069
16046,16048
16046,16051
16046,16061
16046,16069
16046,16077
16048,16051
16048,16061
16048,16069
16048,16077
16048,16080
16048,86893
16048,39828
16051,16061
16051,16069
16051,16077
16051,16080
16051,16083
16061,16069
16061,16077
16061,16092
16061,45694
16061,78853
16069,16077
16069,16080
16069,16083
16069,16092
16069,74933
16077,16080
16077,16083
16077,16092
16077,16095
16077,16096
16077,45054
16080,16083
16080,16092
16080,16096
16080,16099
16080,99871
16083,16092
16083,16095
16083,16096
16083,16099
16083,16100
16092,16096
16092,16099
16092,16100
16092,16101
16092,52224
16092,31663
16095,16096
16095,16099
16095,16100
16095,16101
16095,16105
16096,16099
16096,16100
16096,16101
16096,16105
16096,16110
16099,16100
16099,16101
16099,16105
16099,16110
16099,16121
16099,57833
16100,16105
16100,16110
16100,16121
16100,16127
16100,42939
16100,97176
16101,16105
16101,16110
16101,16121
16101,16127
16101,16129
16105,16110
16105,16121
16105,16127
16105,16129
16105,16135
16110,16121
16110,16127
16110,16129
16110,16135
16110,16143
16110,80544
16121,16127
16121,16129
16121,16135
16121,16143
16121,16146
16127,16129
16127,16135
16127,16143
16127,16146
16127,16148
16127,79330
16129,16135
16129,16143
16129,16146
16129,16148
16129,16153
16135,16143
16135,16146
16135,16148
16135,16153
16135,16156
16135,38859
16143,16146
16143,16148
16143,16153
16143,16156
16143,16158
16146,16148
16146,16153
16146,16158
16146,16160
16146,76805
16146,65050
16148,16153
16148,16156
16148,16158
16148,16160
16148,16165
16153,16158
16153,16160
16153,16165
16153,16166
16153,27624
16156,16158
16156,16160
16156,16166
16156,16168
16156,57812
16156,52731
16158,16160
16158,16165
16158,16166
16158,16168
16158,16170
16160,16165
16160,16166
16160,16168
16160,16170
16160,16176
16165,16166
16165,16168
16165,16170
16165,16176
16165,16181
16166,16168
16166,16170
16166,16176
16166,16181
16166,16182
16168,16170
16168,16176
16168,16182
16168,16186
16168,49357
16168,77678
16170,16176
16170,16181
16170,16186
16170,16195
16170,50299
16176,16181
16176,16182
16176,16186
16176,16195
16176,16197
16176,98386
16181,16182
16181,16186
16181,16195
16181,16197
16181,16200
16182,16186
16182,16195
16182,16197
16182,16200
16182,16204
16186,16195
16186,16197
16186,16200
16186,16204
16186,16205
16195,16197
16195,16200
16195,16204
16195,16205
16195,16207
16197,16200
16197,16204
16197,16205
16197,16222
16197,19770
16200,16204
16200,16205
16200,16207
16200,16222
16200,16223
16204,16205
16204,16207
16204,16222
16204,16223
16204,16231
16205,16207
16205,16222
16205,16223
16205,16231
16205,16232
16207,16222
16207,16223
16207,16231
16207,16232
16207,16237
16207,57227
16222,16223
16222,16231
16222,16237
16222,16239
16222,92369
16223,16231
16223,16232
16223,16237
16223,16239
16223,16242
16223,63825
16231,16232
16231,16237
16231,16239
16231,16242
16231,16243
16232,16237
16232,16239
16232,16242
16232,16243
16232,16246
16237,16239
16237,16242
16237,16243
16237,16256
16237,24147
16239,16242
16239,16243
16239,16246
16239,16256
16239,16261
16242,16246
16242,16256
16242,16261
16242,16266
16242,54754
16243,16246
16243,16256
16243,16261
16243,16266
16243,16268
16246,16256
16246,16261
16246,16266
16246,16268
16246,16271
16246,39935
16256,16261
16256,16266
16256,16268
16256,16271
16256,34047
16261,16266
16261,16268
16261,16274
16261,16277
16261,17586
16261,31708
16261,59192
16266,16268
16266,16271
16266,16274
16266,16284
16266,65712
16268,16271
16268,16274
16268,16277
16268,16286
16268,65206
16271,16274
16271,16277
16271,16284
16271,16286
16271,16296
16271,85435
16274,16277
16274,16284
16274,16286
16274,16296
16274,16297
16277,16284
16277,16286
16277,16296
16277,16297
16277,16298
16284,16286
16284,16296
16284,16297
16284,16298
16284,16300
16284,78202
16286,16296
16286,16298
16286,16300
16286,16301
16286,50880
16286,16832
16296,16297
16296,16298
16296,16300
16296,16301
16296,16306
16297,16298
16297,16300
16297,16301
16297,16306
16297,16315
16298,16301
16298,16306
16298,16315
16298,30764
16298,41124
16300,16301
16300,16306
16300,16315
16300,16320
16300,16321
16301,16306
16301,16315
16301,16320
16301,16321
16301,16322
16301,39965
16306,16315
16306,16320
16306,16321
16306,16322
16306,16324
16306,39046
16315,16321
16315,16322
16315,16324
16315,16325
16315,16781
16320,16321
16320,16322
16320,16324
16320,16325
16320,52575
16321,16322
16321,16324
16321,16325
16321,16338
16322,16325
16322,16338
16322,16342
16322,96647
16322,57018
16322,58473
16324,16325
16324,16338
16324,16342
16324,16348
16325,16334
16325,16338
16325,16342
16325,16348
16325,16351
16325,58848
16334,16338
16334,16342
16334,16351
16334,16354
16334,59461
16338,16342
16338,16348
16338,16351
16338,16354
16338,16356
16342,16348
16342,16351
16342,16354
16342,16356
16342,16357
16348,16354
16348,16356
16348,16357
16348,16377
16348,50915
16351,16354
16351,16356
16351,16357
16351,16377
16351,16398
16351,57039
16354,16357
16354,16377
16354,16398
16354,16409
16354,17473
16354,81266
16356,16357
16356,16377
16356,16398
16356,16409
16356,16414
16357,16377
16357,16398
16357,16409
16357,16414
16357,16415
16377,16398
16377,16409
16377,16414
16377,16415
16377,16421
16398,16409
16398,16414
16398,16415
16398,16421
16398,16425
16409,16414
16409,16415
16409,16421
16409,16425
16409,16426
16409,51752
16414,16421
16414,16425
16414,16426
16414,16428
16414,20194
16414,29058
16415,16421
16415,16425
16415,16426
16415,16428
16415,16429
16421,16425
16421,16426
16421,16429
16421,16435
16421,16804
16421,96739
16425,16426
16425,16428
16425,16429
16425,16435
16425,16438
16425,43289
16426,16428
16426,16429
16426,16435
16426,16438
16426,16440
16426,69671
16428,16429
16428,16435
16428,16438
16428,16440
16428,19182
16428,61508
16429,16435
16429,16438
16429,16440
16429,16441
16429,16448
16435,16438
16435,16440
16435,16452
16435,51082
16435,72552
16438,16441
16438,16448
16438,16452
16438,16454
16438,61884
16440,16441
16440,16448
16440,16452
16440,16454
16440,16458
16441,16448
16441,16452
16441,16454
16441,16458
16441,71637
16448,16452
16448,16454
16448,16458
16448,16461
16448,78194
16448,32226
16452,16458
16452,16459
16452,16461
16452,16471
16452,50788
16454,16458
16454,16459
16454,16461
16454,16471
16454,16482
16458,16459
16458,16461
16458,16482
16458,16485
16458,63998
16459,16461
16459,16471
16459,16482
16459,16485
16459,16487
16461,16482
16461,16485
16461,16487
16461,16497
16461,20010
16471,16482
16471,16485
16471,16500
16471,80567
16471,50264
16482,16485
16482,16487
16482,16497
16482,16500
16482,16503
16485,16487
16485,16497
16485,16500
16485,16503
16485,16517
16487,16497
16487,16500
16487,16503
16487,16525
16487,28362
16487,86811
16487,36061
16497,16500
16497,16503
16497,16517
16497,16525
16497,86499
16500,16503
16500,16517
16500,16525
16500,16531
16500,16537
16503,16517
16503,16525
16503,16531
16503,16537
16503,16545
16503,78886
16517,16525
16517,16537
16517,16545
16517,16547
16517,42683
16525,16531
16525,16537
16525,16545
16525,16547
16525,16550
16531,16537
16531,16545
16531,16547
16531,16550
16531,16552
16537,16545
16537,16550
16537,16552
16537,16553
16537,67269
16545,16550
16545,16552
16545,16553
16545,16557
16545,22521
16547,16550
16547,16552
16547,16553
16547,16565
16547,82793
16547,34233
16550,16553
16550,16557
16550,16566
16550,70589
16550,69576
16552,16553
16552,16557
16552,16565
16552,16566
16552,16567
16553,16557
16553,16565
16553,16566
16553,16567
16553,16572
16557,16565
16557,16566
16557,16567
16557,16572
16557,16575
16565,16566
16565,16567
16565,16572
16565,16575
16565,16576
16566,16567
16566,16572
16566,16575
16566,16576
16566,16580
16567,16575
16567,16576
16567,16580
16567,16587
16567,65598
16572,16575
16572,16576
16572,16580
16572,16587
16572,16591
16575,16576
16575,16587
16575,16591
16575,16593
16576,16580
16576,16587
16576,16591
16576,16593
16576,16596
16580,16587
16580,16591
16580,16596
16580,16597
16580,37662
16580,21911
16587,16591
16587,16593
16587,16596
16587,16597
16587,16599
16587,58869
16591,16593
16591,16596
16591,16597
16591,16603
16591,83056
16593,16596
16593,16597
16593,16603
16593,16605
16593,53883
16596,16597
16596,16599
16596,16603
16596,16605
16596,16615
16596,66302
16597,16599
16597,16603
16597,16605
16597,16615
16597,16624
16599,16603
16599,16605
16599,16615
16599,16624
16599,16628
16603,16615
16603,16624
16603,16628
16603,16629
16603,85878
16603,27273
16605,16615
16605,16624
16605,16628
16605,16629
16605,16631
16605,42479
16615,16624
16615,16628
16615,16631
16615,16635
16615,93478
16615,39632
16624,16628
16624,16629
16624,16631
16624,16635
16624,16638
16628,16629
16628,16631
16628,16635
16628,16638
16628,16644
16629,16631
16629,16635
16629,16638
16629,16651
16629,18074
16629,90598
16631,16635
16631,16638
16631,16644
16631,16651
16631,33333
16635,16638
16635,16651
16635,16654
16635,73714
16635,84041
16638,16644
16638,16651
16638,16653
16638,16654
16638,16659
16638,77066
16644,16651
16644,16653
16644,16654
16644,16665
16644,74645
16644,64755
16644,80905
16651,16653
16651,16654
16651,16659
16651,16670
16651,42802
16653,16654
16653,16659
16653,16665
16653,16670
16653,61466
16654,16659
16654,16665
16654,16670
16654,16673
16654,16677
16654,57689
16659,16665
16659,16673
16659,16677
16659,16679
16665,16670
16665,16673
16665,16677
16665,16679
16665,16683
16670,16673
16670,16677
16670,16679
16670,16683
16670,16686
16673,16677
16673,16679
16673,16683
16673,16690
16673,97858
16677,16679
16677,16683
16677,16686
16677,16690
16677,16693
16677,39691
16679,16683
16679,16690
16679,16702
16679,33709
16679,52256
16683,16686
16683,16690
16683,16693
16683,16702
16683,16715
16686,16690
16686,16693
16686,16702
16686,16715
16686,16725
16690,16693
16690,16702
16690,16715
16690,16725
16690,16732
16690,57609
16693,16702
16693,16715
16693,16725
16693,16738
16693,65659
16702,16715
16702,16725
16702,16738
16702,16747
16702,18084
16715,16725
16715,16732
16715,16738
16715,16747
16715,16748
16715,70221
16725,16738
16725,16748
16725,16752
16725,94886
16725,67847
16732,16738
16732,16747
16732,16748
16732,16752
16732,32860
16738,16747
16738,16748
16738,16752
16738,16758
16738,16768
16738,97353
16738,78659
16747,16748
16747,16752
16747,16758
16747,16768
16747,16769
16748,16752
16748,16758
16748,16768
16748,16769
16748,16774
16748,45725
16752,16758
16752,16768
16752,16769
16752,16774
16752,16776
16758,16768
16758,16769
16758,16774
16758,16776
16758,16778
16758,97872
16768,16774
16768,16776
16768,16778
16768,16781
16769,16776
16769,16778
16769,16781
16769,50030
16769,29855
16774,16776
16774,16778
16774,16792
16774,23883
16774,67808
16774,38745
16776,16790
16776,16792
16776,16795
16776,43631
16778,16790
16778,16792
16778,16795
16778,16797
16778,52962
16781,16790
16781,16792
16781,16795
16781,16797
16781,16803
16790,16792
16790,16795
16790,16797
16790,16803
16790,16804
16790,59485
16792,16795
16792,16797
16792,16803
16792,16804
16792,16805
16795,16797
16795,16803
16795,16804
16795,16805
16795,16810
16797,16803
16797,16804
16797,16805
16797,16810
16797,16812
16803,16804
16803,16805
16803,16810
16803,16812
16803,16817
16804,16805
16804,16810
16804,16812
16804,16817
16804,16820
16804,65117
16805,16810
16805,16812
16805,16817
16805,16828
16805,26899
16810,16812
16810,16817
16810,16820
16810,16828
16810,16831
16810,95381
16812,16817
16812,16820
16812,16828
16812,16831
16812,16832
16817,16820
16817,16828
16817,16831
16817,16832
16817,16841
16820,16828
16820,16831
16820,16832
16820,16841
16820,16843
16828,16831
16828,16832
16828,16841
16828,16843
16828,16844
16831,16832
16831,16841
16831,16843
16831,16844
16831,16853
16832,16841
16832,16843
16832,16844
16832,16856
16841,16843
16841,16844
16841,16853
16841,16856
16841,16858
16843,16844
16843,16853
16843,16856
16843,16858
16843,16869
16844,16853
16844,16856
16844,16858
16844,16869
16844,16872
16853,16856
16853,16858
16853,16869
16853,16872
16853,16874
16856,16869
16856,16872
16856,16874
16856,16880
16856,61121
16856,60324
16858,16869
16858,16872
16858,16874
16858,16880
16858,16882
16858,65752
16869,16872
16869,16874
16869,16880
16869,16882
16869,16884
16872,16874
16872,16882
16872,16884
16872,16889
16874,16880
16874,16882
16874,16884
16874,16889
16874,96727
16880,16882
16880,16884
16880,16889
16880,16893
16880,16904
16882,16884
16882,16889
16882,16904
16882,16906
16882,26838
16882,87158
16884,16889
16884,16904
16884,16906
16884,16909
16884,37429
16884,63471
16884,66618
16889,16893
16889,16906
16889,16909
16889,16911
16889,21770
16893,16904
16893,16909
16893,16912
16893,43865
16904,16906
16904,16909
16904,16911
16904,16912
16904,16920
16904,55164
16906,16909
16906,16911
16906,16912
16906,16920
16906,16927
16906,52649
16909,16911
16909,16912
16909,16920
16909,16927
16909,16937
16911,16912
16911,16920
16911,16927
16911,16937
16911,16938
16912,16920
16912,16927
16912,16937
16912,16938
16912,16947
16920,16927
16920,16937
16920,16938
16920,16947
16920,16948
16920,40627
16927,16937
16927,16938
16927,16947
16927,16948
16927,16953
16937,16938
16937,16947
16937,16948
16937,16953
16937,37908
16938,16947
16938,16948
16938,16953
16938,16955
16947,16948
16947,16953
16947,16954
16947,16956
16947,49199
16948,16953
16948,16954
16948,16955
16948,16956
16948,16958
16953,16954
16953,16955
16953,16956
16953,16958
16953,16961
16953,48191
16954,16956
16954,16958
16954,16961
16954,16964
16954,29779
16955,16956
16955,16958
16955,16961
16955,16964
16955,16972
16955,70693
16956,16958
16956,16961
16956,16964
16956,16972
16956,16973
16958,16961
16958,16964
16958,16972
16958,16976
16961,16964
16961,16972
16961,16976
16961,16977
16961,35054
16964,16972
16964,16976
16964,16979
16964,64115
16964,90925
16972,16973
16972,16976
16972,16977
16972,16979
16972,35293
16972,81354
16973,16976
16973,16977
16973,16979
16973,16982
16973,16985
16973,37728
16976,16977
16976,16979
16976,16982
16976,16985
16976,16998
16977,16979
16977,16982
16977,16985
16977,16998
16977,16999
16979,16982
16979,16985
16979,16998
16979,16999
16979,17004
16982,16985
16982,16998
16982,16999
16982,17004
16982,17006
16985,16998
16985,16999
16985,17004
16985,17006
16985,17012
16998,16999
16998,17004
16998,17006
16998,17012
16998,17015
16999,17004
16999,17006
16999,17012
16999,17015
16999,17019
16999,61596
16999,39443
17004,17006
17004,17012
17004,17015
17004,17019
17004,17026
17004,61398
17006,17012
17006,17019
17006,17026
17006,17033
17006,42404
17012,17015
17012,17019
17012,17026
17012,17033
17012,17039
17015,17026
17015,17033
17015,17039
17015,17040
17015,33847
17019,17026
17019,17033
17019,17039
17019,17040
17019,17047
17019,32213
17026,17033
17026,17040
17026,17047
17026,17050
17026,49026
17033,17039
17033,17040
17033,17050
17033,17051
17033,23546
17033,87510
17039,17040
17039,17047
17039,17050
17039,17051
17039,17052
17040,17047
17040,17050
17040,17051
17040,17052
17040,17053
17040,49626
17047,17050
17047,17051
17047,17053
17047,17057
17050,17051
17050,17053
17050,17057
17050,17061
17050,91867
17050,21472
17051,17052
17051,17053
17051,17057
17051,17063
17051,96628
17051,46805
17052,17053
17052,17057
17052,17063
17052,17078
17052,85134
17053,17057
17053,17061
17053,17063
17053,17078
17053,33056
17057,17061
17057,17063
17057,17078
17057,17082
17057,17086
17061,17063
17061,17078
17061,17082
17061,17086
17061,17087
17063,17078
17063,17082
17063,17086
17063,17087
17063,17095
17063,27641
17078,17087
17078,17095
17078,17097
17078,64174
17078,34382
17078,54484
17082,17086
17082,17087
17082,17095
17082,17097
17082,90813
17082,87589
17086,17087
17086,17095
17086,17097
17086,17098
17086,39202
17087,17095
17087,17097
17087,17099
17087,17108
17087,60188
17095,17097
17095,17098
17095,17099
17095,17108
17095,17113
17097,17098
17097,17099
17097,17108
17097,17113
17097,17116
17098,17099
17098,17108
17098,17113
17098,17116
17098,17120
17098,19282
17098,28306
17099,17108
17099,17113
17099,17116
17099,17120
17099,17123
17108,17113
17108,17116
17108,17120
17108,17125
17108,22543
17113,17116
17113,17120
17113,17123
17113,17128
17113,67873
17116,17120
17116,17123
17116,17125
17116,17128
17116,17132
17120,17123
17120,17125
17120,17128
17120,17132
17120,17134
17123,17125
17123,17128
17123,17132
17123,17134
17123,17138
17123,77483
17123,30941
17125,17128
17125,17132
17125,17138
17125,17139
17125,94505
17128,17132
17128,17134
17128,17138
17128,17139
17128,17143
17132,17134
17132,17138
17132,17139
17132,17145
17132,79649
17132,74517
17134,17138
17134,17139
17134,17146
17134,36863
17134,43362
17138,17145
17138,17146
17138,17153
17138,49705
17138,24356
17139,17143
17139,17145
17139,17153
17139,17161
17139,73542
17139,91454
17143,17145
17143,17146
17143,17153
17143,17161
17143,17162
17143,79790
17145,17146
17145,17153
17145,17161
17145,17164
17145,39300
17145,72860
17146,17153
17146,17161
17146,17162
17146,17164
17146,17170
17153,17161
17153,17164
17153,17170
17153,17177
17153,48169
17161,17162
17161,17170
17161,17177
17161,64767
17161,85196
17162,17164
17162,17170
17162,17177
17162,17184
17162,82847
17164,17170
17164,17180
17164,17184
17164,17186
17164,88079
17170,17177
17170,17180
17170,17184
17170,17186
17170,17193
17170,48812
17177,17184
17177,17193
17177,17197
17177,57978
17177,19812
17177,24387
17180,17184
17180,17186
17180,17193
17180,17197
17180,17203
17184,17186
17184,17193
17184,17197
17184,17204
17184,45731
17186,17193
17186,17197
17186,17203
17186,17206
17186,90229
17193,17197
17193,17203
17193,17206
17193,17210
17193,48727
17193,59609
17197,17203
17197,17204
17197,17206
17197,17210
17197,17220
17203,17204
17203,17206
17203,17210
17203,17229
17203,91630
17204,17206
17204,17210
17204,17220
17204,17229
17204,83183
17204,31850
17204,98834
17206,17210
17206,17220
17206,17229
17206,17233
17206,17239
17210,17220
17210,17229
17210,17233
17210,17239
17210,17242
17210,55854
17220,17229
17220,17233
17220,17239
17220,17242
17220,17243
17220,52695
17229,17233
17229,17242
17229,17243
17229,17244
17229,51187
17233,17239
17233,17242
17233,17243
17233,17244
17233,56165
17233,57888
17239,17242
17239,17244
17239,17245
17239,17249
17239,57922
17242,17243
17242,17244
17242,17245
17242,17249
17242,17250
17243,17244
17243,17245
17243,17249
17243,18067
17243,37903
17244,17245
17244,17249
17244,17250
17244,17270
17244,17278
17245,17249
17245,17250
17245,17270
17245,17278
17245,17283
17249,17250
17249,17270
17249,17278
17249,17283
17249,17284
17249,20032
17250,17270
17250,17278
17250,17283
17250,17284
17250,17285
17250,87137
17270,17278
17270,17283
17270,17285
17270,17286
17270,82449
17270,26827
17278,17283
17278,17284
17278,17286
17278,17300
17283,17284
17283,17285
17283,17286
17283,17300
17283,21717
17284,17285
17284,17286
17284,17301
17284,17303
17284,41648
17285,17286
17285,17300
17285,17301
17285,17303
17285,17305
17286,17300
17286,17303
17286,17305
17286,83518
17300,17301
17300,17303
17300,17305
17300,17308
17300,17310
17301,17303
17301,17305
17301,17308
17301,17310
17301,17312
17303,17305
17303,17310
17303,17312
17303,17313
17303,49025
17303,38823
17305,17310
17305,17312
17305,17315
17305,29720
17305,44818
17308,17310
17308,17312
17308,17313
17308,17315
17308,17320
17310,17312
17310,17313
17310,17320
17310,17322
17310,63454
17312,17313
17312,17315
17312,17320
17312,17322
17312,17333
17312,91831
17313,17315
17313,17320
17313,17322
17313,17333
17313,17338
17315,17320
17315,17322
17315,17333
17315,17338
17315,17344
17315,74983
17320,17322
17320,17333
17320,17338
17320,17344
17320,17346
17322,17333
17322,17338
17322,17346
17322,17347
17333,17338
17333,17344
17333,17346
17333,17347
17333,17352
17338,17344
17338,17346
17338,17347
17338,17361
17338,89773
17344,17346
17344,17347
17344,17352
17344,17361
17344,17362
17344,34086
17344,61047
17344,88340
17346,17352
17346,17361
17346,17362
17346,17363
17346,35055
17346,24568
17347,17352
17347,17361
17347,17362
17347,17363
17347,17364
17352,17361
17352,17362
17352,17363
17352,17364
17352,17366
17361,17362
17361,17363
17361,17364
17361,17366
17361,17367
17361,33527
17362,17363
17362,17366
17362,17367
17362,17370
17362,45306
17363,17364
17363,17366
17363,17367
17363,17370
17363,17373
17363,66734
17364,17366
17364,17367
17364,17370
17364,17373
17364,18757
17366,17367
17366,17370
17366,17373
17366,17374
17366,64814
17367,17370
17367,17373
17367,17374
17367,17381
17367,17382
17367,31307
17367,79978
17370,17373
17370,17374
17370,17381
17370,17382
17370,17383
17370,83008
17373,17374
17373,17381
17373,17382
17373,17383
17373,17388
17374,17381
17374,17382
17374,17383
17374,17388
17374,17391
17381,17382
17381,17383
17381,17388
17381,17391
17381,17393
17382,17383
17382,17388
17382,17391
17382,17398
17382,65780
17383,17391
17383,17393
17383,17398
17383,17400
17388,17391
17388,17393
17388,17398
17388,21805
17391,17393
17391,17400
17391,17414
17391,99831
17391,91386
17393,17398
17393,17400
17393,17405
17393,17414
17393,17419
17393,74018
17398,17400
17398,17405
17398,17414
17398,17419
17398,17423
17398,99634
17398,93447
17400,17405
17400,17414
17400,17419
17400,17423
17400,17426
17400,40240
17400,75748
17405,17414
17405,17419
17405,17423
17405,78178
17405,91188
17414,17423
17414,17426
17414,17432
17414,17433
17414,26303
17419,17423
17419,17426
17419,17432
17419,17433
17419,17439
17423,17426
17423,17432
17423,17433
17423,17439
17423,17442
17426,17432
17426,17433
17426,17439
17426,17442
17432,17433
17432,17439
17432,17442
17432,17443
17432,17447
17433,17443
17433,17447
17433,17448
17433,52419
17433,24959
17439,17442
17439,17443
17439,17447
17439,17448
17439,17450
17439,51080
17442,17443
17442,17447
17442,17448
17442,17450
17442,17451
17443,17448
17443,17450
17443,17451
17443,17453
17443,66789
17443,76931
17447,17450
17447,17451
17447,17453
17447,17461
17447,41386
17448,17450
17448,17451
17448,17453
17448,17461
17448,17465
17450,17451
17450,17453
17450,17461
17450,17465
17450,17466
17451,17453
17451,17461
17451,17465
17451,17466
17451,65060
17453,17461
17453,17465
17453,17466
17453,17473
17453,49691
17461,17465
17461,17466
17461,17469
17461,17473
17461,17476
17465,17466
17465,17473
17465,17476
17465,17478
17465,20443
17466,17469
17466,17473
17466,17476
17466,17478
17466,17482
17469,17473
17469,17476
17469,17478
17469,17482
17469,17484
17473,17476
17473,17478
17473,17482
17473,17484
17473,17489
17476,17478
17476,17482
17476,17484
17476,17489
17476,17490
17476,26987
17478,17482
17478,17484
17478,17489
17478,17490
17478,17495
17482,17484
17482,17489
17482,17490
17482,17495
17482,17496
17484,17495
17484,17496
17484,17504
17484,23939
17484,86465
17489,17490
17489,17504
17489,17512
17489,70564
17489,67207
17489,47938
17490,17495
17490,17496
17490,17504
17490,17512
17490,17514
17495,17496
17495,17504
17495,17512
17495,17514
17495,17517
17496,17504
17496,17512
17496,17514
17496,17517
17496,17529
17496,50123
17496,57564
17504,17512
17504,17514
17504,17517
17504,17529
17504,17537
17512,17514
17512,17517
17512,17537
17512,17539
17512,34499
17514,17517
17514,17529
17514,17537
17514,17539
17514,17545
17514,22137
17517,17529
17517,17537
17517,17539
17517,17545
17517,17547
17529,17537
17529,17539
17529,17545
17529,17547
17529,17549
17537,17539
17537,17545
17537,17547
17537,17549
17537,17556
17537,35237
17539,17545
17539,17547
17539,17549
17539,17556
17539,17563
17545,17547
17545,17549
17545,17556
17545,17563
17545,17565
17547,17549
17547,17556
17547,17563
17547,17567
17547,52161
17549,17556
17549,17565
17549,17567
17549,17576
17549,29400
17549,97606
17556,17563
17556,17565
17556,17582
17556,42593
17556,44323
17563,17565
17563,17567
17563,17576
17563,17582
17563,17585
17565,17567
17565,17576
17565,17582
17565,17585
17565,17586
17565,82247
17567,17576
17567,17582
17567,17586
17567,17601
17567,38698
17576,17582
17576,17585
17576,17586
17576,17601
17576,17608
17576,77221
17582,17585
17582,17586
17582,17601
17582,17608
17582,17609
17585,17586
17585,17608
17585,17609
17585,17617
17585,49581
17586,17608
17586,17609
17586,17619
17601,17608
17601,17609
17601,17617
17601,17619
17601,17625
17601,41883
17608,17609
17608,17617
17608,17619
17608,17625
17608,17630
17609,17617
17609,17619
17609,17630
17609,17633
17617,17619
17617,17625
17617,17630
17617,17633
17617,17634
17617,78514
17617,88581
17619,17625
17619,17630
17619,17633
17619,17634
17619,17635
17619,70078
17619,84055
17625,17630
17625,17633
17625,17634
17625,17635
17625,17637
17630,17634
17630,17635
17630,17637
17630,17639
17630,51029
17633,17634
17633,17635
17633,17637
17633,17639
17633,17642
17634,17635
17634,17637
17634,17639
17634,17642
17634,17647
17634,27350
17635,17637
17635,17639
17635,17642
17635,17647
17635,17649
17637,17639
17637,17647
17637,17649
17637,17653
17637,67734
17639,17642
17639,17647
17639,17649
17639,17653
17639,17659
17639,59856
17642,17647
17642,17649
17642,17653
17642,17659
17642,17676
17642,23759
17647,17649
17647,17653
17647,17659
17647,17676
17647,17678
17649,17653
17649,17659
17649,17676
17649,17678
17653,17659
17653,17676
17653,17678
17653,17681
17653,17682
17659,17676
17659,17678
17659,17681
17659,17682
17659,17684
17676,17678
17676,17681
17676,17682
17676,78387
17676,89360
17676,77613
17678,17681
17678,17682
17678,17684
17678,17688
17678,17689
17678,67873
17681,17682
17681,17684
17681,17688
17681,17689
17681,17697
17681,28622
17682,17684
17682,17688
17682,17689
17682,17697
17682,17700
17682,60799
17684,17688
17684,17689
17684,17697
17684,17700
17684,17709
17688,17689
17688,17697
17688,17700
17688,17709
17688,17710
17689,17697
17689,17700
17689,17709
17689,17710
17689,75591
17689,40719
17697,17700
17697,17709
17697,17710
17697,17714
17697,17721
17700,17709
17700,17710
17700,17714
17700,17721
17700,17723
17700,29892
17700,36197
17709,17710
17709,17714
17709,17721
17709,17723
17709,17725
17710,17714
17710,17721
17710,17723
17710,17725
17710,17727
17714,17721
17714,17725
17714,17727
17714,17735
17714,25354
17714,89957
17721,17723
17721,17725
17721,17727
17721,17735
17721,17740
17723,17725
17723,17727
17723,17735
17723,17740
17723,17741
17725,17727
17725,17740
17725,17741
17725,17743
17725,58707
17725,96863
17727,17735
17727,17740
17727,17741
17727,17748
17727,80860
17735,17740
17735,17741
17735,17743
17735,17748
17735,17750
17740,17741
17740,17743
17740,17748
17740,17750
17740,17751
17741,17743
17741,17748
17741,17750
17741,17751
17741,17755
17743,17748
17743,17750
17743,17751
17743,17755
17743,17760
17743,97271
17743,58017
17748,17750
17748,17751
17748,17755
17748,17760
17748,17764
17750,17751
17750,17755
17750,17760
17750,17764
17750,76282
17750,22873
17750,70084
17750,53179
17751,17755
17751,17760
17751,17764
17751,17769
17751,17773
17755,17760
17755,17764
17755,17769
17755,17773
17755,74490
17760,17764
17760,17769
17760,17773
17760,17779
17760,17780
17764,17769
17764,17773
17764,17779
17764,17790
17764,92550
17769,17773
17769,17779
17769,17790
17769,49065
17769,32672
17773,17779
17773,17780
17773,17790
17773,17800
17773,17806
17773,80779
17773,79629
17779,17780
17779,17790
17779,17800
17779,17806
17779,17816
17780,17790
17780,17800
17780,17806
17780,17816
17780,17817
17790,17800
17790,17806
17790,17816
17790,17817
17790,17819
17790,21226
17800,17806
17800,17816
17800,17817
17800,17834
17800,55139
17800,32947
17800,81895
17806,17816
17806,17817
17806,17819
17806,17834
17806,17837
17816,17817
17816,17819
17816,17834
17816,17837
17816,17839
17817,17819
17817,17834
17817,17837
17817,17839
17817,17846
17819,17834
17819,17837
17819,17839
17819,17846
17819,17851
17819,96504
17834,17837
17834,17839
17834,17846
17834,17851
17834,17861
17834,44535
17837,17839
17837,17846
17837,17851
17837,17861
17837,17867
17837,21778
17839,17846
17839,17851
17839,17861
17839,17867
17839,17899
17839,27438
17846,17851
17846,17861
17846,17867
17846,17899
17846,17909
17851,17861
17851,17867
17851,17899
17851,17909
17851,17927
17851,66801
17861,17867
17861,17899
17861,17909
17861,17927
17861,17932
17861,29056
17867,17899
17867,17909
17867,17927
17867,17932
17867,17937
17899,17909
17899,17927
17899,17932
17899,17946
17909,17927
17909,17932
17909,17937
17909,17946
17909,17948
17927,17932
17927,17937
17927,17946
17927,17948
17927,79241
17927,58377
17927,98587
17932,17937
17932,17946
17932,17948
17932,17949
17932,17951
17937,17946
17937,17949
17937,17951
17937,17954
17937,43005
17946,17948
17946,17949
17946,17954
17946,17957
17946,64518
17946,32810
17948,17949
17948,17951
17948,17957
17948,17958
17948,99984
17949,17951
17949,17954
17949,17957
17949,17960
17949,92862
17951,17954
17951,17957
17951,17958
17951,17960
17951,17964
17951,97669
17954,17958
17954,17960
17954,17964
17954,17966
17954,95320
17957,17958
17957,17960
17957,17964
17957,17966
17957,17968
17958,17960
17958,17964
17958,17966
17958,17987
17958,86004
17958,20432
17960,17964
17960,17966
17960,17968
17960,17987
17960,17993
17964,17966
17964,17987
17964,17993
17964,17994
17964,81183
17964,24959
17966,17968
17966,17987
17966,17993
17966,17994
17966,17997
17968,17987
17968,17993
17968,17994
17968,17997
17968,17998
17987,17993
17987,17994
17987,17997
17987,17998
17993,17994
17993,17997
17993,17998
17993,17999
17993,18000
17994,17997
17994,17998
17994,17999
17994,18000
17994,18005
17997,17998
17997,17999
17997,18000
17997,18005
17997,18006
17998,17999
17998,18000
17998,18005
17998,18006
17998,18010
17999,18000
17999,18005
17999,18006
17999,18015
17999,59359
18000,18005
18000,18006
18000,18010
18000,18015
18000,18018
18005,18006
18005,18010
18005,18015
18005,18018
18005,18020
18005,53203
18006,18010
18006,18018
18006,18020
18006,18021
18006,33019
18010,18015
18010,18018
18010,18020
18010,18021
18010,18024
18015,18018
18015,18020
18015,18021
18015,18024
18015,18025
18015,67823
18018,18020
18018,18024
18018,18025
18018,18026
18020,18021
18020,18024
18020,18025
18020,18026
18020,18030
18021,18024
18021,18025
18021,18034
18021,26035
18021,50685
18024,18025
18024,18026
18024,18034
18024,18046
18024,71467
18024,42452
18024,38124
18025,18026
18025,18030
18025,18034
18025,90849
18025,89603
18025,60769
18025,67579
18026,18030
18026,18034
18026,18046
18026,18051
18026,18056
18030,18034
18030,18046
18030,18051
18030,18056
18030,18064
18030,35815
18030,65232
18034,18046
18034,18051
18034,18056
18034,18064
18034,18065
18046,18051
18046,18056
18046,18064
18046,18065
18046,18066
18046,44840
18051,18056
18051,18064
18051,18065
18051,18066
18051,36664
18051,90324
18056,18064
18056,18065
18056,18066
18056,18067
18056,18074
18056,18275
18056,66199
18064,18065
18064,18066
18064,18067
18064,18076
18064,73891
18065,18066
18065,18067
18065,18074
18065,18076
18065,18080
18066,18067
18066,18074
18066,18076
18066,18084
18066,44709
18066,75101
18067,18074
18067,18076
18067,18080
18067,18084
18067,18086
18074,18076
18074,18080
18074,18084
18074,18086
18074,18098
18076,18080
18076,18084
18076,18086
18076,18098
18076,18100
18080,18086
18080,18098
18080,18100
18080,18101
18080,58492
18080,27533
18084,18086
18084,18098
18084,18100
18084,18101
18084,42829
18084,82945
18086,18098
18086,18100
18086,18101
18086,18103
18086,18114
18098,18100
18098,18103
18098,18114
18098,18119
18098,30036
18098,35343
18100,18101
18100,18114
18100,18119
18100,18126
18100,99022
18101,18103
18101,18114
18101,18119
18101,18126
18101,18130
18103,18114
18103,18119
18103,18126
18103,18130
18103,18136
18114,18119
18114,18126
18114,18130
18114,18136
18114,18138
18119,18126
18119,18130
18119,18136
18119,18138
18119,18144
18126,18130
18126,18136
18126,18144
18126,18160
18126,95696
18130,18136
18130,18144
18130,18160
18130,18166
18136,18138
18136,18144
18136,18160
18136,18166
18136,18167
18138,18144
18138,18160
18138,18166
18138,18167
18138,18169
18144,18160
18144,18166
18144,18167
18144,18169
18144,18175
18160,18166
18160,18169
18160,18175
18160,18178
18166,18167
18166,18169
18166,18175
18166,18178
18166,18181
18167,18169
18167,18175
18167,18178
18167,18181
18167,18186
18167,32177
18169,18178
18169,18181
18169,18186
18169,18187
18175,18178
18175,18186
18175,18188
18175,27582
18175,63277
18178,18181
18178,18186
18178,18187
18178,18188
18178,18198
18178,51829
18181,18186
18181,18188
18181,18198
18181,18199
18181,32412
18186,18187
18186,18188
18186,18199
18186,18200
18186,18252
18187,18188
18187,18198
18187,18199
18187,18200
18187,18201
18188,18198
18188,18199
18188,18200
18188,18201
18188,18203
18198,18199
18198,18200
18198,18201
18198,18203
18198,18207
18199,18200
18199,18201
18199,18203
18199,18207
18199,74483
18200,18201
18200,18203
18200,18207
18200,18213
18200,18215
18200,92685
18201,18203
18201,18207
18201,18213
18201,18215
18201,18225
18203,18207
18203,18213
18203,18215
18203,18225
18203,18227
18203,59873
18207,18213
18207,18215
18207,18225
18207,18227
18207,18230
18213,18215
18213,18225
18213,18227
18213,18230
18213,18231
18215,18225
18215,18227
18215,18231
18215,18232
18215,25007
18225,18227
18225,18230
18225,18231
18225,18232
18225,18234
18227,18230
18227,18231
18227,18232
18227,18234
18227,18235
18230,18231
18230,18232
18230,18236
18230,79348
18230,26712
18231,18234
18231,18235
18231,18236
18231,18241
18231,90074
18232,18234
18232,18235
18232,18236
18232,18241
18232,33746
18234,18236
18234,18241
18234,18242
18234,18246
18234,40450
18235,18242
18235,18246
18235,18252
18235,21619
18235,87258
18235,73176
18236,18241
18236,18242
18236,18246
18236,18252
18236,18261
18241,18242
18241,18246
18241,18252
18241,18261
18241,63219
18242,18246
18242,18252
18242,18261
18242,18262
18242,18271
18242,84165
18242,42926
18246,18252
18246,18261
18246,18262
18246,18271
18246,76936
18246,21761
18252,18261
18252,18262
18252,18273
18252,18275
18252,94664
18252,96018
18252,75222
18261,18262
18261,18271
18261,18273
18261,18275
18261,18276
18261,79322
18262,18271
18262,18273
18262,18275
18262,18276
18262,18285
18262,36665
18271,18273
18271,18275
18271,18276
18271,18285
18271,18286
18273,18275
18273,18276
18273,18285
18273,18286
18273,50010
18273,62383
18275,18276
18275,18286
18275,18287
18275,18290
18276,18285
18276,18286
18276,18287
18276,18290
18276,18294
18285,18286
18285,18290
18285,18294
18285,18295
18285,62716
18286,18287
18286,18290
18286,18294
18286,18295
18286,89791
18287,18290
18287,18294
18287,18295
18287,18296
18287,18301
18290,18294
18290,18295
18290,18296
18290,18301
18290,18306
18290,23694
18290,91563
18294,18296
18294,18301
18294,18306
18294,18311
18294,93205
18294,64883
18295,18296
18295,18301
18295,18306
18295,18311
18295,18325
18296,18301
18296,18306
18296,18311
18296,18325
18296,18326
18301,18306
18301,18311
18301,18325
18301,18326
18301,18335
18306,18311
18306,18325
18306,18326
18306,18335
18306,18339
18306,52848
18311,18326
18311,18335
18311,18339
18311,18344
18311,23066
18325,18326
18325,18335
18325,18339
18325,18344
18325,18347
18325,50609
18326,18335
18326,18339
18326,18344
18326,18349
18326,60399
18326,88947
18335,18339
18335,18347
18335,18349
18335,18355
18335,96823
18339,18344
18339,18349
18339,18355
18339,18361
18339,67470
18344,18347
18344,18349
18344,18355
18344,18361
18344,18362
18347,18349
18347,18355
18347,18361
18347,18362
18347,18373
18349,18355
18349,18361
18349,18362
18349,18374
18349,71820
18355,18361
18355,18362
18355,18373
18355,18374
18355,18380
18361,18362
18361,18373
18361,18374
18361,18380
18361,18384
18361,52754
18362,18373
18362,18374
18362,18380
18362,18384
18362,18385
18373,18374
18373,18380
18373,18384
18373,18385
18373,18387
18374,18380
18374,18384
18374,18385
18374,18387
18374,18394
18380,18384
18380,18385
18380,18387
18380,18394
18380,18403
18384,18385
18384,18387
18384,18404
18384,31324
18384,84492
18384,90979
18385,18387
18385,18394
18385,18403
18385,18404
18385,61977
18385,25490
18387,18394
18387,18403
18387,18408
18387,18412
18387,54203
18387,74436
18394,18404
18394,18408
18394,18412
18394,18413
18394,39673
18403,18404
18403,18408
18403,18412
18403,18413
18403,18419
18404,18408
18404,18412
18404,18419
18404,18426
18408,18412
18408,18413
18408,18419
18408,18426
18408,18428
18412,18413
18412,18419
18412,18426
18412,18428
18412,18431
18413,18419
18413,18426
18413,18428
18413,18431
18413,18433
18419,18428
18419,18431
18419,18433
18419,18434
18419,89169
18426,18431
18426,18433
18426,18434
18426,18435
18426,96139
18428,18431
18428,18433
18428,18434
18428,18435
18428,18439
18431,18433
18431,18434
18431,18435
18431,18439
18431,18452
18433,18434
18433,18435
18433,18439
18433,18452
18433,18453
18434,18435
18434,18439
18434,18452
18434,18453
18434,18459
18435,18439
18435,18452
18435,18459
18435,18462
18435,21938
18435,58121
18439,18452
18439,18453
18439,18459
18439,18462
18439,43757
18439,82566
18452,18453
18452,18459
18452,18462
18452,18465
18452,18470
18452,40580
18453,18459
18453,18465
18453,18470
18453,18471
18459,18462
18459,18465
18459,18471
18459,18482
18459,83697
18459,41813
18459,20410
18462,18465
18462,18470
18462,18471
18462,18482
18462,18486
18465,18470
18465,18471
18465,18482
18465,18494
18465,58711
18470,18482
18470,18486
18470,18494
18470,18495
18470,78532
18470,48191
18471,18482
18471,18486
18471,18494
18471,18495
18471,18508
18482,18486
18482,18494
18482,18508
18482,18511
18482,96612
18486,18494
18486,18495
18486,18508
18486,18511
18486,18519
18486,22230
18494,18495
18494,18508
18494,18511
18494,18519
18494,18525
18495,18508
18495,18511
18495,18519
18495,18525
18495,18526
18508,18511
18508,18519
18508,18526
18508,18535
18508,61864
18508,50340
18511,18519
18511,18525
18511,18526
18511,18535
18511,18536
18519,18525
18519,18526
18519,18535
18519,18536
18519,18544
18525,18526
18525,18535
18525,18536
18525,18544
18525,18555
18526,18535
18526,18536
18526,18555
18526,54712
18526,21470
18535,18536
18535,18544
18535,18555
18535,18557
18535,18565
18536,18544
18536,18555
18536,18557
18536,18565
18536,18568
18544,18557
18544,18568
18544,43079
18544,27219
18544,48902
18555,18557
18555,18565
18555,18568
18555,18572
18555,68860
18557,18568
18557,18571
18557,18572
18557,18577
18557,74860
18565,18568
18565,18571
18565,18572
18565,18577
18565,18582
18568,18571
18568,18572
18568,18577
18568,18592
18568,38441
18568,87243
18571,18572
18571,18577
18571,18582
18571,18592
18571,18595
18572,18577
18572,18582
18572,18592
18572,18595
18572,18606
18577,18582
18577,18595
18577,18606
18577,18611
18577,66357
18577,79814
18582,18592
18582,18595
18582,18606
18582,18611
18582,18619
18592,18595
18592,18606
18592,18611
18592,18619
18592,18622
18592,37085
18595,18606
18595,18619
18595,18622
18595,18624
18595,34245
18595,75421
18606,18619
18606,18622
18606,18624
18606,18630
18606,30708
18611,18619
18611,18622
18611,18624
18611,18630
18611,18635
18611,23451
18619,18622
18619,18624
18619,18635
18619,18637
18619,48402
18619,64757
18622,18624
18622,18630
18622,18635
18622,18637
18622,18641
18624,18630
18624,18635
18624,18637
18624,18641
18624,88054
18624,51976
18630,18635
18630,18637
18630,18644
18630,18646
18630,86003
18635,18637
18635,18641
18635,18644
18635,18646
18635,51829
18637,18641
18637,18644
18637,18646
18637,18649
18637,18651
18637,23214
18641,18644
18641,18646
18641,18649
18641,18651
18641,18657
18644,18646
18644,18649
18644,18651
18644,18658
18644,44503
18644,20831
18644,50519
18646,18649
18646,18651
18646,18657
18646,18664
18649,18651
18649,18658
18649,18664
18649,18667
18649,90636
18651,18657
18651,18658
18651,18664
18651,18667
18651,18669
18657,18658
18657,18664
18657,18667
18657,18669
18657,18670
18657,97244
18658,18667
18658,18670
18658,18671
18658,44095
18658,37198
18658,28299
18658,49089
18664,18667
18664,18670
18664,18677
18664,70702
18664,37721
18667,18669
18667,18670
18667,18671
18667,18677
18667,18682
18667,24627
18669,18671
18669,18677
18669,18682
18669,18685
18669,80881
18669,66700
18670,18671
18670,18677
18670,18682
18670,18685
18670,18687
18670,32033
18671,18682
18671,18685
18671,18687
18671,18690
18677,18682
18677,18685
18677,18687
18677,18690
18677,18695
18682,18685
18682,18687
18682,18690
18682,18695
18682,18696
18682,33532
18682,23173
18685,18687
18685,18690
18685,18695
18685,18696
18685,18698
18685,79226
18687,18690
18687,18695
18687,18696
18687,18701
18687,51484
18690,18695
18690,18696
18690,18698
18690,18704
18690,40167
18695,18696
18695,18698
18695,18701
18695,18704
18695,18708
18696,18698
18696,18704
18696,18710
18696,27010
18696,47807
18698,18701
18698,18704
18698,18708
18698,18710
18698,18713
18701,18708
18701,18710
18701,18713
18701,18717
18701,95285
18701,39288
18704,18708
18704,18710
18704,18713
18704,18717
18704,18728
18708,18710
18708,18713
18708,18717
18708,18728
18708,18729
18710,18713
18710,18717
18710,18728
18710,18729
18710,18730
18710,66119
18713,18717
18713,18728
18713,18729
18713,18730
18713,18735
18713,22653
18717,18728
18717,18729
18717,18730
18717,18736
18717,26164
18728,18729
18728,18730
18728,18735
18728,18736
18728,18737
18729,18730
18729,18735
18729,18736
18729,18737
18729,18738
18730,18736
18730,18737
18730,18738
18730,18740
18730,28108
18735,18736
18735,18737
18735,18738
18735,18740
18735,18743
18735,26157
18735,27135
18736,18738
18736,18740
18736,18743
18736,18749
18736,55988
18736,74011
18737,18738
18737,18740
18737,18743
18737,18749
18737,89935
18738,18740
18738,18743
18738,18749
18738,18757
18738,18771
18738,63144
18740,18743
18740,18749
18740,18757
18740,18771
18740,18778
18740,66835
18743,18757
18743,18771
18743,18778
18743,18779
18749,18757
18749,18771
18749,18778
18749,18779
18749,18800
18749,52930
18757,18771
18757,18778
18757,18779
18757,18800
18757,18803
18771,18778
18771,18779
18771,18800
18771,18803
18771,18804
18778,18779
18778,18800
18778,18803
18778,18804
18778,58592
18779,18800
18779,18803
18779,18804
18779,18806
18779,18814
18800,18803
18800,18804
18800,18806
18800,18814
18800,18815
18800,99484
18800,98837
18803,18806
18803,18814
18803,18815
18803,18817
18803,61603
18804,18806
18804,18814
18804,18815
18804,18817
18804,18821
18806,18814
18806,18815
18806,18817
18806,18821
18806,18823
18814,18815
18814,18817
18814,18821
18814,18823
18814,67471
18814,91322
18814,97234
18815,18817
18815,18823
18815,18824
18815,18826
18817,18821
18817,18823
18817,18826
18817,18828
18817,53598
18821,18823
18821,18824
18821,18826
18821,18828
18821,18842
18821,57333
18823,18824
18823,18826
18823,18842
18823,18845
18823,98188
18823,79148
18824,18826
18824,18842
18824,18853
18824,86840
18824,69616
18824,80988
18826,18828
18826,18842
18826,18845
18826,18853
18826,46951
18828,18842
18828,18845
18828,18853
18828,18860
18828,18864
18828,62710
18828,58026
18842,18845
18842,18853
18842,18860
18842,18864
18842,18866
18845,18853
18845,18860
18845,18864
18845,18866
18845,18871
18853,18860
18853,18864
18853,18866
18853,18871
18853,18873
18853,29553
18860,18864
18860,18871
18860,18873
18860,18875
18860,21805
18864,18866
18864,18871
18864,18873
18864,18878
18864,71680
18866,18871
18866,18873
18866,18875
18866,18880
18866,54682
18871,18873
18871,18875
18871,18878
18871,18880
18871,29039
18873,18875
18873,18878
18873,18880
18873,18882
18873,18884
18875,18878
18875,18880
18875,18882
18875,18884
18875,18886
18875,86353
18878,18880
18878,18884
18878,18888
18878,45083
18878,88946
18880,18882
18880,18886
18880,18891
18880,88775
18882,18884
18882,18886
18882,18888
18882,18894
18882,67457
18884,18886
18884,18888
18884,18891
18884,18894
18884,18901
18884,81347
18886,18888
18886,18891
18886,18894
18886,18901
18886,18902
18886,83054
18888,18891
18888,18894
18888,18901
18888,18902
18888,18907
18888,89289
18891,18901
18891,18902
18891,51706
18891,91347
18891,70429
18894,18901
18894,18907
18894,18909
18894,46579
18894,75610
18901,18902
18901,18907
18901,18909
18901,18910
18901,18916
18902,18907
18902,18909
18902,18916
18902,18918
18902,71856
18907,18909
18907,18918
18907,18919
18907,84587
18907,60882
18909,18910
18909,18916
18909,18918
18909,18919
18909,18921
18909,96684
18910,18916
18910,18918
18910,18919
18910,18921
18910,18936
18916,18918
18916,18919
18916,18921
18916,18936
18916,18937
18918,18919
18918,18921
18918,18936
18918,18937
18918,18944
18918,87597
18918,63691
18919,18921
18919,18936
18919,18937
18919,18944
18919,18951
18921,18936
18921,18937
18921,18944
18921,18951
18921,18953
18921,83731
18936,18937
18936,18944
18936,18951
18936,18955
18936,23807
18937,18944
18937,18951
18937,18953
18937,18955
18937,18966
18944,18951
18944,18953
18944,18955
18944,18969
18944,69104
18951,18955
18951,18966
18951,18969
18951,18973
18951,21631
18953,18955
18953,18966
18953,18969
18953,18973
18953,18974
18953,44516
18955,18966
18955,18969
18955,18974
18955,18976
18955,42290
18955,42770
18966,18969
18966,18973
18966,18974
18966,18976
18969,18973
18969,18974
18969,18976
18969,18977
18969,18979
18973,18974
18973,18976
18973,18977
18973,18979
18973,18982
18974,18976
18974,18977
18974,18982
18974,18989
18974,53159
18976,18977
18976,18979
18976,18982
18976,18989
18976,18996
18977,18979
18977,18982
18977,18989
18977,18996
18977,18998
18979,18982
18979,18989
18979,18996
18979,19004
18979,32428
18979,46165
18982,18989
18982,18996
18982,18998
18982,19005
18989,18996
18989,18998
18989,19004
18989,19005
18989,19022
18996,18998
18996,19004
18996,19005
18996,19022
18996,19023
18998,19004
18998,19005
18998,19022
18998,19023
18998,19027
19004,19005
19004,19022
19004,19023
19004,19027
19004,19029
19005,19022
19005,19023
19005,19027
19005,19029
19005,19032
19005,96084
19022,19023
19022,19027
19022,19029
19022,19032
19022,19037
19022,93029
19023,19029
19023,19032
19023,19037
19023,19038
19023,39202
19027,19029
19027,19032
19027,19037
19027,19038
19027,19054
19029,19032
19029,19037
19029,19038
19029,19054
19029,19065
19032,19037
19032,19038
19032,19054
19032,19065
19032,19068
19037,19038
19037,19065
19037,19068
19037,88606
19037,56937
19038,19054
19038,19065
19038,19068
19038,19073
19038,19084
19038,90504
19054,19065
19054,19068
19054,19073
19054,19084
19054,19086
19054,21017
19054,33561
19065,19068
19065,19073
19065,19084
19065,19086
19065,19087
19068,19073
19068,19084
19068,19086
19068,19089
19068,76461
19073,19084
19073,19086
19073,19087
19073,19089
19073,19091
19084,19086
19084,19087
19084,19089
19084,19091
19084,19095
19086,19087
19086,19089
19086,19091
19086,19095
19086,19098
19086,64693
19087,19089
19087,19095
19087,19098
19087,19100
19087,93583
19087,82273
19089,19091
19089,19098
19089,19100
19089,19102
19089,42387
19089,32564
19091,19095
19091,19098
19091,19102
19091,19104
19091,29058
19095,19098
19095,19100
19095,19102
19095,19104
19095,56947
19098,19100
19098,19102
19098,19104
19098,19107
19098,19109
19100,19102
19100,19104
19100,19107
19100,19109
19100,19111
19102,19104
19102,19107
19102,19109
19102,19111
19102,19114
19104,19107
19104,19109
19104,19111
19104,19114
19104,19116
19107,19109
19107,19111
19107,19114
19107,19116
19107,19119
19109,19111
19109,19114
19109,19116
19109,19119
19109,90584
19109,82272
19111,19114
19111,19116
19111,19119
19111,19132
19111,19133
19114,19116
19114,19119
19114,19132
19114,19133
19114,19135
19116,19119
19116,19132
19116,19133
19116,19147
19116,41642
19116,70450
19119,19132
19119,19133
19119,19135
19119,19147
19119,19150
19132,19133
19132,19135
19132,19147
19132,19150
19132,19152
19133,19135
19133,19150
19133,19154
19133,43785
19133,51978
19135,19147
19135,19152
19135,19154
19135,19155
19135,21023
19147,19150
19147,19152
19147,19154
19147,19155
19147,19158
19147,99554
19147,19485
19150,19152
19150,19154
19150,19155
19150,19158
19150,19162
19150,20993
19152,19154
19152,19155
19152,19158
19152,19162
19152,19165
19152,21965
19154,19155
19154,19158
19154,19165
19154,19167
19154,81006
19155,19158
19155,19162
19155,19167
19155,19170
19155,46874
19158,19162
19158,19165
19158,19167
19158,19170
19158,19172
19162,19165
19162,19167
19162,19170
19162,19172
19162,81415
19162,52119
19162,69117
19165,19167
19165,19172
19165,19182
19165,75984
19167,19170
19167,19172
19167,19179
19167,19182
19167,19183
19170,19172
19170,19179
19170,19182
19170,19183
19170,19189
19170,45067
19172,19179
19172,19182
19172,19183
19172,19189
19172,19192
19172,53364
19172,64064
19179,19182
19179,19189
19179,19192
19179,19194
19179,41044
19182,19189
19182,19192
19182,19194
19182,19198
19183,19189
19183,19192
19183,19198
19183,19201
19189,19192
19189,19194
19189,19198
19189,19201
19189,19215
19192,19198
19192,19201
19192,19215
19192,19220
19192,55823
19192,79229
19194,19198
19194,19201
19194,19215
19194,19220
19194,19222
19198,19201
19198,19215
19198,19220
19198,19222
19198,19223
19198,86548
19201,19220
19201,19222
19201,19223
19201,19229
19215,19220
19215,19222
19215,19223
19215,19229
19215,19236
19215,56610
19220,19222
19220,19223
19220,19229
19220,19236
19220,19237
19222,19223
19222,19236
19222,19237
19222,19245
19223,19229
19223,19236
19223,19237
19223,19245
19223,99490
19223,76579
19229,19237
19229,19245
19229,19247
19229,19248
19236,19237
19236,19245
19236,19247
19236,19248
19236,19249
19236,67380
19237,19247
19237,19248
19237,19249
19237,19258
19237,59979
19245,19247
19245,19248
19245,19249
19245,19260
19245,36740
19245,38502
19247,19248
19247,19258
19247,19260
19247,19261
19247,95450
19248,19249
19248,19258
19248,19260
19248,19261
19248,19266
19249,19258
19249,19261
19249,19266
19249,19270
19249,79858
19249,45354
19258,19260
19258,19261
19258,19266
19258,19276
19258,33228
19260,19261
19260,19266
19260,19276
19260,19278
19260,41586
19260,76572
19261,19266
19261,19278
19261,19282
19261,57207
19261,20942
19266,19270
19266,19278
19266,19282
19266,19290
19266,32666
19270,19278
19270,19282
19270,19290
19270,19298
19270,66184
19270,61513
19276,19278
19276,19282
19276,19290
19276,19298
19276,19308
19278,19282
19278,19290
19278,19298
19278,19308
19278,19309
19278,61436
19282,19290
19282,19298
19282,19308
19282,19312
19290,19298
19290,19308
19290,19309
19290,19312
19290,19318
19298,19308
19298,19309
19298,19312
19298,19318
19298,19325
19308,19309
19308,19312
19308,19318
19308,19325
19308,19326
19309,19312
19309,19318
19309,19325
19309,19326
19309,19336
19312,19318
19312,19325
19312,19326
19312,19336
19312,19338
19318,19325
19318,19326
19318,19336
19318,19338
19318,19339
19325,19326
19325,19336
19325,19338
19325,19339
19325,19344
19325,34615
19325,62874
19326,19336
19326,19338
19326,19339
19326,19344
19326,19347
19336,19338
19336,19339
19336,19344
19336,19347
19336,19349
19338,19339
19338,19344
19338,19347
19338,19349
19338,19351
19339,19344
19339,19347
19339,19349
19339,19351
19339,19362
19339,53640
19339,76479
19344,19349
19344,19351
19344,19362
19344,19365
19344,36363
19344,20573
19347,19349
19347,19351
19347,19362
19347,19365
19347,19368
19349,19351
19349,19362
19349,19365
19349,19368
19349,19371
19351,19362
19351,19365
19351,19368
19351,61837
19351,27633
19362,19365
19362,19368
19362,19371
19362,19380
19362,19381
19365,19368
19365,19371
19365,19380
19365,19381
19365,19382
19368,19380
19368,19382
19368,19394
19368,55212
19368,27062
19368,61597
19371,19380
19371,19381
19371,19382
19371,19394
19371,19399
19380,19381
19380,19382
19380,19394
19380,19399
19380,19401
19381,19382
19381,19394
19381,19399
19381,19401
19381,19406
19382,19394
19382,19399
19382,19401
19382,19406
19382,19411
19394,19399
19394,19401
19394,19406
19394,19411
19394,19412
19399,19401
19399,19406
19399,19412
19399,19417
19399,25235
19401,19406
19401,19411
19401,19412
19401,19417
19401,19419
19401,57121
19406,19411
19406,19412
19406,19417
19406,19419
19406,19422
19411,19412
19411,19417
19411,19419
19411,19422
19411,19423
19412,19419
19412,19422
19412,19423
19412,19425
19412,80574
19417,19419
19417,19422
19417,19423
19417,19425
19417,19429
19419,19422
19419,19423
19419,19425
19419,19429
19422,19423
19422,19425
19422,19429
19422,19432
19422,19437
19422,32634
19423,19425
19423,19429
19423,19432
19423,19437
19423,19438
19425,19429
19425,19432
19425,19437
19425,19438
19425,19439
19429,19432
19429,19437
19429,19438
19429,19439
19429,19442
19432,19437
19432,19438
19432,19439
19432,19442
19432,19446
19437,19438
19437,19439
19437,19442
19437,19446
19437,19447
19438,19439
19438,19442
19438,19446
19438,19447
19438,19449
19438,52960
19439,19446
19439,19451
19439,23288
19439,72166
19439,36762
19442,19446
19442,19447
19442,19449
19442,19451
19442,19455
19442,27818
19442,52683
19446,19447
19446,19449
19446,19451
19446,19455
19446,19456
19447,19449
19447,19460
19447,74421
19447,35699
19447,30630
19449,19451
19449,19455
19449,19456
19449,19460
19449,19463
19451,19455
19451,19456
19451,19460
19451,85171
19455,19456
19455,19460
19455,19463
19455,19485
19455,19489
19455,92628
19455,46776
19456,19460
19456,19463
19456,19485
19456,19491
19460,19463
19460,19485
19460,19489
19460,19491
19460,19493
19463,19485
19463,19489
19463,19491
19463,19493
19463,19496
19485,19491
19485,19496
19485,19497
19485,93710
19485,76378
19489,19491
19489,19493
19489,19496
19489,19497
19489,19511
19491,19493
19491,19496
19491,19497
19491,19511
19491,19530
19493,19496
19493,19497
19493,19511
19493,19530
19493,19532
19496,19497
19496,19532
19496,19533
19496,45525
19496,30265
19497,19511
19497,19530
19497,19532
19497,19533
19497,19540
19511,19532
19511,19533
19511,19540
19511,19543
19511,50851
19530,19533
19530,19540
19530,19543
19530,19545
19530,77183
19532,19533
19532,19540
19532,19545
19532,19546
19532,41558
19533,19540
19533,19543
19533,19545
19533,19546
19533,19554
19533,39964
19540,19545
19540,19546
19540,19564
19540,53896
19543,19545
19543,19546
19543,19554
19543,19568
19543,23759
19543,37491
19545,19546
19545,19554
19545,19564
19545,19568
19545,19572
19545,51527
19546,19554
19546,19564
19546,19572
19546,19573
19546,42185
19546,36418
19546,62917
19554,19564
19554,19568
19554,19572
19554,19573
19554,19593
19554,42833
19564,19568
19564,19572
19564,19593
19564,19598
19564,24496
19568,19572
19568,19573
19568,19593
19568,19598
19568,19605
19572,19573
19572,19593
19572,19598
19572,19605
19572,19606
19573,19593
19573,19598
19573,19605
19573,19617
19593,19598
19593,19605
19593,19606
19593,19617
19593,19618
19593,24627
19598,19605
19598,19606
19598,19617
19598,19618
19598,19619
19605,19606
19605,19617
19605,19618
19605,19619
19605,19623
19605,63906
19606,19617
19606,19619
19606,19623
19606,19625
19617,19618
19617,19619
19617,19623
19617,19625
19617,19628
19618,19619
19618,19623
19618,19625
19618,19628
19618,19637
19618,45869
19619,19623
19619,19625
19619,19628
19619,19639
19619,68976
19623,19625
19623,19628
19623,19637
19623,19639
19623,19645
19623,40450
19625,19628
19625,19637
19625,19639
19625,19650
19625,42184
19625,75027
19628,19637
19628,19639
19628,19645
19628,19650
19628,74811
19637,19639
19637,19645
19637,19650
19637,19653
19637,19656
19639,19645
19639,19650
19639,19653
19639,19656
19639,19659
19639,46636
19645,19653
19645,19656
19645,19659
19645,19662
19645,33694
19645,32254
19650,19653
19650,19656
19650,19659
19650,19662
19653,19656
19653,19659
19653,19662
19653,19666
19653,19668
19656,19659
19656,19662
19656,19666
19656,19668
19656,19669
19659,19662
19659,19666
19659,19668
19659,19669
19659,19672
19662,19666
19662,19668
19662,19669
19662,19672
19662,19674
19666,19668
19666,19669
19666,19672
19666,19674
19666,19679
19666,51155
19666,88378
19666,86694
19668,19669
19668,19672
19668,19674
19668,19679
19668,19680
19668,19886
19669,19672
19669,19674
19669,19679
19669,19680
19669,19681
19672,19674
19672,19679
19672,19680
19672,19681
19672,19690
19672,25674
19674,19679
19674,19680
19674,19681
19674,19690
19674,19692
19674,32815
19679,19680
19679,19681
19679,19690
19679,19692
19679,19695
19679,35197
19680,19681
19680,19690
19680,19692
19680,19697
19681,19690
19681,19692
19681,19695
19681,19697
19681,19704
19681,27110
19690,19692
19690,19695
19690,19697
19690,19704
19690,19709
19692,19695
19692,19697
19692,19704
19692,19709
19692,19713
19695,19697
19695,19704
19695,19709
19695,19713
19695,19721
19697,19704
19697,19709
19697,19713
19697,19721
19697,19726
19697,45502
19697,89435
19704,19709
19704,19721
19704,19726
19704,19751
19704,47290
19704,72765
19709,19713
19709,19721
19709,19726
19709,19751
19709,19759
19713,19721
19713,19726
19713,19759
19713,19762
19713,57863
19713,28470
19721,19726
19721,19751
19721,19759
19721,19762
19721,19764
19726,19751
19726,19759
19726,19764
19726,19767
19726,78934
19751,19759
19751,19762
19751,19764
19751,19767
19751,19770
19751,44102
19759,19762
19759,19764
19759,19767
19759,19770
19759,32612
19762,19764
19762,19767
19762,19770
19762,19781
19762,51189
19764,19767
19764,19770
19764,19772
19764,19781
19764,19786
19767,19770
19767,19772
19767,19781
19767,19787
19767,80571
19770,19781
19770,19786
19770,19787
19770,19793
19770,63664
19770,71895
19772,19786
19772,19787
19772,19793
19772,19800
19772,35765
19772,58231
19781,19786
19781,19787
19781,19793
19781,19801
19781,73544
19781,96201
19786,19787
19786,19793
19786,19800
19786,19801
19786,19803
19786,41522
19787,19793
19787,19800
19787,19801
19787,19803
19787,19812
19787,56861
19793,19800
19793,19803
19793,19812
19793,19814
19793,68712
19793,89221
19800,19801
19800,19803
19800,19812
19800,19814
19800,19818
19800,47728
19801,19803
19801,19814
19801,19818
19801,19819
19801,86883
19803,19812
19803,19814
19803,19818
19803,19819
19803,19824
19803,49201
19812,19818
19812,19819
19812,19824
19812,19826
19812,93008
19814,19818
19814,19819
19814,19826
19814,19828
19814,53200
19818,19824
19818,19826
19818,19828
19818,85119
19818,54352
19818,32325
19819,19824
19819,19828
19819,19830
19819,19831
19819,66446
19819,44250
19824,19826
19824,19830
19824,19831
19824,34186
19824,43411
19824,35693
19826,19828
19826,19830
19826,19833
19826,19836
19826,65706
19828,19830
19828,19831
19828,19833
19828,19836
19828,19838
19830,19831
19830,19833
19830,19836
19830,19838
19830,19840
19830,21303
19831,19833
19831,19836
19831,19847
19831,64786
19831,58647
19833,19836
19833,19838
19833,19840
19833,19847
19833,24683
19833,39646
19833,31669
19836,19838
19836,19840
19836,19847
19836,19848
19836,19849
19838,19840
19838,19847
19838,19848
19838,19849
19838,19854
19840,19847
19840,19848
19840,19849
19840,19854
19840,19861
19840,58218
19847,19848
19847,19849
19847,19861
19847,19863
19847,58436
19847,25544
19848,19854
19848,19861
19848,19863
19848,19865
19848,76101
19848,48474
19849,19854
19849,19861
19849,19863
19849,19865
19849,19866
19854,19861
19854,19863
19854,19865
19854,19866
19854,19869
19861,19863
19861,19865
19861,19866
19861,19869
19861,19877
19861,94692
19863,19865
19863,19866
19863,19869
19863,19877
19863,19883
19863,82463
19865,19866
19865,19869
19865,19877
19865,19883
19865,19886
19865,93472
19866,19869
19866,19877
19866,19883
19866,19886
19866,19903
19869,19877
19869,19883
19869,19886
19869,19903
19869,19906
19877,19883
19877,19886
19877,19903
19877,19906
19877,19919
19883,19903
19883,19906
19883,19919
19883,19928
19883,89851
19886,19906
19886,19919
19886,19928
19886,19935
19903,19906
19903,19919
19903,19928
19903,19935
19903,19937
19903,79626
19906,19919
19906,19928
19906,19935
19906,19937
19906,19940
19919,19928
19919,19935
19919,19937
19919,19940
19919,19943
19919,58950
19928,19935
19928,19937
19928,19940
19928,19943
19928,19944
19935,19937
19935,19940
19935,19943
19935,19946
19935,79475
19937,19940
19937,19943
19937,19944
19937,19946
19937,19947
19940,19943
19940,19944
19940,19947
19940,44694
19943,19944
19943,19946
19943,19947
19943,19956
19943,19959
19944,19946
19944,19947
19944,19956
19944,19959
19944,19962
19946,19947
19946,19956
19946,19959
19946,19962
19946,19964
19947,19956
19947,19959
19947,19962
19947,19964
19947,19969
19947,36940
19956,19959
19956,19962
19956,19964
19956,19969
19956,19973
19959,19962
19959,19964
19959,19969
19959,19973
19959,19981
19962,19964
19962,19969
19962,19973
19962,19988
19962,27566
19962,56367
19964,19969
19964,19973
19964,19981
19964,19988
19964,19992
19969,19973
19969,19981
19969,19988
19969,19992
19969,74295
19973,19981
19973,19988
19973,19992
19973,20003
19973,20004
19973,37532
19981,19988
19981,19992
19981,20003
19981,20004
19981,20007
19988,19992
19988,20003
19988,20004
19988,20007
19988,20010
19992,20003
19992,20004
19992,20007
19992,20010
19992,20011
20003,20004
20003,20007
20003,20011
20003,20015
20003,32198
20003,50022
20004,20010
20004,20011
20004,20015
20004,20016
20007,20010
20007,20011
20007,20015
20007,20016
20007,20022
20010,20011
20010,20015
20010,20016
20010,20022
20010,20027
20010,69026
20011,20015
20011,20022
20011,20027
20011,20030
20011,50811
20011,71226
20011,95522
20015,20022
20015,20027
20015,20030
20015,20032
20015,38156
20016,20022
20016,20027
20016,20030
20016,20032
20016,20036
20022,20027
20022,20030
20022,20032
20022,20036
20022,20042
20022,37359
20027,20030
20027,20032
20027,20042
20027,20051
20027,37567
20027,48137
20030,20032
20030,20036
20030,20042
20030,22873
20030,27427
20032,20036
20032,20042
20032,20051
20032,94703
20036,20051
20036,20059
20036,20065
20036,20078
20036,95847
20042,20051
20042,20059
20042,20065
20042,20078
20042,20079
20042,26016
20051,20059
20051,20065
20051,20078
20051,20079
20051,20080
20051,94674
20059,20065
20059,20078
20059,20079
20059,20080
20059,20082
20065,20078
20065,20080
20065,20088
20078,20079
20078,20080
20078,20088
20078,20090
20078,97456
20079,20080
20079,20090
20079,20102
20079,42850
20079,42085
20079,73082
20079,45831
20080,20082
20080,20088
20080,20090
20080,20102
20080,44453
20082,20088
20082,20090
20082,20102
20082,20103
20082,20104
20088,20090
20088,20102
20088,20103
20088,20104
20088,20109
20090,20102
20090,20103
20090,20104
20090,20109
20090,20124
20102,20103
20102,20104
20102,20109
20102,20124
20102,20127
20102,59202
20103,20104
20103,20109
20103,20127
20103,20128
20103,22905
20104,20109
20104,20124
20104,20127
20104,20128
20104,20131
20104,30801
20109,20124
20109,20127
20109,20128
20109,20131
20109,20136
20124,20128
20124,20131
20124,20136
20124,20140
20124,43067
20127,20128
20127,20131
20127,20136
20127,20140
20127,20144
20128,20131
20128,20136
20128,20140
20128,20144
20128,20145
20131,20136
20131,20140
20131,20144
20131,20145
20131,20146
20136,20140
20136,20144
20136,20145
20136,20146
20136,20148
20140,20144
20140,20146
20140,20148
20140,59359
20140,82412
20144,20145
20144,20146
20144,20148
20144,20157
20144,44653
20145,20146
20145,20148
20145,20157
20145,20163
20145,91874
20146,20148
20146,20157
20146,20163
20146,20167
20146,20168
20148,20163
20148,20167
20148,20168
20148,20171
20148,78796
20157,20163
20157,20167
20157,20168
20157,20171
20157,20185
20163,20167
20163,20168
20163,20171
20163,20185
20163,20192
20167,20168
20167,20171
20167,20185
20167,20194
20167,71888
20168,20171
20168,20185
20168,20192
20168,20194
20168,20196
20171,20185
20171,20192
20171,20194
20171,20196
20171,20200
20185,20192
20185,20194
20185,20196
20185,20200
20185,20202
20192,20194
20192,20200
20192,20202
20192,20203
20192,31280
20194,20196
20194,20200
20194,20202
20194,20205
20194,92044
20196,20200
20196,20202
20196,20203
20196,20205
20196,20206
20196,39552
20196,44067
20200,20202
20200,20205
20200,20206
20200,20215
20200,80466
20202,20203
20202,20205
20202,20206
20202,20215
20202,20219
20203,20205
20203,20206
20203,20215
20203,20219
20203,20223
20205,20206
20205,20215
20205,20223
20205,20235
20205,27818
20206,20215
20206,20219
20206,20235
20206,20240
20206,84478
20215,20219
20215,20223
20215,20235
20215,20240
20215,20242
20219,20223
20219,20235
20219,20240
20219,20242
20219,20244
20219,78990
20223,20235
20223,20240
20223,20242
20223,20244
20223,20246
20223,26266
20235,20240
20235,20242
20235,20244
20235,20246
20235,20248
20240,20242
20240,20246
20240,20248
20240,79796
20242,20244
20242,20248
20242,20257
20242,20262
20242,86400
20242,50692
20244,20246
20244,20257
20244,20265
20244,33847
20244,49722
20244,69465
20246,20248
20246,20257
20246,20262
20246,20265
20246,65457
20248,20262
20248,20266
20248,20268
20248,47550
20257,20262
20257,20265
20257,20266
20257,20268
20257,20270
20262,20268
20262,20270
20262,20271
20262,41173
20262,97910
20265,20266
20265,20268
20265,20270
20265,20272
20265,44413
20266,20268
20266,20270
20266,20271
20266,20272
20266,20273
20268,20270
20268,20271
20268,20272
20268,20273
20268,20283
20268,89220
20270,20271
20270,20272
20270,20273
20270,20283
20270,20296
20270,51129
20271,20272
20271,20273
20271,20283
20271,20296
20271,20308
20271,61811
20272,20273
20272,20283
20272,20296
20272,20308
20272,20309
20273,20296
20273,20308
20273,20309
20273,20313
20283,20296
20283,20308
20283,20309
20283,20313
20283,20316
20283,90497
20296,20308
20296,20309
20296,20313
20296,20316
20296,20317
20296,26002
20308,20309
20308,20313
20308,20316
20308,20322
20308,71043
20309,20313
20309,20316
20309,20317
20309,20322
20309,20329
20313,20316
20313,20317
20313,20322
20313,20329
20313,20337
20316,20317
20316,20329
20316,20337
20316,20340
20316,70832
20316,92785
20317,20322
20317,20329
20317,20337
20317,20340
20317,20347
20322,20329
20322,20337
20322,20340
20322,20347
20322,20363
20329,20337
20329,20340
20329,20347
20329,20363
20329,20366
20337,20340
20337,20347
20337,20366
20337,20374
20337,24798
20340,20347
20340,20363
20340,20374
20340,20377
20347,20366
20347,20377
20347,20395
20347,52728
20347,30925
20363,20366
20363,20374
20363,20377
20363,20398
20363,74343
20366,20377
20366,20395
20366,20398
20366,20400
20366,30164
20374,20377
20374,20395
20374,20398
20374,20400
20374,20403
20377,20395
20377,20398
20377,20400
20377,20403
20377,80259
20377,71151
20377,96118
20395,20398
20395,20400
20395,20403
20395,20405
20395,20406
20395,71150
20398,20400
20398,20403
20398,20405
20398,20406
20398,20409
20400,20403
20400,20405
20400,20406
20400,20409
20400,20410
20403,20405
20403,20406
20403,20409
20403,20410
20403,20420
20405,20406
20405,20409
20405,20410
20405,20420
20405,20422
20406,20409
20406,20410
20406,20422
20406,20427
20406,63677
20409,20410
20409,20420
20409,20422
20409,20427
20409,20430
20410,20422
20410,20427
20410,20431
20410,23860
20420,20422
20420,20427
20420,20431
20420,20432
20420,47013
20420,34327
20422,20427
20422,20430
20422,20431
20422,20432
20422,20433
20427,20430
20427,20432
20427,20433
20427,20435
20427,28790
20430,20431
20430,20432
20430,20433
20430,20435
20430,62141
20430,96503
20431,20432
20431,20433
20431,20435
20431,20436
20431,20440
20432,20433
20432,20435
20432,20436
20432,20440
20432,20441
20432,59867
20433,20435
20433,20436
20433,20440
20433,20441
20433,20443
20433,56521
20435,20436
20435,20440
20435,20441
20435,20443
20435,49790
20436,20440
20436,20441
20436,20443
20436,20444
20436,20449
20436,55900
20436,76348
20440,20441
20440,20443
20440,20444
20440,20449
20440,20453
20441,20443
20441,20444
20441,20449
20441,20453
20441,20455
20441,60644
20443,20444
20443,20449
20443,20453
20443,20455
20443,29768
20444,20453
20444,20455
20444,20459
20444,20464
20449,20453
20449,20455
20449,20459
20449,20464
20449,20466
20449,95162
20453,20455
20453,20459
20453,20464
20453,20466
20453,20468
20455,20459
20455,20464
20455,20466
20455,20468
20455,20472
20455,48575
20459,20464
20459,20466
20459,20468
20459,20472
20464,20466
20464,20468
20464,20472
20464,20481
20464,79783
20464,22135
20466,20468
20466,20472
20466,20481
20466,20486
20466,20499
20468,20472
20468,20481
20468,20486
20468,20499
20468,20501
20472,20481
20472,20486
20472,20499
20472,20501
20472,20505
20481,20486
20481,20499
20481,20505
20481,20517
20481,52544
20486,20499
20486,20505
20486,20517
20486,20519
20486,61785
20486,78487
20499,20501
20499,20517
20499,20519
20499,20526
20499,25533
20501,20505
20501,20517
20501,20519
20501,20526
20501,20532
20505,20517
20505,20526
20505,20534
20505,25843
20505,84259
20517,20519
20517,20526
20517,20532
20517,20534
20517,20538
20519,20526
20519,20532
20519,20534
20519,20538
20519,20542
20519,53720
20526,20532
20526,20534
20526,20538
20526,20542
20526,20546
20532,20538
20532,20542
20532,20546
20532,20554
20532,40065
20532,28701
20532,60117
20532,68752
20534,20538
20534,20542
20534,20546
20534,20554
20534,20559
20534,88416
20538,20542
20538,20546
20538,20554
20538,20559
20538,86779
20538,81059
20538,24508
20542,20546
20542,20554
20542,20559
20542,20567
20542,20568
20542,88454
20546,20554
20546,20559
20546,20567
20546,20568
20546,20573
20554,20559
20554,20567
20554,20568
20554,20573
20554,98342
20559,20567
20559,20568
20559,20573
20559,20575
20559,20576
20567,20568
20567,20573
20567,20575
20567,20576
20567,20580
20568,20573
20568,20575
20568,20576
20568,20584
20568,47038
20568,23037
20573,20575
20573,20580
20573,20587
20573,87589
20573,93454
20575,20576
20575,20580
20575,20584
20575,20600
20575,96279
20575,36618
20575,70825
20576,20580
20576,20584
20576,20587
20576,20600
20576,20611
20576,74028
20580,20584
20580,20587
20580,20600
20580,20611
20580,20613
20584,20587
20584,20600
20584,20611
20584,20613
20584,20618
20587,20600
20587,20611
20587,20618
20587,20624
20587,63370
20600,20611
20600,20613
20600,20618
20600,20630
20600,92053
20611,20613
20611,20618
20611,20624
20611,20631
20611,90670
20611,56558
20613,20618
20613,20624
20613,20630
20613,20631
20613,20636
20618,20624
20618,20630
20618,20631
20618,20636
20618,20637
20618,95851
20624,20630
20624,20631
20624,20637
20624,35492
20624,58807
20630,20631
20630,20636
20630,20644
20630,61857
20630,56220
20631,20636
20631,20637
20631,20644
20631,20647
20636,20637
20636,20644
20636,20647
20636,20655
20636,20657
20637,20644
20637,20647
20637,20655
20637,20657
20637,20658
20637,22543
20644,20647
20644,20655
20644,20657
20644,20658
20644,20664
20644,94209
20647,20655
20647,20657
20647,20664
20647,20669
20647,88549
20655,20657
20655,20658
20655,20669
20655,20670
20655,56042
20657,20664
20657,20669
20657,20670
20657,20678
20657,56628
20658,20664
20658,20669
20658,20670
20658,20678
20658,60719
20658,41698
20664,20669
20664,20670
20664,20678
20664,20692
20664,62598
20669,20670
20669,20678
20669,20686
20669,20692
20669,20697
20669,99780
20670,20686
20670,20692
20670,20697
20670,20699
20670,26650
20678,20692
20678,20697
20678,20699
20678,20703
20678,98817
20678,33390
20686,20692
20686,20697
20686,20699
20686,20703
20686,20713
20686,91651
20692,20697
20692,20699
20692,20703
20692,20713
20692,20717
20697,20699
20697,20713
20697,20717
20697,20721
20699,20703
20699,20713
20699,20717
20699,20721
20699,20734
20703,20713
20703,20717
20703,20721
20703,20734
20703,20735
20713,20717
20713,20721
20713,20734
20713,20735
20713,20738
20717,20721
20717,20735
20717,20741
20717,30559
20717,41557
20721,20734
20721,20735
20721,20738
20721,20741
20721,20746
20721,61398
20734,20735
20734,20738
20734,20741
20734,20746
20734,20748
20735,20738
20735,20741
20735,20748
20735,20754
20735,65951
20738,20741
20738,20746
20738,20748
20738,20754
20738,20762
20741,20746
20741,20754
20741,20762
20741,20765
20741,45397
20746,20748
20746,20754
20746,20762
20746,20766
20746,52135
20748,20754
20748,20765
20748,20766
20748,20768
20748,46859
20748,99930
20754,20762
20754,20765
20754,20766
20754,20768
20754,20779
20754,33551
20762,20765
20762,20768
20762,20779
20762,20783
20762,76720
20765,20766
20765,20779
20765,20783
20765,68369
20766,20768
20766,20779
20766,20783
20766,20789
20766,20795
20766,66260
20768,20779
20768,20783
20768,20789
20768,20795
20768,20798
20779,20783
20779,20789
20779,20795
20779,20798
20779,20800
20783,20789
20783,20795
20783,20798
20783,20800
20783,20801
20789,20795
20789,20798
20789,20801
20789,20802
20795,20798
20795,20800
20795,20801
20795,20802
20795,20816
20795,87588
20798,20800
20798,20801
20798,20802
20798,20816
20798,20823
20798,99243
20800,20801
20800,20802
20800,20816
20800,20823
20800,20830
20800,31356
20801,20802
20801,20816
20801,20823
20801,20830
20801,20831
20802,20823
20802,20830
20802,20831
20802,53348
20802,64588
20816,20823
20816,20830
20816,20833
20816,20837
20816,33089
20823,20830
20823,20833
20823,20837
20823,64851
20823,42198
20830,20831
20830,20833
20830,20837
20830,20839
20830,20840
20830,35383
20831,20833
20831,20837
20831,20839
20831,20842
20833,20837
20833,20839
20833,20840
20833,20842
20833,20844
20837,20839
20837,20840
20837,20842
20837,20844
20837,20845
20837,85702
20839,20840
20839,20842
20839,20844
20839,20845
20839,20850
20839,91823
20840,20842
20840,20844
20840,20845
20840,20852
20840,42889
20842,20844
20842,20845
20842,20850
20842,20852
20842,20853
20844,20845
20844,20850
20844,20852
20844,20853
20844,20854
20845,20850
20845,20852
20845,20853
20845,20854
20845,20856
20850,20852
20850,20853
20850,20856
20850,20880
20852,20853
20852,20854
20852,20856
20852,20880
20852,20883
20852,70829
20852,81942
20853,20854
20853,20856
20853,20880
20853,20883
20853,20886
20853,34635
20854,20856
20854,20880
20854,20883
20854,20886
20854,20888
20856,20880
20856,20883
20856,20886
20856,20888
20856,20889
20880,20883
20880,20886
20880,20888
20880,20889
20880,20891
20883,20886
20883,20888
20883,20889
20883,20891
20883,20894
20886,20888
20886,20891
20886,20894
20886,85317
20888,20889
20888,20891
20888,20894
20888,20896
20888,20902
20888,68521
20889,20894
20889,20902
20889,20905
20889,22728
20889,83874
20891,20894
20891,20896
20891,20902
20891,20905
20891,20916
20894,20902
20894,20905
20894,20916
20894,20917
20894,62463
20896,20902
20896,20905
20896,20916
20896,20918
20896,54562
20896,88066
20902,20905
20902,20916
20902,20917
20902,20918
20902,61573
20905,20916
20905,20917
20905,20918
20905,20921
20905,20924
20916,20917
20916,20918
20916,20921
20916,20924
20916,20930
20917,20918
20917,20921
20917,20924
20917,20930
20917,20931
20918,20921
20918,20924
20918,20930
20918,20931
20918,20940
20921,20924
20921,20931
20921,20940
20921,20942
20921,92934
20924,20930
20924,20931
20924,20940
20924,20942
20924,20950
20924,90387
20930,20931
20930,20940
20930,20942
20930,20958
20930,66495
20931,20940
20931,20942
20931,20950
20931,20958
20931,20959
20940,20942
20940,20950
20940,20958
20940,20959
20940,20966
20942,20950
20942,20958
20942,20959
20942,20966
20942,20967
20950,20958
20950,20959
20950,20966
20950,20967
20950,20968
20958,20959
20958,20967
20958,20968
20958,20973
20959,20966
20959,20967
20959,20968
20959,20973
20959,20974
20959,77553
20966,20967
20966,20968
20966,20973
20966,20974
20966,20975
20966,27344
20966,57622
20967,20968
20967,20974
20967,20975
20967,20981
20967,61756
20967,74714
20968,20973
20968,20974
20968,20975
20968,20981
20968,20982
20973,20974
20973,20975
20973,20984
20973,38036
20973,35699
20974,20975
20974,20981
20974,20982
20974,20984
20974,36724
20974,68512
20974,93434
20975,20981
20975,20982
20975,20984
20975,20988
20975,20989
20981,20982
20981,20984
20981,20988
20981,20989
20981,20993
20982,20984
20982,20989
20982,20993
20982,22596
20984,20989
20984,20993
20984,21008
20984,21010
20984,92601
20988,20989
20988,21010
20988,21017
20988,47722
20989,20993
20989,21008
20989,21010
20989,21017
20989,21020
20993,21008
20993,21010
20993,21017
20993,21023
21008,21010
21008,21017
21008,21023
21008,21025
21008,88496
21010,21017
21010,21020
21010,21023
21010,21025
21010,21026
21017,21020
21017,21025
21017,21026
21017,21029
21017,45572
21020,21023
21020,21025
21020,21026
21020,21029
21020,21038
21023,21025
21023,21026
21023,21029
21023,21038
21023,21040
21025,21026
21025,21029
21025,21038
21025,21040
21025,21044
21026,21029
21026,21038
21026,21040
21026,21044
21026,21051
21029,21040
21029,21044
21029,21051
21029,21064
21029,46378
21029,31708
21038,21040
21038,21044
21038,21051
21038,21064
21038,21065
21040,21044
21040,21051
21040,21064
21040,21065
21040,21067
21044,21051
21044,21064
21044,21065
21044,21067
21044,21070
21044,41173
21051,21064
21051,21065
21051,21067
21051,21075
21051,33351
21064,21067
21064,21070
21064,21075
21064,21083
21064,31525
21064,29846
21065,21067
21065,21070
21065,21075
21065,21085
21065,25092
21067,21070
21067,21075
21067,21083
21067,21085
21067,21086
21070,21075
21070,21083
21070,21085
21070,21086
21070,21091
21075,21083
21075,21085
21075,21086
21075,21091
21075,21093
21083,21085
21083,21086
21083,21091
21083,21093
21083,94371
21085,21086
21085,21091
21085,21093
21085,21095
21085,21099
21085,95190
21086,21091
21086,21093
21086,21095
21086,21099
21086,30941
21091,21095
21091,21099
21091,21103
21091,21112
21091,55380
21093,21099
21093,21103
21093,21112
21093,21115
21093,83975
21093,40632
21095,21099
21095,21103
21095,21112
21095,21117
21095,91745
21099,21103
21099,21112
21099,21117
21099,21118
21103,21115
21103,21117
21103,21118
21103,21119
21103,45498
21103,89859
21112,21115
21112,21117
21112,21118
21112,21119
21112,21124
21115,21117
21115,21118
21115,21119
21115,21124
21115,21133
21117,21118
21117,21119
21117,21124
21117,21133
21117,21139
21118,21119
21118,21124
21118,21133
21118,21144
21118,49351
21119,21124
21119,21133
21119,21139
21119,21144
21119,21148
21124,21133
21124,21139
21124,21144
21124,21148
21124,63574
21133,21139
21133,21148
21133,21150
21133,21154
21133,67985
21139,21144
21139,21148
21139,21150
21139,21154
21139,21157
21144,21148
21144,21150
21144,21154
21144,21157
21144,21164
21148,21150
21148,21154
21148,21157
21148,21164
21148,21165
21150,21154
21150,21157
21150,21164
21150,21165
21150,21167
21150,74893
21154,21157
21154,21164
21154,21165
21154,21167
21154,21168
21157,21164
21157,21165
21157,21167
21157,21168
21157,21176
21164,21165
21164,21167
21164,21168
21164,21176
21164,21183
21164,60876
21165,21167
21165,21168
21165,21176
21165,21183
21165,24678
21167,21168
21167,21183
21167,21185
21167,21188
21167,66423
21168,21176
21168,21183
21168,21185
21168,21188
21168,53318
21168,91589
21168,45757
21176,21183
21176,21185
21176,21188
21176,21193
21176,21197
21183,21185
21183,21188
21183,21193
21183,21197
21183,21199
21185,21188
21185,21197
21185,21199
21185,21202
21185,95308
21188,21193
21188,21197
21188,21199
21188,21202
21188,21204
21193,21199
21193,21202
21193,21204
21193,21207
21193,89371
21197,21199
21197,21202
21197,21204
21197,21207
21197,21210
21199,21202
21199,21204
21199,21210
21199,21220
21199,66601
21202,21204
21202,21207
21202,21210
21202,21220
21202,21222
21204,21207
21204,21210
21204,21220
21204,21222
21204,73819
21207,21210
21207,21220
21207,21222
21207,21226
21207,45232
21207,62411
21210,21220
21210,21222
21210,21226
21210,21232
21210,21236
21220,21222
21220,21226
21220,21232
21220,21236
21220,21246
21220,46157
21220,78420
21220,46722
21222,21226
21222,21232
21222,21236
21222,21246
21222,21247
21222,76204
21226,21236
21226,21247
21226,21248
21226,49745
21232,21236
21232,21246
21232,21247
21232,21248
21232,36231
21236,21246
21236,21248
21236,21260
21236,21261
21236,91251
21236,71836
21236,54890
21246,21247
21246,21248
21246,21260
21246,21261
21246,21263
21246,52502
21247,21248
21247,21260
21247,21261
21247,21275
21247,62672
21248,21260
21248,21261
21248,21263
21248,21286
21248,98518
21260,21261
21260,21263
21260,21275
21260,21286
21260,21287
21261,21263
21261,21275
21261,21286
21261,21287
21261,21291
21263,21275
21263,21286
21263,21287
21263,21291
21263,21292
21275,21286
21275,21287
21275,21291
21275,21292
21275,21296
21286,21287
21286,21291
21286,21292
21286,21299
21286,88358
21287,21291
21287,21292
21287,21296
21287,21299
21287,21300
21287,66857
21291,21292
21291,21296
21291,21299
21291,21300
21291,21302
21291,82865
21292,21296
21292,21299
21292,21300
21292,21302
21292,21303
21292,77670
21296,21299
21296,21300
21296,21302
21296,21303
21296,21304
21299,21300
21299,21302
21299,21303
21299,21304
21299,21305
21300,21302
21300,21303
21300,21304
21300,21305
21300,21309
21302,21303
21302,21304
21302,21305
21302,21309
21302,21313
21303,21318
21303,25487
21303,50878
21303,22201
21304,21305
21304,21309
21304,21318
21304,21319
21304,88392
21305,21309
21305,21313
21305,21318
21305,21319
21305,21320
21309,21313
21309,21318
21309,21319
21309,21320
21309,21321
21309,41653
21313,21318
21313,21320
21313,21321
21313,21325
21313,98754
21313,42941
21318,21319
21318,21320
21318,21321
21318,21325
21318,21326
21319,21320
21319,21321
21319,21325
21319,21326
21319,21333
21319,29414
21320,21321
21320,21325
21320,21326
21320,21341
21320,56673
21321,21325
21321,21326
21321,21333
21321,21341
21321,21349
21325,21326
21325,21333
21325,21341
21325,21349
21325,73680
21326,21333
21326,21341
21326,21349
21326,21355
21326,21356
21333,21341
21333,21355
21333,21358
21333,93348
21333,48568
21333,45518
21333,67881
21341,21349
21341,21355
21341,21356
21341,21358
21341,21365
21341,27246
21349,21355
21349,21356
21349,21358
21349,21365
21349,21368
21349,94922
21355,21356
21355,21358
21355,21365
21355,21368
21355,73919
21356,21358
21356,21365
21356,21368
21356,21372
21356,21379
21358,21365
21358,21368
21358,21372
21358,21379
21358,21381
21358,29996
21365,21368
21365,21372
21365,21379
21365,21381
21365,62144
21365,26624
21368,21372
21368,21379
21368,21381
21368,21387
21368,21417
21372,21379
21372,21381
21372,21387
21372,21417
21372,21424
21372,59485
21379,21381
21379,21387
21379,21417
21379,21424
21379,97490
21381,21387
21381,21417
21381,21424
21381,21431
21381,21437
21387,21417
21387,21431
21387,21438
21387,39194
21387,26267
21417,21424
21417,21431
21417,21437
21417,21438
21417,21440
21417,72199
21424,21431
21424,21438
21424,21440
21424,21443
21424,52570
21424,32706
21431,21437
21431,21438
21431,21440
21431,21443
21431,21446
21437,21438
21437,21440
21437,21443
21437,21446
21437,21448
21438,21440
21438,21443
21438,21446
21438,21448
21438,21451
21440,21443
21440,21448
21440,21451
21440,21457
21440,42608
21440,38450
21443,21448
21443,21451
21443,21457
21443,21463
21443,89773
21446,21448
21446,21451
21446,21457
21446,21463
21446,21468
21448,21451
21448,21457
21448,21463
21448,21468
21448,21470
21451,21457
21451,21463
21451,21470
21451,21472
21451,79373
21451,78595
21457,21463
21457,21468
21457,21470
21457,21472
21457,21488
21457,30975
21463,21470
21463,21472
21463,21488
21463,21491
21463,61521
21463,27582
21468,21470
21468,21472
21468,21488
21468,68415
21468,60188
21470,21472
21470,21488
21470,21491
21470,21494
21470,21496
21470,86450
21470,76492
21472,21488
21472,21491
21472,64848
21472,35775
21488,21494
21488,21496
21488,21501
21488,21505
21488,73862
21488,45921
21488,48667
21491,21494
21491,21496
21491,21501
21491,21505
21491,21511
21491,64058
21494,21496
21494,21501
21494,21505
21494,21511
21494,21522
21496,21505
21496,21511
21496,21522
21496,21524
21496,87264
21501,21511
21501,21522
21501,21524
21501,21526
21501,33136
21505,21522
21505,21524
21505,21526
21505,21528
21511,21522
21511,21524
21511,21526
21511,21528
21511,21529
21522,21524
21522,21526
21522,21528
21522,21529
21522,21533
21524,21526
21524,21528
21524,21529
21524,21533
21524,21536
21526,21528
21526,21529
21526,21533
21526,21536
21526,21539
21528,21529
21528,21536
21528,21539
21528,21548
21528,38192
21529,21533
21529,21536
21529,21539
21529,21548
21529,21553
21533,21536
21533,21539
21533,21548
21533,21553
21533,21555
21536,21539
21536,21548
21536,21553
21536,21555
21536,21556
21539,21548
21539,21553
21539,21555
21539,21556
21539,21558
21548,21555
21548,21556
21548,21558
21548,21560
21548,66338
21553,21555
21553,21556
21553,21558
21553,21560
21553,21562
21555,21558
21555,21560
21555,21562
21555,21566
21556,21558
21556,21560
21556,21562
21556,21567
21556,56516
21558,21560
21558,21562
21558,21566
21558,21573
21560,21562
21560,21566
21560,21567
21560,21573
21560,21587
21562,21566
21562,21567
21562,21573
21562,21587
21562,21591
21566,21567
21566,21573
21566,21587
21566,21591
21566,21599
21567,21573
21567,21587
21567,21591
21567,21599
21567,21600
21573,21587
21573,21591
21573,21599
21573,21600
21573,21605
21587,21591
21587,21599
21587,21600
21587,96139
21591,21599
21591,21600
21591,21605
21591,21608
21591,21609
21591,91757
21599,21600
21599,21605
21599,21608
21599,21609
21599,21616
21600,21605
21600,21608
21600,21609
21600,21616
21600,21619
21605,21609
21605,21616
21605,21619
21605,21629
21605,82662
21608,21609
21608,21616
21608,21619
21608,21629
21608,21631
21609,21619
21609,21629
21609,21631
21609,21635
21609,27632
21609,43698
21616,21619
21616,21629
21616,21631
21616,21635
21616,21643
21616,93597
21619,21629
21619,21631
21619,21635
21619,21643
21619,21650
21619,51551
21629,21631
21629,21635
21629,21643
21629,21650
21629,21651
21631,21635
21631,21643
21631,21650
21631,21651
21631,21664
21635,21643
21635,21650
21635,21651
21635,21664
21635,21665
21643,21650
21643,21651
21643,21664
21643,21665
21643,21669
21650,21651
21650,21664
21650,21665
21650,21669
21650,21677
21651,21664
21651,21669
21651,21677
21651,21683
21651,49353
21651,83573
21664,21665
21664,21669
21664,21677
21664,21683
21664,21692
21665,21669
21665,21677
21665,21683
21665,21692
21665,21696
21669,21677
21669,21683
21669,21696
21669,21697
21669,82560
21677,21683
21677,21692
21677,21696
21677,21702
21677,43362
21677,47171
21683,21692
21683,21696
21683,21702
21683,21705
21683,80969
21692,21696
21692,21697
21692,21702
21692,21705
21692,21706
21696,21697
21696,21705
21696,21706
21696,21707
21697,21702
21697,21705
21697,21706
21697,21707
21697,21710
21697,98869
21702,21705
21702,21706
21702,21707
21702,21710
21702,21717
21705,21706
21705,21707
21705,21710
21705,21717
21705,77428
21706,21707
21706,21710
21706,21721
21706,21723
21706,40844
21706,46140
21707,21710
21707,21717
21707,21721
21707,21738
21707,84287
21710,21717
21710,21721
21710,21723
21710,21738
21710,21741
21717,21721
21717,21723
21717,21741
21717,21742
21721,21738
21721,21741
21721,71917
21721,47846
21723,21738
21723,21741
21723,21742
21723,21743
21723,21749
21723,67086
21738,21741
21738,21742
21738,21743
21738,51889
21741,21742
21741,21749
21741,21751
21741,66061
21741,84119
21741,89713
21742,21743
21742,21749
21742,21753
21742,98424
21742,71404
21743,21749
21743,21751
21743,21753
21743,21755
21743,21756
21743,31450
21743,48688
21749,21751
21749,21753
21749,21755
21749,21756
21749,77616
21751,21753
21751,21755
21751,21756
21751,21761
21751,70030
21753,21755
21753,21756
21753,21757
21753,21761
21753,21762
21755,21756
21755,21761
21755,21762
21755,21767
21755,67995
21755,82390
21756,21757
21756,21761
21756,21762
21756,21767
21756,66255
21757,21761
21757,21762
21757,21767
21757,21770
21757,21771
21761,21762
21761,21767
21761,21770
21761,21771
21761,21778
21762,21770
21762,21771
21762,21778
21762,21780
21762,46726
21762,46434
21767,21770
21767,21771
21767,21778
21767,21780
21767,21782
21767,89203
21770,21771
21770,21778
21770,21780
21770,21782
21770,21790
21771,21780
21771,21782
21771,21790
21771,21793
21771,94348
21778,21782
21778,21790
21778,21793
21778,21794
21780,21790
21780,21793
21780,21800
21780,62701
21780,25608
21782,21790
21782,21793
21782,21794
21782,21800
21782,21805
21790,21793
21790,21794
21790,21800
21790,21805
21790,21810
21793,21794
21793,21800
21793,21805
21793,21810
21793,21820
21793,83954
21794,21800
21794,21805
21794,21810
21794,21820
21794,21832
21800,21805
21800,21810
21800,21820
21800,21832
21800,21834
21805,21810
21805,21820
21805,21832
21805,21834
21805,21841
21810,21820
21810,21832
21810,21834
21810,21841
21810,21844
21820,21832
21820,21834
21820,21841
21820,21844
21820,21854
21832,21834
21832,21841
21832,21844
21832,21854
21832,21856
21834,21841
21834,21844
21834,21856
21834,21859
21834,73303
21841,21844
21841,21854
21841,21856
21841,21859
21841,21861
21841,37054
21844,21854
21844,21856
21844,21859
21844,21861
21844,21874
21854,21856
21854,21859
21854,21861
21854,21874
21854,21875
21856,21859
21856,21861
21856,21874
21856,21878
21856,91386
21856,87805
21859,21861
21859,21874
21859,21878
21859,21881
21859,28248
21861,21874
21861,21875
21861,21878
21861,21881
21861,21883
21874,21875
21874,21878
21874,21884
21874,70353
21875,21878
21875,21881
21875,21883
21875,21884
21875,21885
21875,86855
21878,21881
21878,21883
21878,21884
21878,21887
21878,73562
21878,70975
21878,71982
21878,51733
21881,21883
21881,21884
21881,21885
21881,21887
21881,21890
21883,21884
21883,21885
21883,21887
21883,21890
21883,21891
21884,21885
21884,21887
21884,21890
21884,21891
21884,21893
21884,44323
21885,21887
21885,21890
21885,21891
21885,21893
21885,51143
21887,21891
21887,21893
21887,21895
21887,21898
21887,30674
21887,36522
21890,21891
21890,21893
21890,21895
21890,21903
21890,32183
21891,21893
21891,21898
21891,21903
21891,21905
21891,79650
21893,21895
21893,21898
21893,21903
21893,21905
21893,21906
21895,21898
21895,21903
21895,21905
21895,21906
21895,21907
21895,31830
21895,38953
21898,21903
21898,21905
21898,21906
21898,21907
21898,90108
21903,21905
21903,21906
21903,21907
21903,21908
21903,21910
21905,21906
21905,21907
21905,21908
21905,21910
21905,21911
21906,21907
21906,21908
21906,21910
21906,21911
21906,21912
21907,21908
21907,21910
21907,21911
21907,21912
21907,21919
21908,21910
21908,21911
21908,21912
21908,21919
21908,21923
21910,21911
21910,21912
21910,21919
21910,21923
21910,21925
21911,21912
21911,21919
21911,21923
21911,21931
21912,21919
21912,21923
21912,21925
21912,21931
21912,21938
21919,21923
21919,21925
21919,21931
21919,21938
21919,21939
21919,70554
21923,21925
21923,21931
21923,21938
21923,21939
21923,21942
21925,21931
21925,21938
21925,21939
21925,21942
21925,21944
21925,94573
21925,99144
21931,21939
21931,21942
21931,22438
21931,41421
21938,21942
21938,21944
21938,21949
21938,21950
21938,31713
21939,21942
21939,21949
21939,21950
21939,21951
21939,61527
21939,68711
21942,21944
21942,21949
21942,21951
21942,21952
21942,34944
21944,21949
21944,21950
21944,21951
21944,21952
21944,21953
21944,46950
21944,90269
21949,21950
21949,21951
21949,21952
21949,21953
21949,21956
21949,72336
21950,21951
21950,21952
21950,21953
21950,21956
21950,21960
21951,21952
21951,21953
21951,21956
21951,21960
21951,21965
21952,21953
21952,21956
21952,21960
21952,21965
21952,21968
21953,21956
21953,21960
21953,21965
21953,21968
21953,21980
21953,89408
21956,21960
21956,21965
21956,21968
21956,21980
21956,21983
21960,21965
21960,21968
21960,21980
21960,21983
21960,21984
21965,21980
21965,21983
21965,21984
21965,21986
21968,21980
21968,21983
21968,21984
21968,21986
21968,21990
21980,21983
21980,21984
21980,21990
21980,21991
21980,51700
21980,45622
21983,21984
21983,21986
21983,21990
21983,21991
21983,22003
21984,21986
21984,21990
21984,21991
21984,22003
21984,22011
21984,74865
21984,26808
21986,21990
21986,21991
21986,22003
21986,22032
21986,74811
21990,21991
21990,22003
21990,22011
21990,22032
21990,22033
21991,22003
21991,22011
21991,22032
21991,22033
21991,22035
22003,22011
22003,22032
22003,22033
22003,22035
22003,22036
22011,22032
22011,22033
22011,22035
22011,22036
22011,50264
22032,22033
22032,22035
22032,22041
22032,22048
22032,51184
22033,22035
22033,22036
22033,22041
22033,22048
22033,22049
22035,22036
22035,22048
22035,22049
22035,92872
22035,28549
22035,86480
22035,77551
22035,54776
22036,22041
22036,22048
22036,22049
22036,22054
22036,22056
22041,22048
22041,22049
22041,22054
22041,22056
22041,22057
22041,86887
22048,22049
22048,22056
22048,22057
22048,22073
22049,22054
22049,22056
22049,22057
22049,22073
22049,22079
22054,22056
22054,22057
22054,22073
22054,22079
22054,22084
22054,93666
22056,22057
22056,22079
22056,22084
22056,22085
22056,86154
22057,22073
22057,22079
22057,22084
22057,22085
22057,22091
22057,51653
22073,22079
22073,22084
22073,22085
22073,22091
22073,22092
22079,22085
22079,22097
22079,42947
22079,73098
22079,84339
22079,92716
22084,22085
22084,22091
22084,22092
22084,22099
22084,62895
22085,22091
22085,22092
22085,22097
22085,22099
22085,22102
22091,22092
22091,22097
22091,22099
22091,22102
22091,22103
22092,22097
22092,22099
22092,22102
22092,22103
22092,22106
22097,22099
22097,22102
22097,22106
22097,22107
22097,27119
22097,95402
22099,22102
22099,22103
22099,22106
22099,22107
22099,22114
22099,56628
22102,22103
22102,22114
22102,22118
22102,67231
22102,92139
22103,22106
22103,22107
22103,22114
22103,22118
22103,22123
22106,22107
22106,22114
22106,22118
22106,22123
22106,22124
22107,22114
22107,22118
22107,22123
22107,22124
22107,22126
22107,23949
22114,22118
22114,22123
22114,22124
22114,22126
22114,22128
22118,22123
22118,22124
22118,22131
22118,38136
22118,90241
22118,53966
22118,75953
22123,22124
22123,22126
22123,22128
22123,22131
22123,22135
22124,22126
22124,22128
22124,22131
22124,22135
22124,22137
22126,22128
22126,22131
22126,22135
22126,22137
22126,22142
22128,22131
22128,22135
22128,22142
22128,22155
22128,43222
22131,22135
22131,22137
22131,22142
22131,22155
22131,22156
22131,91245
22135,22137
22135,22142
22135,22155
22135,22156
22135,22161
22137,22142
22137,22155
22137,22156
22137,22161
22142,22155
22142,22161
22142,22171
22142,22173
22142,70600
22155,22156
22155,22171
22155,22173
22155,22179
22155,73588
22156,22161
22156,22171
22156,22173
22156,22179
22156,22184
22161,22171
22161,22173
22161,22179
22161,22184
22161,22187
22161,68184
22161,78261
22171,22173
22171,22179
22171,22184
22171,22187
22171,22188
22173,22179
22173,22184
22173,22187
22173,22188
22173,22193
22179,22184
22179,22187
22179,22188
22179,22193
22179,22194
22184,22188
22184,22193
22184,22195
22184,90361
22184,38111
22187,22188
22187,22193
22187,22194
22187,22195
22187,22196
22188,22193
22188,22195
22188,22199
22188,82869
22188,99349
22188,67788
22193,22194
22193,22195
22193,22196
22193,22199
22193,22200
22193,48824
22194,22196
22194,22199
22194,22201
22194,23268
22194,62281
22195,22196
22195,22199
22195,22201
22195,22202
22196,22199
22196,22201
22196,22202
22196,89087
22196,68383
22199,22200
22199,22201
22199,22202
22199,22208
22199,42593
22199,67514
22200,22201
22200,22202
22200,22204
22200,22215
22201,22202
22201,22204
22201,22208
22201,22215
22201,22223
22202,22204
22202,22215
22202,22223
22202,22224
22202,56960
22202,54452
22204,22208
22204,22215
22204,22223
22204,22225
22204,53325
22204,71669
22208,22215
22208,22223
22208,22224
22208,22225
22208,22228
22215,22223
22215,22224
22215,22228
22215,22230
22223,22224
22223,22228
22223,22230
22223,22232
22223,60667
22223,40489
22224,22225
22224,22228
22224,22230
22224,22232
22224,22245
22225,22228
22225,22230
22225,22232
22225,22245
22225,22246
22228,22230
22228,22232
22228,22245
22228,22246
22228,88975
22230,22232
22230,22245
22230,22246
22230,22248
22232,22245
22232,22246
22232,22248
22232,22252
22232,22264
22232,66623
22245,22246
22245,22248
22245,22252
22245,22264
22245,92545
22246,22248
22246,22252
22246,22264
22246,22266
22246,22272
22246,46050
22248,22252
22248,22264
22248,22266
22248,22279
22248,86020
22252,22264
22252,22266
22252,22272
22252,22279
22252,22285
22264,22266
22264,22272
22264,22279
22264,22285
22264,22286
22266,22272
22266,22279
22266,22285
22266,22306
22266,92725
22266,81183
22266,91590
22266,97724
22272,22279
22272,22285
22272,22286
22272,22306
22272,22307
22272,50982
22279,22285
22279,22286
22279,22306
22279,22328
22279,90748
22285,22286
22285,22306
22285,22307
22285,22328
22285,22338
22286,22306
22286,22307
22286,22328
22286,22338
22286,22339
22286,39129
22306,22307
22306,22339
22306,22349
22306,85795
22306,91483
22307,22328
22307,22338
22307,22339
22307,22349
22307,22354
22307,50312
22307,36178
22328,22338
22328,22339
22328,22349
22328,22354
22328,22355
22328,61450
22338,22339
22338,22349
22338,22355
22338,36876
22338,90893
22338,47185
22339,22349
22339,22354
22339,22355
22339,22359
22339,22364
22349,22354
22349,22355
22349,22359
22349,22364
22349,22365
22354,22355
22354,22359
22354,22364
22354,22365
22354,22366
22355,22359
22355,22364
22355,22365
22355,22366
22355,22370
22359,22364
22359,22365
22359,22366
22359,22370
22359,22373
22364,22365
22364,22366
22364,22370
22364,22373
22364,22375
22365,22370
22365,22373
22365,22375
22365,22377
22365,42365
22365,37540
22366,22370
22366,22373
22366,22375
22366,22377
22366,22379
22370,22373
22370,22375
22370,22377
22370,22379
22370,97282
22373,22375
22373,22377
22373,22379
22373,22384
22373,22389
22373,90586
22375,22377
22375,22379
22375,22384
22375,22389
22375,22395
22377,22379
22377,22384
22377,22389
22377,22395
22377,22398
22379,22384
22379,22389
22379,22395
22379,22398
22379,22401
22379,81699
22384,22389
22384,22395
22384,22398
22384,22401
22384,22406
22389,22395
22389,22398
22389,22401
22389,22406
22389,33159
22389,84122
22395,22398
22395,22401
22395,22406
22395,22413
22395,22415
22398,22401
22398,22413
22398,22415
22398,22420
22398,41174
22398,94766
22401,22406
22401,22413
22401,22415
22401,22420
22401,22424
22401,54008
22406,22413
22406,22420
22406,22424
22406,22426
22406,59179
22406,65516
22413,22415
22413,22420
22413,22424
22413,22426
22413,22427
22415,22420
22415,22424
22415,22426
22415,22427
22415,22428
22420,22424
22420,22426
22420,22427
22420,22428
22420,22438
22424,22426
22424,22428
22424,22438
22424,22439
22424,38736
22426,22427
22426,22428
22426,22438
22426,22439
22426,22448
22427,22428
22427,22438
22427,22439
22427,22448
22427,22453
22428,22438
22428,22439
22428,22448
22428,22453
22428,22454
22438,22439
22438,22448
22438,22453
22438,22454
22438,22455
22438,53482
22438,57766
22439,22448
22439,22453
22439,22454
22439,22455
22439,22456
22439,83491
22439,99323
22448,22453
22448,22454
22448,22455
22448,22456
22448,27748
22453,22454
22453,22455
22453,22460
22453,22466
22453,76310
22454,22455
22454,22456
22454,22460
22454,22466
22454,22468
22455,22456
22455,22460
22455,22466
22455,22468
22455,22470
22455,61971
22456,22460
22456,22466
22456,22468
22456,22470
22456,39902
22460,22466
22460,22468
22460,22470
22460,22473
22460,22477
22466,22468
22466,22470
22466,22473
22466,22477
22466,22483
22466,54437
22468,22470
22468,22473
22468,22483
22468,22487
22468,72627
22468,58486
22468,95277
22470,22473
22470,22477
22470,22483
22470,22487
22470,22495
22473,22477
22473,22483
22473,22487
22473,22495
22473,22517
22473,31579
22477,22487
22477,22495
22477,22517
22477,22520
22477,24663
22477,33289
22483,22487
22483,22495
22483,22517
22483,22520
22483,22521
22483,72298
22487,22495
22487,22517
22487,22521
22487,22530
22495,22517
22495,22520
22495,22530
22495,22532
22495,86475
22495,93584
22517,22520
22517,22521
22517,22530
22517,22532
22517,22536
22520,22521
22520,22530
22520,22532
22520,22536
22520,22543
22521,22530
22521,22532
22521,22543
22521,83975
22521,31181
22521,65162
22521,61127
22521,24736
22530,22532
22530,22536
22530,22543
22530,22546
22530,22548
22532,22536
22532,22543
22532,22546
22532,22549
22532,65547
22536,22546
22536,22548
22536,22549
22536,22550
22536,48082
22536,69711
22543,22546
22543,22548
22543,22549
22543,22550
22546,22548
22546,22550
22546,22552
22546,22559
22546,62494
22546,73021
22548,22549
22548,22550
22548,22552
22548,22559
22548,37980
22549,22550
22549,22552
22549,22559
22549,22574
22549,36518
22550,22552
22550,22574
22550,22595
22550,36462
22550,97025
22550,35833
22552,22562
22552,22574
22552,22595
22552,22596
22552,87152
22552,35150
22559,22562
22559,22574
22559,22595
22559,22596
22559,22604
22562,22574
22562,22595
22562,22596
22562,22604
22562,22606
22562,50244
22574,22595
22574,22596
22574,22604
22574,22606
22574,22607
22595,22596
22595,22606
22595,22607
22595,22609
22595,78093
22595,55286
22596,22604
22596,22606
22596,22607
22596,22609
22596,22617
22604,22606
22604,22607
22604,22617
22604,22621
22604,74698
22606,22607
22606,22609
22606,22617
22606,22621
22606,61918
22606,99209
22606,26628
22607,22609
22607,22617
22607,22621
22607,22622
22607,22626
22609,22617
22609,22621
22609,22622
22609,22626
22609,22631
22617,22621
22617,22622
22617,22631
22617,22638
22617,45152
22617,33901
22621,22622
22621,22626
22621,22631
22621,22638
22621,22640
22622,22626
22622,22631
22622,22638
22622,22640
22622,22642
22626,22631
22626,22638
22626,22640
22626,22642
22626,22650
22626,87344
22631,22638
22631,22640
22631,22642
22631,22650
22631,22652
22631,43205
22631,25331
22638,22640
22638,22642
22638,22650
22638,22652
22638,22653
22640,22642
22640,22653
22640,22659
22640,73877
22640,80672
22642,22650
22642,22652
22642,22653
22642,22659
22642,22662
22650,22652
22650,22653
22650,22659
22650,22662
22650,22663
22652,22653
22652,22659
22652,22663
22652,22665
22652,99784
22653,22659
22653,22662
22653,22679
22653,74104
22659,22663
22659,22665
22659,22679
22659,22682
22659,41051
22662,22663
22662,22665
22662,22679
22662,22682
22662,22686
22663,22665
22663,22679
22663,22682
22663,22686
22663,22687
22665,22679
22665,22682
22665,22686
22665,22687
22679,22682
22679,22686
22679,22687
22679,22693
22679,22694
22679,90024
22682,22686
22682,22693
22682,22694
22682,22698
22682,52614
22682,73877
22682,42096
22682,60759
22686,22687
22686,22693
22686,22694
22686,36856
22686,54713
22686,61401
22686,84816
22687,22693
22687,22694
22687,22698
22687,22709
22687,22713
22693,22694
22693,22698
22693,22709
22693,22713
22693,22716
22693,81112
22694,22698
22694,22709
22694,22713
22694,22716
22694,22720
22698,22713
22698,22716
22698,22720
22698,22721
22698,58469
22709,22716
22709,22720
22709,22721
22709,22726
22709,26108
22709,28667
22713,22716
22713,22720
22713,22721
22713,22726
22713,22728
22716,22720
22716,22721
22716,22726
22716,22735
22716,84131
22720,22721
22720,22728
22720,22735
22720,22739
22720,61506
22720,45633
22721,22726
22721,22728
22721,22735
22721,22739
22721,22740
22726,22728
22726,22735
22726,22739
22726,22740
22726,22741
22726,74133
22726,41172
22726,76998
22728,22735
22728,22739
22728,22740
22728,22741
22728,22743
22728,22847
22735,22739
22735,22740
22735,22741
22735,22743
22735,22744
22735,94145
22739,22740
22739,22741
22739,22743
22739,22744
22739,22745
22740,22741
22740,22744
22740,22745
22740,22750
22740,33332
22740,40627
22740,89146
22741,22743
22741,22744
22741,22750
22741,22764
22741,86422
22741,35857
22743,22744
22743,22745
22743,22750
22743,22764
22743,22770
22743,86454
22744,22745
22744,22750
22744,22764
22744,22770
22744,22772
22744,75161
22745,22750
22745,22764
22745,22770
22745,22772
22745,22785
22750,22764
22750,22770
22750,22772
22750,22785
22750,22788
22764,22770
22764,22772
22764,22785
22764,22788
22764,22798
22764,70616
22770,22772
22770,22785
22770,22788
22770,22798
22770,22802
22772,22785
22772,22788
22772,22798
22772,22802
22772,22808
22772,51794
22785,22788
22785,22798
22785,22802
22785,22808
22785,22810
22788,22798
22788,22802
22788,22808
22788,22810
22788,22812
22798,22802
22798,22808
22798,22810
22798,22812
22798,22817
22802,22808
22802,22810
22802,22812
22802,22817
22802,22819
22802,60627
22808,22810
22808,22812
22808,22817
22808,22819
22808,22828
22810,22812
22810,22817
22810,22819
22810,22828
22810,22831
22812,22819
22812,22828
22812,22831
22812,22837
22812,74582
22812,53492
22817,22819
22817,22828
22817,22837
22817,22840
22817,43095
22819,22828
22819,22831
22819,22837
22819,22840
22819,22842
22819,46663
22828,22831
22828,22837
22828,22840
22828,22842
22828,22845
22828,91188
22831,22837
22831,22840
22831,22845
22831,22847
22831,65124
22837,22840
22837,22842
22837,22847
22837,22854
22837,75201
22840,22842
22840,22847
22840,22854
22840,22866
22840,77657
22842,22845
22842,22854
22842,22866
22842,22868
22842,47760
22845,22847
22845,22854
22845,22866
22845,22868
22845,22873
22847,22854
22847,22866
22847,22873
22847,22876
22847,83983
22847,69318
22854,22866
22854,22868
22854,22873
22854,22876
22854,22882
22854,78896
22866,22868
22866,22873
22866,22876
22866,22883
22866,63869
22866,62457
22868,22873
22868,22876
22868,22882
22868,22883
22868,22885
22873,22883
22873,22885
22873,22893
22876,22882
22876,22883
22876,22885
22876,22893
22876,22899
22882,22883
22882,22885
22882,22893
22882,22899
22882,22905
22883,22885
22883,22893
22883,22899
22883,22905
22883,29712
22883,82536
22885,22893
22885,22899
22885,22905
22885,22906
22885,22907
22885,81530
22893,22899
22893,22905
22893,22906
22893,22907
22893,22909
22893,91137
22899,22905
22899,22906
22899,22907
22899,22909
22899,22919
22905,22906
22905,22907
22905,22909
22905,22919
22905,22926
22906,22907
22906,22909
22906,22919
22906,22926
22906,22929
22906,35066
22907,22909
22907,22919
22907,22926
22907,22929
22907,22934
22907,37783
22907,70206
22909,22919
22909,22926
22909,22934
22909,22935
22909,50298
22909,24282
22919,22926
22919,22929
22919,22934
22919,22935
22919,22937
22926,22929
22926,22934
22926,22937
22926,22946
22926,23484
22926,45420
22926,90598
22929,22934
22929,22935
22929,22937
22929,22946
22929,22951
22929,60120
22929,61093
22934,22935
22934,22946
22934,22951
22934,22954
22934,24264
22934,63183
22935,22937
22935,22946
22935,22951
22935,22954
22935,91358
22937,22946
22937,22951
22937,22954
22937,22960
22937,22966
22946,22951
22946,22954
22946,22960
22946,22966
22946,22985
22951,22954
22951,22960
22951,22966
22951,22985
22951,22990
22954,22960
22954,22966
22954,22985
22954,22991
22954,83063
22960,22966
22960,22990
22960,22991
22960,22993
22960,86912
22966,22985
22966,22990
22966,22991
22966,22993
22966,23000
22985,22990
22985,22991
22985,22993
22985,23000
22985,23006
22985,95618
22990,22991
22990,22993
22990,23000
22990,23006
22990,23014
22991,22993
22991,23000
22991,23006
22991,23014
22991,23021
22991,92576
22991,52707
22993,23000
22993,23006
22993,23014
22993,23021
22993,23031
22993,60594
23000,23006
23000,23021
23000,23031
23000,23033
23006,23014
23006,23031
23006,23033
23006,23037
23006,69512
23014,23021
23014,23031
23014,23033
23014,23037
23014,23041
23021,23031
23021,23033
23021,23037
23021,23041
23021,98281
23021,64991
23031,23033
23031,23041
23031,23042
23031,23043
23031,88466
23031,65099
23033,23037
23033,23041
23033,23043
23033,23050
23037,23041
23037,23042
23037,23043
23037,23050
23037,23058
23037,83481
23041,23042
23041,23043
23041,23050
23041,23058
23041,23060
23042,23043
23042,23050
23042,23058
23042,23060
23042,23063
23043,23050
23043,23058
23043,23060
23043,23063
23043,23066
23050,23058
23050,23060
23050,23063
23050,23066
23050,23067
23058,23060
23058,23063
23058,23066
23058,23067
23058,23075
23058,48568
23058,46986
23060,23063
23060,23066
23060,23067
23060,23075
23060,23080
23060,66034
23063,23066
23063,23067
23063,23075
23063,23080
23063,23083
23063,48727
23066,23075
23066,23080
23066,23083
23066,23095
23066,99726
23067,23075
23067,23080
23067,23083
23067,23095
23067,23096
23067,32693
23075,23080
23075,23095
23075,23096
23075,23098
23075,94696
23080,23083
23080,23095
23080,23096
23080,23100
23080,43728
23083,23095
23083,23096
23083,23098
23083,23100
23083,23105
23083,46415
23095,23096
23095,23098
23095,23100
23095,23105
23095,23115
23095,25900
23096,23098
23096,23100
23096,23105
23096,23115
23096,23122
23098,23100
23098,23105
23098,23115
23098,23122
23098,23123
23098,41324
23100,23105
23100,23115
23100,23122
23100,23123
23100,23131
23100,77750
23105,23122
23105,23123
23105,23131
23105,23139
23105,40512
23115,23122
23115,23123
23115,23131
23115,23139
23115,23145
23122,23123
23122,23131
23122,23139
23122,23145
23122,23146
23122,31641
23123,23131
23123,23139
23123,23145
23123,23146
23123,23154
23131,23139
23131,23145
23131,23146
23131,23154
23131,29588
23139,23145
23139,23146
23139,23154
23139,23156
23139,23165
23145,23146
23145,23154
23145,23156
23145,23165
23145,23170
23145,65609
23146,23154
23146,23156
23146,23165
23146,23170
23146,23172
23154,23156
23154,23165
23154,23170
23154,23172
23154,23173
23156,23165
23156,23172
23156,23173
23156,23175
23156,27696
23165,23170
23165,23172
23165,23173
23165,23175
23165,23178
23170,23172
23170,23173
23170,23175
23170,23178
23170,23184
23172,23173
23172,23175
23172,23178
23172,23184
23172,23188
23172,71829
23173,23175
23173,23178
23173,23188
23173,90645
23173,98564
23175,23178
23175,23184
23175,23188
23175,23192
23175,86820
23175,49887
23178,23188
23178,23192
23178,23196
23178,75709
23178,99478
23184,23192
23184,23196
23184,23210
23184,23214
23184,97908
23188,23192
23188,23196
23188,23210
23188,23214
23188,23225
23192,23196
23192,23210
23192,23214
23192,23225
23192,23227
23196,23210
23196,23214
23196,23225
23196,23227
23196,23228
23196,29145
23196,78885
23196,94088
23210,23214
23210,23225
23210,23227
23210,23228
23210,23233
23214,23225
23214,23227
23214,23233
23214,67548
23225,23227
23225,23228
23225,23233
23225,23234
23225,23235
23225,51743
23227,23233
23227,23234
23227,23235
23227,23247
23228,23233
23228,23234
23228,23235
23228,23248
23228,33647
23233,23234
23233,23247
23233,23248
23233,23254
23233,90190
23234,23235
23234,23248
23234,23254
23234,23255
23234,34011
23235,23247
23235,23248
23235,23254
23235,23255
23235,23259
23247,23248
23247,23254
23247,23255
23247,23259
23247,73633
23248,23254
23248,23255
23248,23259
23248,23268
23248,23276
23248,33235
23248,92276
23248,54713
23254,23255
23254,23259
23254,23268
23254,23276
23254,23277
23255,23259
23255,23268
23255,23276
23255,23277
23255,23281
23259,23268
23259,23276
23259,23277
23259,23281
23259,23284
23268,23277
23268,23281
23268,23284
23268,23285
23268,63904
23276,23277
23276,23281
23276,23285
23276,23288
23277,23281
23277,23284
23277,23285
23277,23288
23277,23295
23281,23284
23281,23285
23281,23288
23281,23295
23281,23296
23284,23285
23284,23288
23284,23295
23284,23296
23284,23297
23285,23288
23285,23295
23285,23296
23285,23297
23285,23299
23288,23295
23288,23297
23288,23299
23288,23300
23288,58920
23288,74769
23295,23296
23295,23297
23295,23299
23295,23300
23295,23305
23296,23297
23296,23299
23296,23300
23296,23305
23296,23307
23296,73733
23296,53179
23297,23299
23297,23300
23297,23305
23297,23307
23297,23313
23297,66194
23297,75816
23299,23300
23299,23305
23299,23307
23299,23313
23299,23314
23300,23305
23300,23307
23300,23313
23300,23317
23300,64497
23305,23307
23305,23313
23305,23314
23305,23317
23305,23327
23305,49552
23307,23313
23307,23314
23307,23317
23307,23327
23307,23328
23307,69576
23313,23314
23313,23317
23313,23327
23313,23328
23313,23335
23314,23317
23314,23327
23314,23328
23314,23335
23314,23346
23317,23327
23317,23328
23317,23346
23317,23351
23317,76122
23317,56693
23327,23328
23327,23335
23327,23351
23327,23352
23327,54065
23327,29614
23327,98527
23328,23335
23328,23346
23328,23351
23328,23352
23328,23354
23335,23346
23335,23351
23335,23352
23335,23354
23335,23355
23335,57083
23346,23351
23346,23352
23346,23354
23346,23355
23346,23356
23351,23352
23351,23354
23351,23355
23351,23356
23351,23358
23351,44505
23352,23354
23352,23356
23352,23358
23352,23360
23354,23355
23354,23356
23354,23358
23354,23360
23354,23362
23354,64872
23355,23356
23355,23358
23355,23360
23355,23362
23355,23367
23355,33003
23355,60029
23356,23358
23356,23360
23356,23367
23356,23374
23356,57768
23356,79639
23358,23362
23358,23367
23358,23374
23358,23382
23358,87354
23360,23362
23360,23367
23360,23374
23360,23382
23360,23393
23362,23367
23362,23374
23362,23396
23367,23374
23367,23382
23367,23393
23367,23396
23367,23397
23374,23382
23374,23393
23374,23396
23374,23397
23374,23400
23382,23393
23382,23397
23382,23400
23382,76879
23382,28536
23393,23396
23393,23397
23393,23400
23393,23402
23393,23406
23393,91278
23396,23397
23396,23400
23396,23402
23396,23406
23396,23416
23396,31048
23397,23402
23397,23416
23397,23421
23397,85224
23397,25007
23400,23402
23400,23406
23400,23416
23400,23427
23400,82457
23402,23406
23402,23416
23402,23421
23402,23427
23402,23429
23406,23416
23406,23421
23406,23427
23406,23429
23406,88652
23406,96101
23416,23421
23416,23427
23416,23429
23416,23430
23416,23432
23421,23427
23421,23429
23421,23430
23421,23432
23421,23448
23421,35049
23427,23429
23427,23430
23427,23432
23427,23448
23427,23449
23429,23430
23429,23432
23429,23448
23429,23451
23429,71280
23430,23432
23430,23448
23430,23449
23430,23451
23430,23472
23430,77778
23432,23448
23432,23449
23432,23451
23432,23472
23432,23479
23432,82267
23448,23451
23448,23472
23448,23479
23448,23480
23448,77805
23448,47775
23449,23451
23449,23472
23449,23479
23449,23480
23449,23484
23451,23479
23451,23480
23451,23484
23451,23486
23472,23479
23472,23480
23472,23484
23472,23486
23472,23495
23479,23480
23479,23484
23479,23486
23479,23495
23479,97841
23480,23486
23480,23499
23480,23504
23480,93500
23480,94536
23480,64800
23484,23495
23484,23499
23484,23504
23484,23506
23484,42760
23484,86317
23486,23495
23486,23499
23486,23504
23486,23506
23486,23513
23495,23499
23495,23504
23495,23506
23495,23513
23495,23517
23499,23504
23499,23506
23499,23513
23499,23533
23499,56676
23504,23506
23504,23513
23504,23517
23504,23533
23504,23535
23504,33584
23506,23513
23506,23517
23506,23533
23506,23535
23506,23538
23513,23533
23513,23538
23513,23544
23517,23533
23517,23535
23517,23538
23517,23544
23517,28289
23533,23538
23533,23544
23533,23545
23533,23546
23533,97058
23535,23538
23535,23544
23535,23545
23535,23546
23535,23550
23538,23544
23538,23545
23538,23546
23538,23550
23538,24100
23538,38019
23544,23545
23544,23546
23544,23550
23544,23554
23544,23559
23544,29323
23545,23546
23545,23550
23545,23554
23545,23559
23545,89073
23546,23550
23546,23554
23546,23559
23546,23576
23546,56516
23550,23554
23550,23559
23550,23576
23550,23579
23550,23583
23550,99578
23554,23559
23554,23576
23554,23579
23554,23583
23554,23590
23559,23576
23559,23579
23559,23583
23559,23590
23559,23591
23576,23579
23576,23583
23576,23591
23576,23596
23579,23583
23579,23590
23579,23591
23579,23596
23579,23597
23579,99708
23583,23590
23583,23591
23583,23596
23583,23597
23583,23616
23590,23591
23590,23596
23590,23597
23590,23616
23590,23623
23591,23596
23591,23597
23591,23616
23591,23623
23591,23625
23596,23597
23596,23616
23596,23623
23596,23625
23596,23630
23597,23616
23597,23623
23597,23630
23597,88221
23597,91630
23616,23623
23616,23625
23616,23630
23616,41467
23616,59680
23616,63884
23623,23625
23623,23630
23623,23634
23623,23635
23623,31882
23625,23630
23625,23634
23625,23635
23625,23640
23625,64526
23630,23632
23630,23634
23630,23635
23630,23640
23630,23643
23632,23634
23632,23635
23632,23640
23632,23643
23632,23644
23634,23635
23634,23640
23634,23643
23634,23644
23634,23649
23635,23640
23635,23643
23635,23644
23635,23649
23635,23656
23640,23649
23640,23656
23640,23661
23640,81253
23640,46011
23640,72496
23643,23644
23643,23649
23643,23661
23643,23663
23643,82040
23644,23649
23644,23656
23644,23661
23644,23663
23644,23665
23649,23656
23649,23661
23649,23663
23649,23665
23649,43592
23656,23663
23656,23665
23656,23670
23656,23676
23656,87272
23656,71084
23661,23663
23661,23665
23661,23670
23661,23676
23661,23685
23663,23670
23663,23676
23663,23685
23663,23690
23663,92126
23665,23676
23665,23685
23665,23690
23665,23692
23670,23676
23670,23685
23670,23690
23670,23694
23670,57113
23676,23685
23676,23692
23676,23694
23676,23696
23676,47939
23685,23690
23685,23692
23685,23694
23685,23696
23685,23699
23690,23692
23690,23699
23690,23709
23690,77056
23692,23694
23692,23696
23692,23699
23692,23709
23692,23712
23694,23696
23694,23709
23694,23712
23694,23715
23694,73546
23696,23699
23696,23709
23696,23712
23696,23715
23696,23720
23696,31233
23699,23709
23699,23712
23699,23715
23699,23720
23699,23723
23709,23712
23709,23715
23709,23720
23709,23723
23709,23731
23712,23715
23712,23723
23712,23731
23712,23740
23712,35148
23715,23720
23715,23723
23715,23731
23715,23740
23715,23745
23720,23723
23720,23731
23720,23740
23720,23745
23720,23752
23723,23740
23723,23745
23723,23752
23723,23754
23731,23740
23731,23745
23731,23752
23731,23754
23731,23755
23740,23745
23740,23752
23740,23754
23740,23759
23740,64891
23745,23752
23745,23755
23745,23759
23745,23764
23745,81323
23745,34700
23752,23759
23752,23764
23752,23766
23752,62402
23754,23755
23754,23759
23754,23764
23754,23766
23754,23769
23755,23759
23755,23764
23755,23766
23755,23769
23755,23770
23759,23764
23759,23766
23759,23770
23759,23771
23759,27441
23764,23766
23764,23769
23764,23770
23764,23771
23764,23772
23766,23771
23766,23772
23766,23777
23766,59873
23766,79555
23766,58714
23769,23770
23769,23771
23769,23772
23769,23777
23769,23780
23769,46349
23770,23771
23770,23772
23770,23777
23770,23780
23770,23782
23771,23772
23771,23777
23771,23780
23771,23782
23771,23783
23772,23777
23772,23780
23772,23782
23772,23783
23772,23786
23777,23780
23777,23782
23777,23783
23777,23786
23777,23787
23780,23782
23780,23783
23780,23786
23780,23787
23780,23788
23782,23783
23782,23786
23782,23788
23782,23790
23782,33496
23783,23786
23783,23787
23783,23788
23783,23790
23783,23792
23786,23787
23786,23788
23786,23790
23786,23792
23786,23807
23786,63214
23786,91116
23787,23788
23787,23792
23787,23807
23787,23809
23787,57580
23787,48381
23787,62770
23788,23790
23788,23792
23788,23807
23788,23809
23788,23811
23790,23792
23790,23807
23790,23809
23790,23811
23790,23815
23792,23807
23792,23809
23792,23811
23792,23815
23792,23820
23807,23809
23807,23811
23807,23815
23807,23820
23807,95099
23809,23811
23809,23815
23809,23820
23809,23821
23809,80503
23811,23815
23811,23820
23811,23821
23811,23822
23811,23824
23811,83596
23815,23820
23815,23821
23815,23822
23815,23824
23815,23830
23820,23822
23820,23824
23820,23830
23820,23831
23820,50931
23821,23822
23821,23824
23821,23830
23821,23831
23821,23832
23822,23824
23822,23830
23822,23831
23822,23832
23822,23833
23824,23830
23824,23832
23824,23833
23824,23834
23824,86871
23830,23832
23830,23833
23830,23834
23830,23839
23830,26844
23830,35580
23831,23832
23831,23833
23831,23834
23831,23839
23831,23840
23832,23833
23832,23834
23832,23839
23832,23840
23832,34830
23832,94920
23833,23834
23833,23839
23833,23840
23833,23852
23833,23853
23834,23839
23834,23840
23834,23852
23834,23853
23834,23856
23839,23840
23839,23853
23839,23856
23839,23858
23839,90752
23839,48193
23840,23852
23840,23853
23840,23856
23840,23860
23840,61213
23852,23856
23852,23858
23852,23860
23852,23873
23853,23856
23853,23858
23853,23860
23853,23873
23853,23875
23856,23858
23856,23860
23856,23873
23856,23875
23856,23883
23858,23860
23858,23873
23858,23875
23858,23883
23858,23889
23860,23883
23860,23889
23860,23890
23860,75162
23860,38397
23873,23875
23873,23883
23873,23889
23873,23890
23873,23892
23875,23883
23875,23889
23875,23890
23875,23892
23875,23893
23875,58711
23875,65219
23883,23889
23883,23890
23883,23892
23883,23893
23883,23896
23889,23890
23889,23892
23889,23896
23889,23898
23890,23892
23890,23893
23890,23896
23890,23898
23890,23899
23892,23893
23892,23896
23892,23898
23892,23899
23892,23900
23893,23896
23893,23898
23893,23899
23893,23900
23893,23904
23896,23898
23896,23899
23896,23900
23896,23904
23896,23907
23896,29027
23898,23899
23898,23900
23898,23904
23898,23907
23898,23908
23898,42541
23899,23900
23899,23907
23899,23908
23899,23911
23899,33699
23899,62259
23900,23904
23900,23907
23900,23908
23900,23911
23900,23916
23904,23907
23904,23908
23904,23911
23904,23916
23904,66993
23907,23908
23907,23911
23907,23916
23907,23919
23907,23928
23907,77583
23908,23911
23908,23916
23908,23928
23908,23939
23908,85361
23911,23916
23911,23919
23911,23928
23911,23939
23911,23943
23916,23919
23916,23928
23916,23939
23916,23943
23916,23949
23919,23928
23919,23939
23919,23943
23919,23949
23919,23957
23919,45650
23919,73065
23928,23939
23928,23943
23928,23949
23928,23962
23928,89142
23939,23943
23939,23949
23939,23957
23939,23962
23939,23966
23943,23949
23943,23957
23943,23962
23943,23966
23943,23972
23949,23962
23949,23966
23949,23972
23949,23977
23957,23962
23957,23966
23957,23972
23957,23977
23957,23984
23962,23966
23962,23972
23962,23977
23962,23984
23962,23986
23966,23984
23966,23986
23966,23989
23966,89807
23972,23977
23972,23984
23972,23986
23972,23989
23972,23994
23977,23984
23977,23986
23977,23989
23977,23998
23977,74603
23977,27412
23977,28938
23984,23986
23984,23989
23984,23994
23984,23998
23984,24002
23986,23989
23986,23994
23986,23998
23986,24002
23986,38678
23989,23994
23989,23998
23989,24002
23989,24003
23989,93943
23989,26519
23994,23998
23994,24002
23994,24003
23994,24007
23994,24009
23998,24002
23998,24003
23998,24007
23998,24009
23998,24011
24002,24003
24002,24007
24002,24009
24002,24011
24002,24013
24002,65102
24003,24007
24003,24009
24003,24013
24003,24015
24007,24009
24007,24011
24007,24013
24007,24015
24007,24017
24007,55568
24007,76957
24009,24011
24009,24013
24009,24015
24009,24017
24009,24024
24011,24013
24011,24015
24011,24017
24011,24024
24011,24031
24011,78189
24011,96735
24013,24015
24013,24017
24013,24024
24013,24031
24013,98443
24013,29634
24015,24017
24015,24024
24015,24031
24015,24033
24015,24035
24017,24024
24017,24031
24017,24033
24017,24035
24017,24038
24017,51424
24024,24031
24024,24033
24024,24035
24024,24038
24024,24041
24031,24033
24031,24035
24031,24038
24031,24041
24031,24043
24033,24035
24033,24038
24033,24041
24033,24043
24033,24044
24033,79145
24035,24038
24035,24041
24035,24043
24035,24044
24035,51270
24038,24041
24038,24043
24038,24044
24038,24045
24038,24047
24041,24043
24041,24045
24041,24047
24041,24059
24041,79708
24043,24045
24043,24059
24043,24060
24043,83548
24043,62867
24044,24047
24044,24059
24044,24060
24044,24075
24044,72746
24044,52389
24044,42693
24045,24047
24045,24059
24045,24060
24045,24075
24045,24078
24045,49346
24047,24059
24047,24075
24047,24078
24047,88629
24047,70317
24059,24060
24059,24075
24059,24078
24059,24079
24059,24081
24059,48496
24060,24075
24060,24078
24060,24081
24060,24087
24060,29379
24060,35319
24075,24079
24075,24081
24075,24087
24075,24093
24075,63691
24078,24079
24078,24081
24078,24087
24078,24093
24078,24098
24079,24081
24079,24087
24079,24093
24079,24098
24079,24100
24081,24093
24081,24098
24081,24100
24081,24113
24081,79662
24087,24098
24087,24100
24087,24119
24087,55884
24093,24098
24093,24100
24093,24113
24093,24119
24093,24122
24093,52152
24098,24100
24098,24113
24098,24119
24098,24122
24098,24129
24100,24113
24100,24119
24100,24129
24100,24130
24113,24119
24113,24122
24113,24129
24113,24130
24113,24132
24119,24122
24119,24129
24119,24130
24119,24132
24119,24147
24122,24129
24122,24130
24122,24132
24122,24147
24122,24151
24122,28456
24122,49342
24129,24130
24129,24132
24129,24147
24129,24153
24129,48667
24129,38313
24130,24132
24130,24147
24130,24151
24130,24153
24130,24154
24132,24147
24132,24151
24132,24153
24132,24154
24132,24155
24132,30046
24132,77779
24147,24151
24147,24153
24147,24154
24147,24155
24147,24156
24151,24153
24151,24154
24151,24155
24151,24156
24151,24163
24151,41731
24153,24154
24153,24155
24153,24156
24153,24163
24153,24166
24154,24155
24154,24156
24154,24163
24154,24166
24154,24186
24155,24156
24155,24163
24155,24166
24155,24186
24155,24188
24155,93451
24156,24163
24156,24166
24156,24186
24156,24188
24156,64881
24156,34537
24163,24166
24163,24186
24163,24205
24163,24207
24163,77013
24166,24186
24166,24188
24166,24210
24166,37008
24166,72437
24186,24188
24186,24205
24186,24207
24186,24210
24186,80152
24188,24205
24188,24207
24188,24210
24188,24215
24188,24216
24205,24207
24205,24210
24205,24215
24205,24221
24205,31663
24207,24210
24207,24215
24207,24216
24207,24221
24207,44318
24210,24215
24210,24216
24210,24221
24210,24222
24210,24224
24210,64038
24215,24216
24215,24221
24215,24222
24215,24224
24215,44388
24216,24221
24216,24224
24216,24227
24216,24230
24216,82163
24221,24222
24221,24224
24221,24227
24221,24230
24221,24233
24222,24224
24222,24227
24222,24230
24222,24233
24222,24234
24224,24227
24224,24230
24224,24233
24224,24234
24224,24235
24227,24230
24227,24233
24227,24234
24227,24235
24227,24236
24227,79780
24227,60961
24227,79016
24230,24233
24230,24234
24230,24236
24230,24240
24230,51398
24233,24234
24233,24236
24233,24240
24233,24244
24233,26332
24234,24235
24234,24236
24234,24240
24234,24244
24234,24245
24235,24236
24235,24240
24235,24244
24235,24245
24235,91137
24236,24244
24236,24245
24236,24249
24236,72708
24236,90021
24236,57879
24240,24244
24240,24245
24240,24249
24240,24253
24240,31132
24244,24245
24244,24249
24244,24253
24244,24260
24244,24261
24244,28316
24244,97411
24245,24249
24245,24253
24245,24260
24245,88493
24249,24253
24249,24260
24249,24261
24249,24264
24249,24267
24253,24260
24253,24261
24253,24264
24253,24273
24253,51630
24260,24261
24260,24264
24260,24267
24260,24273
24260,43426
24261,24264
24261,24267
24261,24273
24261,24274
24261,24280
24261,24679
24264,24267
24264,24273
24264,24274
24264,24280
24264,24282
24267,24273
24267,24274
24267,24280
24267,24282
24267,24287
24273,24274
24273,24280
24273,24282
24273,24287
24273,64775
24274,24280
24274,24282
24274,24287
24274,24295
24274,24296
24280,24282
24280,24296
24280,24297
24280,98136
24280,62211
24282,24287
24282,24295
24282,24296
24282,24298
24287,24295
24287,24296
24287,24297
24287,24298
24287,24310
24295,24296
24295,24297
24295,24298
24295,24310
24295,24313
24296,24297
24296,24298
24296,24310
24296,24313
24296,24318
24297,24298
24297,24310
24297,24313
24297,24318
24297,24330
24297,56943
24298,24310
24298,24313
24298,24318
24298,24330
24298,24333
24310,24313
24310,24318
24310,24330
24310,24333
24310,24341
24313,24318
24313,24330
24313,24333
24313,24341
24313,24342
24318,24330
24318,24333
24318,24341
24318,24342
24318,24343
24330,24333
24330,24341
24330,24342
24330,24343
24330,24345
24333,24341
24333,24343
24333,24345
24333,24348
24333,48215
24341,24342
24341,24343
24341,24345
24341,24348
24341,30699
24341,28287
24342,24343
24342,24345
24342,24348
24342,24351
24342,24352
24343,24345
24343,24348
24343,24351
24343,24352
24343,83811
24345,24348
24345,24351
24345,24352
24345,24356
24345,24357
24345,41550
24348,24351
24348,24352
24348,24356
24348,24357
24348,24360
24351,24352
24351,24356
24351,24357
24351,24360
24351,24365
24352,24356
24352,24357
24352,24360
24352,24365
24352,37689
24352,33667
24352,55960
24356,24357
24356,24360
24356,24365
24356,24367
24356,24369
24357,24360
24357,24365
24357,24367
24357,24369
24357,24372
24360,24365
24360,24367
24360,24369
24360,24373
24365,24367
24365,24369
24365,24372
24365,93841
24365,72010
24367,24369
24367,24372
24367,24373
24367,24374
24369,24372
24369,24373
24369,24374
24369,24386
24369,52299
24369,38531
24369,76711
24372,24373
24372,24374
24372,24378
24372,24386
24372,24387
24373,24374
24373,24378
24373,24386
24373,24387
24373,24402
24374,24378
24374,24386
24374,24387
24374,24402
24374,24409
24378,24386
24378,24387
24378,24402
24378,24409
24378,24411
24386,24387
24386,24409
24386,24417
24386,55128
24386,84969
24387,24402
24387,24411
24387,24417
24387,30735
24402,24409
24402,24411
24402,24417
24402,24424
24402,59427
24409,24411
24409,24417
24409,24423
24409,24424
24409,24425
24409,50369
24411,24417
24411,24423
24411,24425
24411,24429
24411,69036
24417,24423
24417,24424
24417,24425
24417,24429
24417,24436
24423,24425
24423,24429
24423,24436
24423,24439
24423,46065
24424,24425
24424,24444
24424,79533
24424,49831
24425,24429
24425,24436
24425,24439
24425,24444
24425,24457
24425,25095
24425,68812
24429,24436
24429,24439
24429,24444
24429,24457
24429,63792
24436,24439
24436,24444
24436,24457
24436,24465
24436,24466
24439,24444
24439,24465
24439,24469
24439,95003
24444,24457
24444,24465
24444,24466
24444,24469
24444,24487
24457,24465
24457,24466
24457,24469
24457,24487
24457,24492
24465,24466
24465,24469
24465,24487
24465,24492
24465,24496
24465,25763
24465,62618
24466,24469
24466,24487
24466,24492
24466,24496
24466,24498
24466,49204
24469,24487
24469,24492
24469,24498
24469,24506
24469,37014
24487,24492
24487,24496
24487,24498
24487,24506
24487,24507
24492,24496
24492,24498
24492,24506
24492,24507
24492,24508
24496,24498
24496,24506
24496,24507
24496,24508
24496,24513
24498,24506
24498,24507
24498,24508
24498,24513
24498,24520
24506,24507
24506,24508
24506,24513
24506,24520
24506,24522
24507,24508
24507,24513
24507,24520
24507,24522
24507,24525
24507,94227
24508,24513
24508,24520
24508,24522
24508,24525
24513,24520
24513,24522
24513,24531
24513,24533
24513,50370
24520,24522
24520,24525
24520,24531
24520,24533
24520,24535
24522,24525
24522,24531
24522,24533
24522,24535
24522,24537
24525,24531
24525,24533
24525,24535
24525,24537
24525,24538
24531,24533
24531,24535
24531,24537
24531,24538
24531,59478
24533,24537
24533,24538
24533,24548
24533,54548
24533,41825
24535,24537
24535,24538
24535,24548
24535,24551
24535,24556
24535,25610
24535,93372
24537,24538
24537,24548
24537,24551
24537,24556
24537,24559
24538,24548
24538,24551
24538,24556
24538,24559
24538,24560
24548,24551
24548,24556
24548,24559
24548,24560
24548,24568
24548,60125
24551,24556
24551,24559
24551,24560
24551,24568
24551,24584
24556,24559
24556,24560
24556,24568
24556,24584
24556,67654
24559,24560
24559,24568
24559,24584
24559,24588
24559,24590
24560,24568
24560,24584
24560,24588
24560,24590
24560,24601
24568,24584
24568,24588
24568,24590
24568,24605
24584,24588
24584,24590
24584,24601
24584,24610
24588,24590
24588,24601
24588,24605
24588,24610
24588,24613
24590,24601
24590,24605
24590,24610
24590,24613
24590,24615
24601,24605
24601,24610
24601,24615
24601,24626
24601,27747
24605,24610
24605,24613
24605,24615
24605,24626
24605,79170
24610,24613
24610,24615
24610,24626
24610,56358
24610,30080
24613,24615
24613,24626
24613,24627
24613,56665
24613,30625
24615,24626
24615,24627
24615,24632
24615,24636
24615,24642
24626,24627
24626,24632
24626,24636
24626,24642
24626,24657
24627,24632
24627,24642
24627,24657
24632,24636
24632,24642
24632,24657
24632,24662
24632,24663
24636,24642
24636,24657
24636,24662
24636,24663
24636,24675
24642,24663
24642,24675
24642,75642
24642,36346
24657,24662
24657,24663
24657,24675
24657,24676
24657,24678
24662,24663
24662,24676
24662,24678
24662,24679
24662,70914
24663,24676
24663,24678
24663,24679
24663,24680
24663,52877
24675,24676
24675,24678
24675,24679
24675,24680
24675,24683
24676,24678
24676,24679
24676,24680
24676,24683
24676,24694
24676,25354
24676,43393
24678,24679
24678,24683
24678,24694
24678,24698
24678,65921
24679,24680
24679,24683
24679,24698
24679,44917
24680,24683
24680,24694
24680,24698
24680,24701
24680,76340
24680,44456
24680,51580
24683,24698
24683,24699
24683,24701
24683,24706
24683,35148
24694,24698
24694,24699
24694,24701
24694,24706
24694,24707
24694,70943
24698,24699
24698,24706
24698,24707
24698,24709
24699,24701
24699,24706
24699,24709
24699,24721
24699,99352
24701,24706
24701,24707
24701,24709
24701,24721
24701,24723
24706,24707
24706,24709
24706,24721
24706,24723
24706,24727
24707,24709
24707,24721
24707,24723
24707,24729
24707,58521
24709,24721
24709,24723
24709,24727
24709,24729
24709,24730
24721,24723
24721,24727
24721,24729
24721,24730
24721,24731
24721,53916
24723,24730
24723,24731
24723,24734
24723,24948
24727,24729
24727,24730
24727,24731
24727,24734
24727,24736
24729,24730
24729,24731
24729,24734
24729,24736
24729,24741
24730,24731
24730,24734
24730,24736
24730,24742
24730,93366
24731,24734
24731,24736
24731,24741
24731,24742
24731,24744
24731,59164
24734,24736
24734,24741
24734,24744
24734,24747
24736,24741
24736,24742
24736,24744
24736,24747
24741,24742
24741,24744
24741,24747
24741,24748
24741,62007
24742,24744
24742,24747
24742,24748
24742,74141
24742,92820
24744,24747
24744,24748
24744,24752
24744,24755
24744,24758
24747,24748
24747,24752
24747,24755
24747,24758
24747,24768
24747,45181
24748,24755
24748,24758
24748,24768
24748,24772
24752,24755
24752,24758
24752,24768
24752,24772
24752,24773
24755,24758
24755,24768
24755,24772
24755,24773
24755,24774
24755,66948
24758,24768
24758,24772
24758,24773
24758,24774
24758,24784
24768,24774
24768,24784
24768,24786
24768,25158
24768,99507
24772,24773
24772,24774
24772,24784
24772,24786
24772,24789
24773,24784
24773,24786
24773,24789
24773,24793
24773,43511
24774,24784
24774,24786
24774,24789
24774,24793
24774,24798
24774,60054
24784,24786
24784,24789
24784,24793
24784,24798
24784,99786
24786,24789
24786,24793
24786,24798
24786,24806
24786,24816
24789,24798
24789,24806
24789,24816
24789,24828
24789,51928
24789,65780
24793,24798
24793,24806
24793,24828
24793,24832
24798,24806
24798,24816
24798,24828
24798,24832
24798,24833
24806,24816
24806,24828
24806,24832
24806,24833
24806,32075
24806,50528
24816,24828
24816,24832
24816,24833
24816,24837
24816,24845
24828,24832
24828,24833
24828,24837
24828,24845
24828,24848
24828,31329
24832,24833
24832,24837
24832,24845
24832,24848
24832,24849
24832,73629
24833,24837
24833,24848
24833,24849
24833,24852
24833,80604
24837,24845
24837,24848
24837,24849
24837,24852
24837,24855
24837,76171
24845,24848
24845,24849
24845,24852
24845,24855
24845,24858
24848,24852
24848,24855
24848,24858
24848,24861
24849,24852
24849,24855
24849,24858
24849,24861
24849,24863
24849,27531
24852,24855
24852,24858
24852,24861
24852,24863
24852,24870
24852,65796
24855,24858
24855,24861
24855,24863
24855,24870
24855,24871
24858,24861
24858,24863
24858,24870
24858,24871
24858,24872
24861,24863
24861,24870
24861,24871
24861,24873
24863,24870
24863,24871
24863,24872
24863,24873
24863,24878
24863,80032
24870,24871
24870,24872
24870,24873
24870,24878
24870,24879
24871,24872
24871,24873
24871,24879
24871,24881
24871,43418
24872,24873
24872,24878
24872,24879
24872,24881
24872,24889
24873,24878
24873,24879
24873,24881
24873,24889
24873,24897
24878,24879
24878,24881
24878,24889
24878,24897
24878,24905
24879,24881
24879,24889
24879,24897
24879,24905
24879,24907
24881,24889
24881,24897
24881,24905
24881,24907
24881,24917
24881,26326
24881,39083
24889,24905
24889,24907
24889,24917
24889,24921
24889,70564
24897,24905
24897,24907
24897,24917
24897,24921
24897,24927
24905,24907
24905,24917
24905,24921
24905,24927
24905,24932
24907,24917
24907,24921
24907,24927
24907,24932
24907,24934
24917,24921
24917,24927
24917,24934
24917,24937
24917,37359
24921,24927
24921,24932
24921,24934
24921,24937
24921,24940
24921,41651
24921,94254
24927,24937
24927,24940
24927,24941
24927,75940
24932,24940
24932,24941
24932,56909
24932,36577
24932,52943
24934,24937
24934,24940
24934,24941
24934,24948
24934,24954
24937,24940
24937,24941
24937,24948
24937,24954
24937,24956
24937,59093
24940,24941
24940,24948
24940,24956
24940,24959
24940,39098
24940,25701
24940,59911
24941,24959
24941,24964
24941,94178
24941,55314
24941,47431
24948,24954
24948,24959
24948,24964
24948,24965
24948,25722
24948,83489
24954,24956
24954,24959
24954,24964
24954,24965
24954,24974
24954,79630
24956,24959
24956,24964
24956,24965
24956,24974
24956,26163
24956,89289
24956,78624
24956,97811
24959,24964
24959,24974
24959,24975
24959,24979
24964,24965
24964,24974
24964,24975
24964,24979
24964,24984
24965,24974
24965,24975
24965,24979
24965,24984
24965,24987
24965,50326
24974,24975
24974,24979
24974,24984
24974,24987
24974,24993
24975,24979
24975,24984
24975,24987
24975,24993
24975,24996
24979,24984
24979,24987
24979,24993
24979,24996
24979,24999
24984,24987
24984,24993
24984,24996
24984,24999
24984,25002
24984,93998
24987,24993
24987,24996
24987,24999
24987,25002
24987,25007
24993,24996
24993,24999
24993,25002
24993,25007
24993,25017
24996,24999
24996,25002
24996,25007
24996,25017
24996,25023
24996,46865
24996,84952
24999,25002
24999,25007
24999,25017
24999,25023
25002,25007
25002,25017
25002,25023
25002,25026
25002,25034
25007,25017
25007,25023
25007,25026
25007,25034
25007,25052
25017,25023
25017,25026
25017,25034
25017,25052
25017,25060
25023,25026
25023,25034
25023,25052
25023,25060
25023,25062
25026,25034
25026,25052
25026,25060
25026,25062
25026,25065
25034,25052
25034,25060
25034,25062
25034,25065
25034,25066
25052,25060
25052,25062
25052,25065
25052,25066
25052,25067
25060,25062
25060,25065
25060,25066
25060,25067
25060,25071
25060,97256
25060,46798
25062,25065
25062,25066
25062,25067
25062,25071
25062,25073
25065,25067
25065,25071
25065,25073
25065,25083
25065,89196
25066,25067
25066,25071
25066,25073
25066,25083
25066,25088
25067,25071
25067,25083
25067,25088
25067,25092
25067,77723
25071,25073
25071,25083
25071,25088
25071,25095
25071,55386
25071,64786
25071,39699
25071,25568
25073,25083
25073,25088
25073,25092
25073,25100
25073,69021
25083,25088
25083,25092
25083,25095
25083,25100
25083,25102
25088,25092
25088,25095
25088,25100
25088,25102
25088,25103
25088,55193
25092,25095
25092,25102
25092,25103
25092,25105
25092,40261
25092,42126
25095,25100
25095,25105
25095,25106
25095,73262
25100,25102
25100,25103
25100,25105
25100,25106
25100,25111
25102,25103
25102,25105
25102,25106
25102,25111
25102,25113
25103,25105
25103,25106
25103,25111
25103,25113
25103,57769
25103,76543
25105,25106
25105,25111
25105,25113
25105,25115
25106,25111
25106,25113
25106,25115
25106,25122
25106,39342
25106,65784
25106,88524
25111,25113
25111,25115
25111,25119
25111,25122
25111,27429
25113,25115
25113,25119
25113,25122
25113,25127
25113,25132
25115,25119
25115,25122
25115,25127
25115,25132
25115,25136
25119,25122
25119,25127
25119,25132
25119,25136
25119,25142
25119,70524
25122,25127
25122,25132
25122,25142
25122,25146
25122,64590
25127,25132
25127,25136
25127,25142
25127,25146
25127,25152
25132,25136
25132,25142
25132,25152
25132,25155
25132,83041
25136,25142
25136,25146
25136,25152
25136,25155
25136,25158
25142,25146
25142,25152
25142,25155
25142,25165
25142,93420
25146,25152
25146,25155
25146,25158
25146,25165
25146,25166
25146,70176
25152,25155
25152,25158
25152,25165
25152,25166
25152,25167
25152,50449
25155,25158
25155,25165
25155,25166
25155,25167
25155,25173
25158,25165
25158,25166
25158,25167
25158,25173
25158,25174
25165,25166
25165,25167
25165,25173
25165,25174
25165,25175
25166,25167
25166,25173
25166,25174
25166,25175
25166,58827
25167,25173
25167,25174
25167,25175
25167,25178
25167,25179
25167,32268
25173,25174
25173,25175
25173,25178
25173,25179
25173,25182
25173,88095
25173,52961
25174,25175
25174,25179
25174,25182
25174,25184
25174,78851
25175,25178
25175,25179
25175,25182
25175,25184
25175,25188
25178,25179
25178,25182
25178,25184
25178,25188
25178,25189
25179,25184
25179,25188
25179,25189
25179,25195
25179,79547
25182,25184
25182,25188
25182,25189
25182,25195
25182,25198
25184,25188
25184,25189
25184,25195
25184,25198
25184,25199
25184,74840
25188,25189
25188,25195
25188,25198
25188,25199
25188,25200
25189,25195
25189,25199
25189,25200
25189,25208
25189,62600
25189,85702
25195,25198
25195,25199
25195,25200
25195,25208
25195,25212
25198,25199
25198,25200
25198,25208
25198,25212
25198,25214
25198,43746
25199,25212
25199,25214
25199,25217
25199,84658
25199,66255
25200,25208
25200,25212
25200,25214
25200,25217
25200,25229
25208,25212
25208,25214
25208,25217
25208,25229
25212,25214
25212,25217
25212,25229
25212,25230
25212,64171
25214,25217
25214,25229
25214,25230
25214,25233
25214,25235
25214,76427
25217,25229
25217,25230
25217,25233
25217,25235
25217,25240
25217,49153
25217,64023
25217,41223
25229,25233
25229,25235
25229,25240
25229,25243
25229,37898
25230,25235
25230,25243
25230,25244
25230,47845
25233,25235
25233,25240
25233,25243
25233,25244
25233,26152
25235,25240
25235,25243
25235,25244
25235,25245
25235,25246
25240,25243
25240,25244
25240,25245
25240,25246
25240,25250
25240,32107
25243,25244
25243,25245
25243,25246
25243,25250
25243,25252
25243,77113
25243,96027
25244,25245
25244,25246
25244,25250
25244,25252
25244,50815
25244,36954
25245,25246
25245,25250
25245,25252
25245,25257
25245,25263
25246,25250
25246,25252
25246,25257
25246,25263
25246,25268
25250,25252
25250,25257
25250,25263
25250,25268
25250,25269
25250,45850
25252,25257
25252,25263
25252,25269
25252,25271
25257,25263
25257,25268
25257,25269
25257,25271
25257,25272
25263,25269
25263,25271
25263,25272
25263,25273
25263,49042
25268,25269
25268,25272
25268,25273
25268,25274
25268,34345
25269,25271
25269,25272
25269,25273
25269,25274
25269,25275
25269,74063
25271,25272
25271,25273
25271,25274
25271,25275
25271,25276
25272,25273
25272,25274
25272,25275
25272,25276
25272,25278
25272,57667
25273,25274
25273,25275
25273,25276
25273,25278
25273,25284
25274,25275
25274,25276
25274,25278
25274,25284
25274,25288
25275,25276
25275,25278
25275,25284
25275,25288
25275,25295
25276,25278
25276,25288
25276,25295
25276,25298
25276,32134
25278,25284
25278,25288
25278,25295
25278,25299
25278,56476
25284,25288
25284,25295
25284,25298
25284,25299
25284,25303
25288,25298
25288,25299
25288,25303
25288,25308
25288,95006
25295,25298
25295,25299
25295,25303
25295,25308
25295,25314
25295,76006
25298,25299
25298,25303
25298,25314
25298,25319
25298,95955
25299,25303
25299,25308
25299,25319
25299,25324
25299,46238
25303,25308
25303,25314
25303,25319
25303,25324
25303,93879
25303,94489
25308,25314
25308,25319
25308,25324
25308,25328
25308,25331
25314,25319
25314,25324
25314,25328
25314,25331
25314,25333
25319,25324
25319,25328
25319,25331
25319,25333
25319,25340
25324,25328
25324,25331
25324,25333
25324,25340
25324,79483
25324,83114
25324,32830
25328,25331
25328,25333
25328,25340
25328,25341
25328,25345
25331,25333
25331,25340
25331,25341
25331,25345
25333,25340
25333,25341
25333,25345
25333,25352
25333,25354
25333,72072
25340,25341
25340,25345
25340,25352
25340,25354
25340,25358
25340,78450
25341,25345
25341,25352
25341,25354
25341,25358
25341,25372
25345,25352
25345,25354
25345,25358
25345,25372
25345,25376
25352,25354
25352,25358
25352,25372
25352,25384
25352,52916
25352,70203
25354,25372
25354,25376
25354,25384
25354,25385
25358,25372
25358,25376
25358,25384
25358,25385
25358,25386
25372,25376
25372,25384
25372,25385
25372,25386
25372,25388
25376,25384
25376,25385
25376,25386
25376,25388
25376,25392
25376,81928
25376,30648
25384,25385
25384,25386
25384,25388
25384,25392
25384,25393
25385,25388
25385,25392
25385,25393
25385,25399
25386,25388
25386,25393
25386,25399
25386,25400
25386,60427
25386,42758
25388,25392
25388,25393
25388,25399
25388,25400
25388,25405
25392,25393
25392,25399
25392,25400
25392,25405
25392,25409
25393,25399
25393,25400
25393,25405
25393,25409
25393,42874
25399,25400
25399,25405
25399,25409
25399,25411
25399,25414
25399,32928
25400,25405
25400,25409
25400,25411
25400,25414
25400,25417
25405,25409
25405,25411
25405,25414
25405,25417
25405,25424
25405,36351
25405,49523
25409,25411
25409,25417
25409,25430
25409,31962
25409,34884
25409,39844
25411,25414
25411,25417
25411,25424
25411,25430
25411,88038
25411,75205
25414,25417
25414,25436
25414,46186
25414,51081
25414,67886
25414,42088
25417,25430
25417,25436
25417,25441
25417,25443
25417,84027
25424,25430
25424,25436
25424,25441
25424,25443
25424,25444
25430,25436
25430,25441
25430,25443
25430,25444
25430,25446
25436,25441
25436,25443
25436,25446
25436,25451
25436,96363
25436,39625
25436,68128
25441,25443
25441,25444
25441,25459
25441,58754
25441,63876
25443,25444
25443,25446
25443,25451
25443,25459
25443,25460
25444,25446
25444,25451
25444,25459
25444,25460
25444,25463
25446,25451
25446,25459
25446,25460
25446,25463
25446,25465
25451,25459
25451,25460
25451,25463
25451,25465
25451,25466
25451,56498
25459,25463
25459,25465
25459,25466
25459,25469
25459,92685
25460,25463
25460,25465
25460,25466
25460,25469
25460,25477
25460,84758
25463,25466
25463,25469
25463,25477
25463,25479
25463,75201
25465,25466
25465,25469
25465,25477
25465,25479
25465,25485
25465,79634
25466,25469
25466,25477
25466,25479
25466,25485
25466,25486
25469,25477
25469,25485
25469,25486
25469,25487
25469,34627
25477,25485
25477,25487
25477,25490
25477,40793
25477,48859
25479,25485
25479,25487
25479,25495
25479,51534
25479,53469
25485,25487
25485,25490
25485,25495
25485,25496
25485,26663
25486,25487
25486,25490
25486,25495
25486,25496
25486,25501
25487,25490
25487,25495
25487,25496
25487,25501
25487,25504
25487,87522
25490,25495
25490,25496
25490,25501
25490,25506
25490,45179
25490,98277
25495,25496
25495,25501
25495,25504
25495,25506
25495,25508
25496,25501
25496,25504
25496,25506
25496,25508
25496,25509
25501,25504
25501,25506
25501,25508
25501,25509
25501,25510
25504,25506
25504,25508
25504,25509
25504,25510
25504,25513
25504,69263
25506,25509
25506,25510
25506,25513
25506,25520
25506,35315
25506,34958
25508,25509
25508,25510
25508,25513
25508,25520
25508,25521
25509,25510
25509,25513
25509,25520
25509,25521
25509,25522
25510,25513
25510,25520
25510,25521
25510,25522
25510,25525
25513,25521
25513,25522
25513,25525
25513,26258
25513,78093
25520,25521
25520,25522
25520,25525
25520,25527
25520,25532
25521,25522
25521,25525
25521,25527
25521,25532
25521,25533
25522,25525
25522,25532
25522,25538
25522,33056
25522,35778
25525,25527
25525,25532
25525,25533
25525,25538
25525,25539
25527,25532
25527,25533
25527,25538
25527,25539
25527,25540
25527,73388
25527,80905
25532,25533
25532,25538
25532,25539
25532,25540
25532,25543
25532,37222
25533,25538
25533,25539
25533,25540
25533,25544
25533,86737
25538,25539
25538,25543
25538,25544
25538,25547
25538,79593
25539,25543
25539,25544
25539,25547
25539,25549
25539,51170
25540,25543
25540,25544
25540,25547
25540,25549
25540,25551
25543,25544
25543,25549
25543,25551
25543,25561
25543,31828
25543,86465
25544,25547
25544,25549
25544,25561
25544,25563
25544,40390
25547,25549
25547,25561
25547,25563
25547,25564
25549,25551
25549,25561
25549,25564
25549,25568
25549,44100
25551,25561
25551,25563
25551,25564
25551,25568
25551,25574
25561,25563
25561,25564
25561,25568
25561,25574
25561,25578
25563,25564
25563,25574
25563,25578
25563,25579
25563,81815
25564,25568
25564,25574
25564,25578
25564,25579
25564,25590
25568,25574
25568,25578
25568,25579
25568,25590
25568,25594
25574,25578
25574,25579
25574,25594
25574,25597
25574,82487
25578,25579
25578,25590
25578,25594
25578,25597
25578,25598
25579,25590
25579,25594
25579,25597
25579,25598
25579,25599
25590,25597
25590,25598
25590,25599
25590,25604
25590,65850
25594,25597
25594,25598
25594,25604
25594,25605
25594,70586
25597,25598
25597,25599
25597,25604
25597,25605
25597,25606
25597,45102
25598,25604
25598,25605
25598,25606
25598,25608
25598,26303
25599,25604
25599,25605
25599,25606
25599,25608
25599,25610
25599,35623
25604,25606
25604,25608
25604,25610
25604,25625
25604,46682
25605,25606
25605,25608
25605,25610
25605,25625
25605,25630
25606,25608
25606,25610
25606,25625
25606,25630
25606,25634
25608,25610
25608,25625
25608,25630
25608,25634
25608,25635
25608,39032
25610,25625
25610,25630
25610,25635
25610,25636
25625,25630
25625,25634
25625,25635
25625,25636
25625,25643
25625,86485
25630,25634
25630,25635
25630,25636
25630,25643
25630,25651
25634,25635
25634,25636
25634,25643
25634,25651
25634,25655
25635,25643
25635,25651
25635,25655
25635,25661
25635,36531
25636,25643
25636,25651
25636,25655
25636,25661
25636,25663
25643,25651
25643,25655
25643,25663
25643,25669
25643,34759
25651,25655
25651,25661
25651,25663
25651,25669
25651,25674
25655,25661
25655,25663
25655,25669
25655,25674
25655,25675
25661,25663
25661,25669
25661,25674
25661,25675
25661,25677
25663,25669
25663,25674
25663,25675
25663,25677
25663,25678
25669,25674
25669,25675
25669,25677
25669,25678
25669,25683
25669,49782
25674,25688
25674,25701
25674,71943
25674,92345
25675,25677
25675,25678
25675,25683
25675,25688
25675,25690
25677,25678
25677,25683
25677,25688
25677,25690
25677,26883
25678,25683
25678,25688
25678,25690
25678,25701
25678,25702
25683,25688
25683,25690
25683,25701
25683,25702
25683,25715
25688,25690
25688,25701
25688,25702
25688,25715
25688,25717
25690,25701
25690,25702
25690,25715
25690,25717
25690,25720
25701,25702
25701,25715
25701,25717
25701,25720
25701,25722
25702,25715
25702,25717
25702,25720
25702,25722
25702,25728
25715,25717
25715,25720
25715,25722
25715,25728
25715,25732
25715,45620
25717,25720
25717,25722
25717,25728
25717,25732
25717,25734
25717,85392
25720,25722
25720,25728
25720,25732
25720,25734
25720,25737
25722,25732
25722,25734
25722,27509
25722,74714
25728,25732
25728,25734
25728,25737
25728,25741
25728,25742
25732,25734
25732,25737
25732,25741
25732,25742
25732,25755
25734,25737
25734,25741
25734,25742
25734,25755
25734,25760
25737,25741
25737,25742
25737,25755
25737,25760
25737,25762
25741,25742
25741,25755
25741,25760
25741,25762
25741,25763
25742,25760
25742,25762
25742,25763
25742,25766
25742,40452
25755,25760
25755,25762
25755,25763
25755,25766
25755,25770
25760,25762
25760,25763
25760,25770
25760,25774
25762,25763
25762,25766
25762,25770
25762,25781
25762,91937
25763,25770
25763,25774
25763,25781
25763,25784
25763,26919
25766,25770
25766,25781
25766,25784
25766,25793
25766,67396
25770,25774
25770,25781
25770,25784
25770,25793
25770,25794
25770,73548
25774,25781
25774,25784
25774,25793
25774,25794
25774,25799
25781,25784
25781,25793
25781,25794
25781,25799
25781,25800
25781,41157
25784,25794
25784,25799
25784,25800
25784,98754
25784,54509
25793,25799
25793,25800
25793,25801
25793,25808
25793,50030
25793,45879
25794,25799
25794,25808
25794,25813
25794,28870
25794,83760
25799,25800
25799,25801
25799,25808
25799,25813
25799,25816
25800,25801
25800,25808
25800,25813
25800,25821
25800,79071
25801,25813
25801,25816
25801,25821
25801,25834
25801,70637
25808,25813
25808,25816
25808,25821
25808,25834
25808,25835
25813,25816
25813,25821
25813,25834
25813,25835
25813,25838
25816,25821
25816,25834
25816,25835
25816,25838
25816,25842
25821,25834
25821,25835
25821,25838
25821,25842
25821,25843
25834,25835
25834,25838
25834,25842
25834,25843
25834,25848
25835,25838
25835,25842
25835,25843
25835,25848
25835,25851
25835,43674
25838,25842
25838,25848
25838,25851
25838,25852
25838,60769
25842,25843
25842,25848
25842,25851
25842,25852
25842,25859
25842,98149
25843,25848
25843,25851
25843,25852
25843,25859
25843,25860
25848,25851
25848,25852
25848,25859
25848,25860
25848,25863
25851,25852
25851,25859
25851,25860
25851,25863
25851,25864
25852,25859
25852,25863
25852,25864
25852,25867
25852,91045
25852,60143
25859,25860
25859,25864
25859,25867
25859,25880
25860,25863
25860,25864
25860,25867
25860,25880
25860,25885
25863,25864
25863,25867
25863,25885
25863,25888
25863,93968
25864,25867
25864,25880
25864,25885
25864,25888
25864,25893
25867,25880
25867,25885
25867,25888
25867,25893
25867,25894
25880,25885
25880,25888
25880,25893
25880,25894
25880,25900
25885,25888
25885,25893
25885,25894
25885,25900
25885,25921
25888,25893
25888,25894
25888,25900
25888,25921
25888,25926
25893,25894
25893,25900
25893,25921
25893,25926
25893,25930
25894,25900
25894,25921
25894,25926
25894,25930
25894,25931
25900,25921
25900,25926
25900,25931
25900,25935
25921,25926
25921,25930
25921,25931
25921,25935
25921,25940
25926,25931
25926,25935
25926,25940
25926,25948
25926,84816
25930,25931
25930,25935
25930,25940
25930,25948
25930,72448
25931,25935
25931,25940
25931,25948
25931,25949
25931,25950
25931,91412
25935,25940
25935,25948
25935,25950
25935,25963
25935,62220
25940,25948
25940,25949
25940,25950
25940,25963
25940,25971
25940,42791
25948,25949
25948,25963
25948,25971
25948,25976
25948,31139
25948,32275
25948,57974
25948,43195
25949,25950
25949,25963
25949,25971
25949,25983
25949,79914
25950,25963
25950,25971
25950,25976
25950,25983
25950,25984
25963,25971
25963,25976
25963,25983
25963,25984
25963,25986
25971,25976
25971,25983
25971,25984
25971,25986
25971,25989
25976,25983
25976,25984
25976,25986
25976,25989
25976,25994
25983,25984
25983,25986
25983,25989
25983,25994
25983,26000
25983,53135
25984,25986
25984,25994
25984,26000
25984,26002
25986,25989
25986,25994
25986,26000
25986,38843
25986,26470
25989,25994
25989,26000
25989,26002
25989,26003
25989,26013
25989,82425
25994,26000
25994,26002
25994,26013
25994,26014
26000,26002
26000,26003
26000,26013
26000,26014
26000,26015
26002,26003
26002,26013
26002,26014
26002,26016
26003,26013
26003,26014
26003,26015
26003,26016
26003,26017
26003,79849
26013,26014
26013,26015
26013,26017
26013,26019
26013,63248
26014,26015
26014,26016
26014,26017
26014,26019
26014,26030
26015,26016
26015,26017
26015,26019
26015,26030
26015,26033
26016,26017
26016,26019
26016,26030
26016,26035
26017,26019
26017,26030
26017,26033
26017,26035
26017,26040
26019,26030
26019,26035
26019,26043
26019,41304
26030,26033
26030,26035
26030,26040
26030,26043
26030,85049
26033,26035
26033,26040
26033,26043
26033,26046
26033,26053
26033,37221
26035,26040
26035,26043
26035,26046
26035,26053
26035,26054
26035,27532
26040,26043
26040,26046
26040,26053
26040,26054
26040,26061
26040,44602
26043,26046
26043,26053
26043,26054
26043,26081
26043,71888
26043,74696
26046,26053
26046,26054
26046,26061
26046,26086
26046,60772
26046,96166
26053,26054
26053,26061
26053,26081
26053,26086
26053,26088
26054,26061
26054,26081
26054,26086
26054,26088
26054,26090
26061,26081
26061,26086
26061,26088
26061,26090
26061,26094
26081,26086
26081,26088
26081,26090
26081,26094
26081,26102
26086,26088
26086,26090
26086,26094
26086,26102
26086,26103
26088,26090
26088,26094
26088,26102
26088,26103
26088,26108
26090,26094
26090,26102
26090,26103
26090,26108
26090,26113
26094,26102
26094,26103
26094,26108
26094,26113
26094,26114
26094,52708
26102,26103
26102,26108
26102,26113
26102,26117
26102,48950
26103,26108
26103,26113
26103,26114
26103,26117
26103,26123
26108,26113
26108,26114
26108,26123
26108,26132
26108,94150
26113,26114
26113,26117
26113,26123
26113,26132
26113,26142
26113,28532
26114,26117
26114,26123
26114,26132
26114,26142
26114,26151
26114,84554
26117,26132
26117,26142
26117,26151
26117,98641
26117,38162
26117,55923
26117,39915
26123,26132
26123,26142
26123,26151
26123,26152
26123,26157
26132,26142
26132,26151
26132,26157
26132,26163
26132,49790
26132,50587
26142,26151
26142,26152
26142,26157
26142,26163
26142,26164
26142,34727
26142,68868
26151,26152
26151,26157
26151,26163
26151,26164
26151,26167
26152,26157
26152,26163
26152,26164
26152,26174
26152,99649
26157,26163
26157,26164
26157,26174
26157,26179
26157,27633
26163,26164
26163,26167
26163,26179
26163,26181
26163,93177
26163,47325
26164,26179
26164,26181
26164,26185
26164,29255
26164,34582
26167,26174
26167,26179
26167,26193
26167,97909
26167,60568
26174,26179
26174,26181
26174,26185
26174,26193
26174,26194
26179,26185
26179,26193
26179,26194
26179,26196
26179,57602
26181,26185
26181,26193
26181,26194
26181,26196
26181,26198
26185,26193
26185,26194
26185,26198
26185,26200
26185,56966
26193,26194
26193,26196
26193,26198
26193,26200
26193,26206
26193,89954
26194,26196
26194,26198
26194,26200
26194,26206
26194,26208
26194,59407
26194,92550
26196,26198
26196,26200
26196,26206
26196,26208
26196,26214
26198,26200
26198,26206
26198,26208
26198,26214
26198,26222
26200,26206
26200,26208
26200,26214
26200,26222
26200,26226
26200,79306
26206,26208
26206,26222
26206,26232
26206,92373
26206,84895
26208,26214
26208,26222
26208,26226
26208,26232
26208,26236
26214,26222
26214,26226
26214,26232
26214,26236
26214,76394
26214,97926
26222,26226
26222,26232
26222,26236
26222,26237
26222,26239
26226,26232
26226,26236
26226,26237
26226,26242
26226,84277
26232,26236
26232,26237
26232,26239
26232,26242
26232,26245
26232,33928
26236,26239
26236,26242
26236,26245
26236,26247
26236,43824
26237,26239
26237,26242
26237,26245
26237,26247
26237,26248
26239,26242
26239,26245
26239,26247
26239,26248
26239,26250
26239,60781
26239,27857
26242,26245
26242,26247
26242,26248
26242,26250
26242,26252
26245,26247
26245,26248
26245,26250
26245,26252
26245,26253
26245,77138
26247,26248
26247,26250
26247,26252
26247,26253
26247,26258
26247,99458
26248,26250
26248,26252
26248,26258
26248,26263
26248,49258
26250,26252
26250,26253
26250,26258
26250,26263
26250,26264
26250,78386
26252,26253
26252,26258
26252,26263
26252,26264
26252,26266
26253,26258
26253,26263
26253,26266
26253,26267
26253,46392
26258,26267
26258,26268
26258,32743
26258,82799
26263,26266
26263,26267
26263,26268
26263,26270
26263,88995
26264,26266
26264,26268
26264,26270
26264,77612
26264,50647
26266,26267
26266,26268
26266,26270
26266,38570
26267,26268
26267,26270
26267,26273
26267,26274
26267,93366
26267,60102
26267,64795
26267,62144
26268,26270
26268,26273
26268,26274
26268,26281
26268,26287
26270,26273
26270,26274
26270,26281
26270,26287
26270,26297
26273,26274
26273,26281
26273,26287
26273,26297
26273,26298
26274,26281
26274,26287
26274,26297
26274,26298
26274,26301
26281,26287
26281,26297
26281,26301
26281,26303
26281,29250
26281,92856
26281,55964
26287,26297
26287,26298
26287,26301
26287,26303
26287,26305
26297,26298
26297,26301
26297,26303
26297,26305
26297,26310
26297,37706
26298,26301
26298,26303
26298,26305
26298,26310
26298,26312
26301,26303
26301,26305
26301,26310
26301,26312
26301,26315
26301,86111
26301,54170
26303,26305
26303,26312
26303,26315
26303,26319
26305,26310
26305,26315
26305,26321
26305,63413
26310,26312
26310,26315
26310,26319
26310,26321
26310,26323
26312,26315
26312,26319
26312,26321
26312,26323
26312,26326
26315,26319
26315,26321
26315,26323
26315,26326
26315,26332
26319,26323
26319,26326
26319,26332
26319,26333
26319,92937
26321,26326
26321,26332
26321,26342
26321,96126
26321,61872
26323,26326
26323,26332
26323,26333
26323,26342
26323,26346
26323,74064
26326,26333
26326,26342
26326,26346
26326,26349
26332,26333
26332,26342
26332,26346
26332,26349
26332,26354
26333,26342
26333,26346
26333,26349
26333,26354
26333,26358
26333,56062
26333,72096
26342,26346
26342,26349
26342,26354
26342,26358
26342,26359
26342,27469
26342,30975
26346,26349
26346,26354
26346,26358
26346,26359
26346,26360
26349,26354
26349,26358
26349,26359
26349,26360
26349,26363
26354,26358
26354,26359
26354,26360
26354,26363
26354,26369
26354,88939
26354,32045
26358,26359
26358,26360
26358,26363
26358,26369
26358,26375
26359,26360
26359,26363
26359,26375
26359,26382
26359,64495
26360,26363
26360,26369
26360,26375
26360,26382
26360,26384
26360,71841
26363,26369
26363,26375
26363,26382
26363,26384
26363,26386
26369,26375
26369,26382
26369,26394
26369,32486
26369,55166
26375,26384
26375,26386
26375,26394
26375,26408
26375,70149
26375,94981
26382,26384
26382,26386
26382,26394
26382,26410
26382,62881
26382,96718
26384,26386
26384,26394
26384,26408
26384,26410
26384,26414
26386,26394
26386,26408
26386,26414
26386,26424
26386,49474
26394,26408
26394,26410
26394,26414
26394,26424
26394,26431
26394,34332
26408,26410
26408,26414
26408,26424
26408,26431
26408,26434
26410,26414
26410,26424
26410,26431
26410,26434
26410,26440
26414,26424
26414,26431
26414,26434
26414,26440
26414,26442
26414,40528
26424,26431
26424,26434
26424,26440
26424,26442
26424,26444
26424,46951
26431,26434
26431,26440
26431,26442
26431,26444
26431,97694
26434,26440
26434,26442
26434,26444
26434,26447
26434,32054
26440,26442
26440,26447
26440,26450
26440,26456
26440,34012
26442,26444
26442,26447
26442,26450
26442,26456
26442,26459
26442,80276
26444,26447
26444,26450
26444,26456
26444,26459
26444,62430
26447,26450
26447,26456
26447,26459
26447,26466
26447,26470
26450,26456
26450,26459
26450,26466
26450,26470
26450,26476
26456,26459
26456,26466
26456,26470
26456,26476
26456,26477
26459,26466
26459,26470
26459,26476
26459,26477
26459,26483
26459,45298
26466,26470
26466,26476
26466,26477
26466,26483
26466,71061
26466,68916
26466,35149
26470,26476
26470,26477
26470,26483
26470,26490
26476,26477
26476,26483
26476,26490
26476,26492
26476,26497
26476,83855
26476,32569
26477,26490
26477,26492
26477,26497
26477,26502
26477,96384
26477,94361
26483,26490
26483,26492
26483,26497
26483,26502
26483,26511
26490,26492
26490,26497
26490,26511
26490,26514
26490,76300
26492,26502
26492,26511
26492,26514
26492,26515
26492,88197
26497,26502
26497,26511
26497,26514
26497,26515
26497,26516
26502,26511
26502,26514
26502,26515
26502,26516
26502,65229
26502,48963
26511,26514
26511,26515
26511,26516
26511,26517
26511,26519
26514,26515
26514,26516
26514,26517
26514,26519
26514,26521
26515,26516
26515,26519
26515,26522
26515,94131
26515,30943
26516,26517
26516,26519
26516,26521
26516,26522
26516,26528
26517,26519
26517,26521
26517,26522
26517,26528
26517,26529
26519,26521
26519,26522
26519,26528
26519,26529
26519,88668
26519,28380
26521,26522
26521,26528
26521,26529
26521,26530
26521,40807
26522,26528
26522,26530
26522,26535
26522,26541
26522,58218
26522,45380
26528,26529
26528,26530
26528,26541
26528,26546
26528,29343
26528,61170
26529,26530
26529,26535
26529,26541
26529,26546
26529,26554
26530,26535
26530,26541
26530,26546
26530,26554
26530,26558
26535,26541
26535,26546
26535,26554
26535,26558
26535,26561
26541,26546
26541,26554
26541,26558
26541,26561
26541,26563
26546,26554
26546,26558
26546,26561
26546,26563
26546,26565
26546,71410
26554,26558
26554,26561
26554,26563
26554,26565
26554,26568
26554,88547
26558,26561
26558,26563
26558,26565
26558,26568
26558,26572
26558,43186
26558,93454
26561,26563
26561,26565
26561,26572
26561,26587
26561,61520
26561,78974
26563,26565
26563,26568
26563,26572
26563,26587
26563,26588
26563,87806
26565,26568
26565,26572
26565,26587
26565,26591
26565,52877
26565,52727
26568,26572
26568,26587
26568,26588
26568,26591
26568,26595
26568,59299
26572,26587
26572,26588
26572,26591
26572,26595
26572,26597
26572,68873
26587,26591
26587,26595
26587,26597
26587,26601
26587,35385
26588,26591
26588,26595
26588,26597
26588,26601
26588,26603
26588,36159
26591,26595
26591,26597
26591,26601
26591,26603
26591,26604
26595,26597
26595,26603
26595,26604
26595,26607
26595,89632
26595,57135
26597,26601
26597,26603
26597,26604
26597,26607
26597,26608
26597,45757
26601,26603
26601,26608
26601,34451
26603,26604
26603,26607
26603,26623
26603,26624
26603,34321
26604,26607
26604,26608
26604,26623
26604,26624
26604,26628
26604,99435
26607,26608
26607,26623
26607,26624
26607,26628
26607,26630
26607,59716
26608,26624
26608,26628
26608,26630
26608,26631
26608,71150
26623,26624
26623,26628
26623,26630
26623,26631
26623,26642
26623,50635
26624,26628
26624,26630
26624,26631
26624,26642
26624,26646
26624,45181
26624,98084
26624,95034
26628,26630
26628,26631
26628,26642
26628,26650
26628,31830
26630,26642
26630,26646
26630,26650
26630,26651
26630,83742
26631,26642
26631,26646
26631,26650
26631,26651
26642,26646
26642,26650
26642,26651
26642,26654
26642,26655
26646,26650
26646,26651
26646,26654
26646,26655
26646,26656
26650,26651
26650,26654
26650,26655
26650,26656
26650,26663
26651,26655
26651,26656
26651,26663
26651,26664
26651,73544
26654,26655
26654,26656
26654,26663
26654,26664
26654,26665
26654,67924
26655,26656
26655,26663
26655,26664
26655,26665
26655,26671
26656,26663
26656,26665
26656,26671
26656,26675
26656,56180
26656,82664
26656,92424
26663,26671
26663,26675
26663,26676
26663,59482
26663,78097
26664,26665
26664,26675
26664,26676
26664,26684
26665,26671
26665,26675
26665,26676
26665,26684
26665,26688
26671,26675
26671,26676
26671,26684
26671,26688
26671,26691
26675,26676
26675,26684
26675,26688
26675,26691
26675,26693
26676,26684
26676,26688
26676,26691
26676,26693
26676,26698
26684,26688
26684,26691
26684,26693
26684,26698
26684,26699
26688,26691
26688,26693
26688,26698
26688,26699
26688,26701
26691,26693
26691,26698
26691,26699
26691,26701
26691,26709
26693,26698
26693,26699
26693,26709
26693,26712
26693,46549
26698,26699
26698,26701
26698,26709
26698,26712
26698,26718
26699,26709
26699,26712
26699,26718
26699,26724
26699,66331
26701,26709
26701,26712
26701,26718
26701,26724
26701,83828
26701,40512
26709,26718
26709,26724
26709,26725
26709,26729
26709,72694
26709,27753
26712,26718
26712,26724
26712,26725
26712,26729
26712,26738
26712,85309
26718,26724
26718,26725
26718,26729
26718,26745
26718,73639
26718,69241
26724,26725
26724,26729
26724,26738
26724,26745
26725,26729
26725,26738
26725,26745
26725,26761
26729,26738
26729,26745
26729,26755
26729,26761
26729,67701
26738,26745
26738,26755
26738,26761
26738,26763
26738,26767
26745,26755
26745,26761
26745,26763
26745,26767
26745,26768
26745,36875
26755,26761
26755,26763
26755,26767
26755,26770
26755,66051
26755,87950
26761,26763
26761,26767
26761,26768
26761,26770
26761,26776
26761,87067
26763,26768
26763,26770
26763,26776
26763,26783
26763,65840
26767,26770
26767,26776
26767,26783
26767,26784
26767,96461
26767,99756
26768,26770
26768,26776
26768,26783
26768,26784
26768,26790
26770,26776
26770,26783
26770,26784
26770,26790
26770,26791
26776,26783
26776,26784
26776,26790
26776,26791
26776,26799
26776,47244
26783,26784
26783,26790
26783,26791
26783,26799
26783,26803
26783,74213
26784,26790
26784,26791
26784,26799
26784,26803
26784,26805
26784,51424
26784,74391
26790,26791
26790,26799
26790,26803
26790,26805
26790,26808
26791,26799
26791,26803
26791,26805
26791,26808
26791,95618
26799,26803
26799,26805
26799,26808
26799,26809
26799,26816
26803,26805
26803,26808
26803,26809
26803,26827
26803,55817
26803,65160
26805,26808
26805,26809
26805,26816
26805,26827
26805,26828
26805,35986
26805,95555
26808,26809
26808,26816
26808,26833
26808,66986
26809,26816
26809,26827
26809,26828
26809,26833
26809,26834
26816,26827
26816,26828
26816,26833
26816,26834
26816,26836
26827,26828
26827,26833
26827,26834
26827,26836
26827,26838
26828,26833
26828,26834
26828,26836
26828,26838
26828,26839
26828,58078
26833,26836
26833,26838
26833,26839
26833,26841
26833,32908
26834,26836
26834,26838
26834,26839
26834,26841
26834,26844
26836,26838
26836,26841
26836,26844
26836,26847
26836,49767
26838,26841
26838,26844
26838,26847
26838,50258
26838,41897
26838,32770
26839,26844
26839,26853
26839,26855
26839,69318
26839,82485
26839,67761
26839,81168
26841,26844
26841,26847
26841,26853
26841,26855
26841,26866
26844,26847
26844,26853
26844,26855
26844,26866
26844,26872
26847,26853
26847,26855
26847,26866
26847,26872
26847,26874
26853,26855
26853,26866
26853,26872
26853,26874
26853,26879
26855,26866
26855,26872
26855,26874
26855,26879
26855,26880
26866,26872
26866,26874
26866,26879
26866,26880
26866,26883
26872,26874
26872,26879
26872,26880
26872,26883
26872,27417
26874,26879
26874,26880
26874,26883
26874,26899
26874,26904
26874,44036
26879,26880
26879,26883
26879,26899
26879,26904
26879,26915
26879,26984
26880,26883
26880,26899
26880,26904
26880,26916
26880,60163
26883,26899
26883,26904
26883,26915
26883,26916
26883,95782
26899,26904
26899,26915
26899,26916
26899,26917
26899,26918
26904,26915
26904,26916
26904,26918
26904,26919
26904,85558
26915,26916
26915,26917
26915,26918
26915,26919
26915,26920
26916,26917
26916,26919
26916,26920
26916,26921
26916,69130
26917,26918
26917,26919
26917,26920
26917,26921
26917,26928
26918,26919
26918,26920
26918,26921
26918,26928
26918,26933
26919,26928
26919,26933
26919,26937
26919,74283
26920,26921
26920,26928
26920,26933
26920,26937
26920,26938
26921,26928
26921,26933
26921,26937
26921,26938
26921,26951
26928,26937
26928,26938
26928,26951
26928,26953
26928,42398
26933,26937
26933,26938
26933,26951
26933,26953
26933,26956
26933,29131
26933,59842
26937,26938
26937,26951
26937,26953
26937,26956
26937,26967
26937,99242
26938,26951
26938,26953
26938,26956
26938,26967
26938,26976
26951,26953
26951,26956
26951,26967
26951,26976
26951,26980
26953,26956
26953,26967
26953,26976
26953,26980
26953,26983
26956,26967
26956,26976
26956,26980
26956,26984
26956,60326
26956,69590
26967,26976
26967,26980
26967,26983
26967,26984
26967,26987
26976,26980
26976,26983
26976,26984
26976,26987
26980,26983
26980,26984
26980,26987
26980,26992
26980,26998
26980,30099
26980,84374
26983,26987
26983,26998
26983,27002
26983,98362
26983,85434
26984,26987
26984,26998
26984,27002
26984,27007
26987,26992
26987,27002
26987,27007
26987,27010
26992,26998
26992,27002
26992,27007
26992,27010
26992,27011
26992,71564
26998,27002
26998,27007
26998,27010
26998,27011
26998,27013
27002,27007
27002,27010
27002,27011
27002,27013
27002,27017
27007,27010
27007,27011
27007,27013
27007,27017
27007,27018
27010,27011
27010,27013
27010,27017
27010,27018
27010,27021
27011,27013
27011,27017
27011,27018
27011,27021
27011,27023
27013,27017
27013,27018
27013,27021
27013,27023
27013,27028
27013,99941
27017,27018
27017,27021
27017,27023
27017,27032
27017,90748
27018,27021
27018,27023
27018,27032
27018,27043
27018,30456
27018,89729
27021,27023
27021,27028
27021,27032
27021,27043
27021,27052
27023,27028
27023,27032
27023,27043
27023,27052
27023,27058
27023,52787
27023,45515
27028,27032
27028,27043
27028,27052
27028,27058
27028,27062
27032,27043
27032,27052
27032,27062
27032,27064
27032,35994
27043,27052
27043,27058
27043,27062
27043,27064
27043,27076
27052,27058
27052,27062
27052,27064
27052,27076
27052,27078
27052,92164
27058,27062
27058,27064
27058,27076
27058,27079
27058,39902
27058,94659
27062,27064
27062,27076
27062,27078
27062,27084
27062,40686
27064,27078
27064,27079
27064,27084
27064,27100
27064,57232
27076,27078
27076,27079
27076,27084
27076,27100
27076,27103
27076,31593
27076,93931
27078,27079
27078,27084
27078,27100
27078,27103
27078,27110
27078,34099
27079,27084
27079,27100
27079,27103
27079,27110
27079,27116
27084,27100
27084,27103
27084,27110
27084,27116
27084,40286
27100,27103
27100,27110
27100,27116
27100,27119
27100,27131
27103,27110
27103,27116
27103,27119
27103,27131
27103,27135
27110,27116
27110,27119
27110,27131
27110,27138
27116,27119
27116,27135
27116,27138
27116,27141
27116,89039
27119,27135
27119,27138
27119,27141
27119,27142
27131,27135
27131,27138
27131,27141
27131,87822
27135,27138
27135,27144
27135,27150
27135,47961
27135,73110
27138,27141
27138,27142
27138,27144
27138,27150
27138,27155
27138,89254
27141,27142
27141,27144
27141,27150
27141,27160
27141,90111
27142,27144
27142,27150
27142,27155
27142,27160
27142,27163
27144,27150
27144,27155
27144,27160
27144,27163
27144,27167
27150,27155
27150,27160
27150,27163
27150,27167
27150,27169
27150,39511
27155,27160
27155,27163
27155,27167
27155,27169
27155,27172
27155,39510
27155,48017
27160,27163
27160,27167
27160,27169
27160,27172
27160,27190
27163,27167
27163,27169
27163,27172
27163,27190
27163,27192
27167,27169
27167,27172
27167,27190
27167,27192
27167,27196
27167,65160
27167,35642
27169,27172
27169,27190
27169,27192
27169,27196
27169,27202
27172,27190
27172,27192
27172,27196
27172,27202
27172,27204
27190,27192
27190,27196
27190,27202
27190,27204
27190,27208
27192,27202
27192,27204
27192,27208
27192,53584
27192,49530
27196,27202
27196,27204
27196,27208
27196,27209
27196,27213
27202,27204
27202,27208
27202,27209
27202,27213
27202,27215
27204,27208
27204,27209
27204,27213
27204,27215
27204,27219
27204,83015
27208,27209
27208,27213
27208,27215
27208,27219
27208,27220
27208,77163
27209,27215
27209,27219
27209,27220
27209,27225
27209,59315
27209,86488
27213,27215
27213,27220
27213,27225
27213,27230
27213,58260
27215,27219
27215,27220
27215,27225
27215,27233
27215,49187
27219,27220
27219,27225
27219,27233
27219,27234
27219,66551
27220,27225
27220,27233
27220,27234
27220,27236
27225,27230
27225,27233
27225,27234
27225,27236
27225,27243
27225,67775
27230,27234
27230,27236
27230,27243
27230,27246
27230,51310
27233,27234
27233,27236
27233,27243
27233,27246
27233,27249
27233,33252
27234,27236
27234,27246
27234,27249
27234,27251
27236,27246
27236,27249
27236,27251
27236,27259
27236,37182
27236,89380
27243,27251
27243,27259
27243,27268
27243,35803
27246,27249
27246,27259
27246,27273
27246,46778
27249,27251
27249,27259
27249,27268
27249,27273
27249,27278
27251,27259
27251,27268
27251,27273
27251,27278
27251,27287
27251,38206
27259,27268
27259,27273
27259,27278
27259,27287
27259,83715
27268,27273
27268,27278
27268,27287
27268,27289
27268,27295
27268,57334
27268,65845
27273,27287
27273,27289
27273,27295
27273,27296
27273,33255
27278,27287
27278,27289
27278,27295
27278,27296
27278,27308
27287,27289
27287,27295
27287,27309
27287,55182
27287,75935
27287,48373
27289,27295
27289,27296
27289,27308
27289,27309
27289,27310
27295,27296
27295,27308
27295,27309
27295,27310
27295,27323
27295,73333
27296,27308
27296,27309
27296,27310
27296,27323
27296,27326
27308,27309
27308,27323
27308,27326
27308,46889
27309,27323
27309,27327
27309,27332
27309,31139
27309,87086
27310,27323
27310,27327
27310,27332
27310,27333
27310,59778
27323,27326
27323,27327
27323,27334
27323,31874
27323,85421
27326,27327
27326,27332
27326,27333
27326,27334
27326,27337
27326,64930
27327,27332
27327,27333
27327,27334
27327,27337
27327,27339
27332,27333
27332,27334
27332,27337
27332,27339
27332,27342
27333,27334
27333,27337
27333,27339
27333,27342
27333,27344
27333,49342
27333,69956
27334,27337
27334,27339
27334,27342
27334,27344
27334,27347
27334,94690
27337,27339
27337,27344
27337,27347
27337,27350
27337,34405
27339,27342
27339,27344
27339,27347
27339,27350
27339,27353
27342,27344
27342,27347
27342,27350
27342,27353
27342,27355
27344,27347
27344,27350
27344,27355
27344,27358
27347,27350
27347,27355
27347,27358
27347,27362
27347,75339
27347,39935
27350,27353
27350,27358
27350,27362
27350,27364
27350,59362
27353,27355
27353,27358
27353,27362
27353,27364
27353,27367
27353,71065
27355,27358
27355,27362
27355,27364
27355,27367
27355,27368
27355,56013
27358,27364
27358,27367
27358,27368
27358,27373
27358,73328
27358,77257
27362,27364
27362,27367
27362,27373
27362,27374
27362,68631
27362,73457
27362,56131
27364,27367
27364,27368
27364,27373
27364,27374
27364,76805
27367,27368
27367,27373
27367,27374
27367,27380
27367,27387
27367,57681
27368,27373
27368,27380
27368,27387
27368,27390
27368,34271
27373,27374
27373,27380
27373,27387
27373,27390
27373,27391
27374,27380
27374,27387
27374,27390
27374,27391
27374,27396
27380,27387
27380,27390
27380,27391
27380,27396
27380,27399
27380,86604
27387,27390
27387,27391
27387,27396
27387,27399
27387,27404
27390,27391
27390,27396
27390,27399
27390,27404
27390,27412
27391,27396
27391,27399
27391,27404
27391,27412
27391,27413
27396,27399
27396,27404
27396,27412
27396,27413
27396,27417
27399,27404
27399,27412
27399,27413
27399,27417
27399,27418
27404,27412
27404,27413
27404,27417
27404,27418
27404,27419
27404,93602
27412,27413
27412,27418
27412,27419
27412,27422
27413,27417
27413,27418
27413,27419
27413,27422
27413,27423
27417,27419
27417,27422
27417,27423
27417,27427
27417,79401
27417,59256
27418,27419
27418,27422
27418,27427
27418,27428
27418,93106
27418,80531
27419,27422
27419,27423
27419,27427
27419,27428
27419,27429
27422,27423
27422,27427
27422,27428
27422,27429
27422,27430
27423,27428
27423,27429
27423,27430
27423,27438
27423,45159
27427,27428
27427,27429
27427,27430
27427,27438
27427,27439
27428,27429
27428,27430
27428,27438
27428,27439
27428,72237
27429,27430
27429,27438
27429,27439
27429,27441
27430,27438
27430,27439
27430,27441
27430,27443
27430,27444
27438,27441
27438,27451
27438,39546
27439,27441
27439,27443
27439,27444
27439,27451
27439,27456
27441,27444
27441,27451
27441,27456
27441,27462
27443,27444
27443,27451
27443,27456
27443,27462
27443,27465
27444,27451
27444,27462
27444,27465
27444,27466
27444,99271
27451,27456
27451,27462
27451,27465
27451,27466
27451,27468
27456,27465
27456,27466
27456,27469
27456,69386
27456,58019
27462,27465
27462,27466
27462,27468
27462,27469
27462,66887
27465,27466
27465,27468
27465,27469
27465,27473
27465,27492
27466,27468
27466,27469
27466,27473
27466,27492
27466,27501
27468,27469
27468,27473
27468,27492
27468,27501
27468,27507
27468,50016
27469,27492
27469,27501
27469,27507
27469,27508
27473,27501
27473,27507
27473,27508
27473,27509
27473,30958
27492,27501
27492,27507
27492,27508
27492,27509
27492,27514
27501,27507
27501,27508
27501,27509
27501,27514
27501,27516
27507,27508
27507,27509
27507,27514
27507,27516
27507,27519
27508,27509
27508,27514
27508,27516
27508,27519
27508,27525
27509,27514
27509,27516
27509,27519
27509,27525
27514,27516
27514,27519
27514,27525
27514,27528
27514,27529
27516,27519
27516,27525
27516,27528
27516,27529
27516,27531
27516,51247
27519,27525
27519,27528
27519,27531
27519,27532
27519,28792
27525,27528
27525,27529
27525,27531
27525,27532
27525,27533
27525,92119
27528,27529
27528,27531
27528,27533
27528,27538
27528,78918
27529,27531
27529,27532
27529,27533
27529,27538
27529,27542
27529,28749
27531,27532
27531,27533
27531,27542
27531,27554
27531,88492
27532,27538
27532,27542
27532,27562
27532,54457
27532,94851
27533,27538
27533,27542
27533,27554
27533,27562
27533,30054
27538,27542
27538,27554
27538,27562
27538,27565
27538,27566
27542,27554
27542,27562
27542,27565
27542,27566
27542,27567
27554,27562
27554,27565
27554,27567
27554,27570
27554,58132
27554,50335
27554,49705
27562,27565
27562,27570
27562,27574
27562,44147
27565,27566
27565,27570
27565,27574
27565,27575
27565,40015
27566,27567
27566,27570
27566,27574
27566,27575
27566,27576
27566,58906
27567,27570
27567,27574
27567,27575
27567,27576
27567,27578
27570,27574
27570,27575
27570,27576
27570,27579
27574,27575
27574,27576
27574,27578
27574,27579
27574,27582
27575,27576
27575,27578
27575,27579
27575,27582
27575,27583
27576,27578
27576,27579
27576,27582
27576,27583
27576,27589
27578,27579
27578,27582
27578,27583
27578,27590
27578,84281
27579,27583
27579,27589
27579,27590
27579,27593
27579,73535
27579,42583
27582,27589
27582,27590
27582,27593
27582,27594
27582,28009
27583,27589
27583,27590
27583,27593
27583,27594
27583,84339
27589,27593
27589,27606
27589,27607
27589,99176
27589,72906
27590,27594
27590,27606
27590,27607
27590,99937
27590,43142
27593,27606
27593,27607
27593,27609
27593,27617
27593,49244
27594,27606
27594,27607
27594,27617
27594,27624
27594,39032
27594,31940
27606,27607
27606,27609
27606,27617
27606,27624
27606,27625
27607,27609
27607,27617
27607,27624
27607,27625
27607,27630
27609,27617
27609,27630
27609,27632
27609,55049
27609,62465
27617,27624
27617,27625
27617,27630
27617,27633
27617,85428
27624,27625
27624,27630
27624,27633
27624,27635
27624,90489
27625,27630
27625,27632
27625,27633
27625,27635
27625,27636
27630,27632
27630,27636
27630,49718
27630,84109
27630,36209
27632,27635
27632,27636
27632,27637
27632,27639
27632,89268
27632,55732
27633,27635
27633,27637
27633,27639
27633,27641
27633,86338
27635,27636
27635,27637
27635,27639
27635,27641
27635,27643
27635,50931
27636,27637
27636,27641
27636,27643
27636,27648
27636,50587
27637,27639
27637,27641
27637,27643
27637,27648
27637,27649
27637,41656
27637,29570
27639,27641
27639,27648
27639,27649
27639,27652
27639,79810
27641,27643
27641,27649
27641,91823
27641,37234
27643,27648
27643,27649
27643,27652
27643,27665
27643,27667
27648,27649
27648,27652
27648,27665
27648,27667
27648,27672
27649,27652
27649,27665
27649,27667
27649,27674
27649,78558
27649,51837
27649,46987
27652,27665
27652,27667
27652,27672
27652,27674
27652,27679
27652,97922
27665,27667
27665,27672
27665,27674
27665,27679
27665,27689
27667,27672
27667,27674
27667,27679
27667,27689
27667,27691
27672,27674
27672,27679
27672,27689
27672,27691
27672,27696
27674,27679
27674,27689
27674,27691
27674,27696
27674,27700
27679,27689
27679,27691
27679,27696
27679,27700
27679,27709
27689,27691
27689,27696
27689,27700
27689,27709
27689,27713
27691,27696
27691,27700
27691,27709
27691,27713
27691,27718
27696,27700
27696,27709
27696,27713
27696,27722
27696,98082
27696,58457
27700,27709
27700,27713
27700,27718
27700,27722
27700,27725
27709,27713
27709,27718
27709,27722
27709,27725
27709,27738
27709,76855
27713,27722
27713,27725
27713,27738
27713,27743
27713,75105
27718,27722
27718,27725
27718,27738
27718,27743
27718,27747
27722,27725
27722,27738
27722,27743
27722,27747
27722,27748
27725,27738
27725,27743
27725,27747
27725,27748
27725,27750
27738,27743
27738,27747
27738,27748
27738,27750
27738,27753
27738,36476
27743,27747
27743,27748
27743,27750
27743,27753
27743,64848
27747,27748
27747,27750
27747,27753
27747,27758
27747,27759
27748,27750
27748,27753
27748,27758
27748,27759
27748,27762
27750,27753
27750,27758
27750,27759
27750,27762
27750,27764
27750,73602
27753,27758
27753,27759
27753,27762
27753,27765
27758,27759
27758,27762
27758,27764
27758,27765
27758,27768
27758,43342
27759,27762
27759,27764
27759,27765
27759,27768
27759,27769
27762,27764
27762,27765
27762,27768
27762,27769
27762,27773
27764,27765
27764,27768
27764,27769
27764,27773
27764,88472
27764,58351
27765,27768
27765,27769
27765,27773
27765,27775
27765,27783
27765,77013
27768,27769
27768,27773
27768,27775
27768,27783
27768,27784
27769,27773
27769,27775
27769,27783
27769,27784
27769,27792
27769,81813
27773,27775
27773,27783
27773,27784
27773,27792
27773,27794
27773,42747
27773,92124
27775,27783
27775,27792
27775,27794
27775,27795
27783,27784
27783,27792
27783,27794
27783,27795
27783,65842
27783,97399
27784,27792
27784,27794
27784,27805
27784,27807
27784,32493
27792,27794
27792,27795
27792,27805
27792,27807
27792,27812
27794,27795
27794,27805
27794,27807
27794,27812
27794,27813
27795,27805
27795,27807
27795,27812
27795,27813
27795,27814
27805,27807
27805,27812
27805,27813
27805,27814
27805,27816
27807,27812
27807,27813
27807,27814
27807,27816
27807,27818
27812,27813
27812,27814
27812,27816
27812,27818
27812,27820
27812,39149
27812,56286
27813,27814
27813,27816
27813,27818
27813,27820
27813,27829
27813,73329
27814,27816
27814,27818
27814,27820
27814,27829
27814,27831
27816,27818
27816,27820
27816,27829
27816,27843
27816,72442
27818,27820
27818,27829
27818,27847
27818,70143
27820,27829
27820,27831
27820,27843
27820,27847
27820,27851
27829,27831
27829,27843
27829,27847
27829,27851
27829,27857
27829,58369
27831,27843
27831,27847
27831,27851
27831,27857
27831,27860
27843,27847
27843,27851
27843,27857
27843,27860
27843,27865
27843,56510
27847,27851
27847,27857
27847,27860
27847,27865
27847,27867
27851,27857
27851,27860
27851,27867
27851,27868
27851,56789
27851,58172
27851,76173
27857,27860
27857,27865
27857,27867
27857,27868
27860,27865
27860,27867
27860,27868
27860,27872
27860,27874
27865,27867
27865,27868
27865,27872
27865,27874
27865,27875
27867,27868
27867,27872
27867,27874
27867,27875
27867,27877
27868,27872
27868,27874
27868,27875
27868,27877
27868,27878
27868,95798
27872,27874
27872,27875
27872,27877
27872,27878
27872,27886
27872,94384
27872,41546
27874,27875
27874,27877
27874,27878
27874,27886
27874,27895
27874,85794
27874,60062
27875,27877
27875,27886
27875,27895
27875,27898
27875,54658
27875,97064
27877,27878
27877,27886
27877,27895
27877,27898
27877,27899
27877,69543
27878,27895
27878,27899
27878,27903
27878,49443
27886,27895
27886,27898
27886,27899
27886,27903
27886,44346
27895,27898
27895,27899
27895,27903
27895,27904
27895,27905
27898,27899
27898,27903
27898,27904
27898,27905
27898,27907
27899,27903
27899,27904
27899,27905
27899,27907
27899,36263
27899,42673
27903,27904
27903,27905
27903,27907
27903,27910
27903,27911
27903,41828
27904,27905
27904,27907
27904,27910
27904,27911
27904,27915
27904,38034
27905,27907
27905,27910
27905,27911
27905,27915
27905,27917
27907,27910
27907,27915
27907,27918
27907,54690
27910,27911
27910,27915
27910,27917
27910,27918
27910,27919
27910,54282
27911,27915
27911,27917
27911,27918
27911,27919
27911,27924
27915,27917
27915,27918
27915,27919
27915,27924
27915,27940
27915,91206
27917,27918
27917,27919
27917,27924
27917,27940
27917,27951
27917,58557
27918,27940
27918,27951
27918,27953
27918,66797
27918,33255
27919,27924
27919,27940
27919,27951
27919,27953
27919,27955
27919,68138
27924,27940
27924,27953
27924,27955
27924,27961
27924,38364
27940,27951
27940,27953
27940,27955
27940,27961
27940,27967
27951,27953
27951,27955
27951,27961
27951,27967
27951,27970
27953,27955
27953,27961
27953,27967
27953,27970
27953,27971
27953,76126
27955,27961
27955,27967
27955,27970
27955,27971
27955,27974
27961,27967
27961,27970
27961,27974
27961,27979
27961,67546
27967,27970
27967,27971
27967,27974
27967,27979
27967,27985
27967,94505
27970,27971
27970,27974
27970,27979
27970,27985
27970,27987
27971,27974
27971,27979
27971,27985
27971,27987
27971,27995
27971,52345
27974,27979
27974,27985
27974,27987
27974,27995
27974,28003
27979,27985
27979,27987
27979,27995
27979,28003
27979,28004
27985,27987
27985,27995
27985,28003
27985,28004
27985,28009
27985,59705
27987,27995
27987,28003
27987,28004
27987,28009
27987,28019
27995,28003
27995,28004
27995,28009
27995,28019
27995,28020
28003,28004
28003,28009
28003,28019
28003,28020
28003,28022
28004,28009
28004,28019
28004,28020
28004,28022
28004,28024
28004,48976
28009,28020
28009,28022
28009,28024
28009,28030
28009,86849
28019,28020
28019,28022
28019,28024
28019,28030
28019,28033
28020,28022
28020,28024
28020,28030
28020,28035
28020,96604
28022,28024
28022,28030
28022,28033
28022,28035
28022,28038
28022,97835
28024,28030
28024,28033
28024,28035
28024,28038
28024,28041
28024,43205
28030,28033
28030,28035
28030,28038
28030,28041
28030,28042
28033,28035
28033,28038
28033,28041
28033,28046
28033,88334
28033,95382
28035,28038
28035,28041
28035,28046
28035,28048
28035,28286
28038,28041
28038,28042
28038,28046
28038,28048
28038,28057
28041,28042
28041,28046
28041,28057
28041,28067
28041,79016
28041,34338
28042,28046
28042,28048
28042,28057
28042,28067
28042,28072
28046,28048
28046,28057
28046,28067
28046,28072
28046,28086
28046,63692
28048,28057
28048,28067
28048,28072
28048,28086
28048,28089
28057,28067
28057,28072
28057,28086
28057,28090
28057,96711
28067,28072
28067,28086
28067,28089
28067,28090
28067,28108
28072,28086
28072,28089
28072,28090
28072,28108
28072,28114
28086,28090
28086,28108
28086,28114
28086,28121
28086,55527
28089,28090
28089,28108
28089,28114
28089,28121
28089,28122
28090,28108
28090,28114
28090,28121
28090,28122
28090,28125
28108,28121
28108,28122
28108,28125
28108,28126
28114,28121
28114,28122
28114,28125
28114,28126
28114,28128
28121,28122
28121,28125
28121,28126
28121,28128
28121,28130
28121,65778
28121,47844
28122,28125
28122,28126
28122,28130
28122,28133
28122,32461
28125,28126
28125,28128
28125,28130
28125,28133
28125,28140
28125,90676
28126,28128
28126,28130
28126,28133
28126,28140
28126,28141
28128,28130
28128,28133
28128,28143
28128,36079
28128,77265
28130,28133
28130,28140
28130,28141
28130,28143
28130,28146
28130,40835
28133,28140
28133,28141
28133,28143
28133,28154
28140,28141
28140,28143
28140,28146
28140,28154
28140,28156
28140,74718
28141,28146
28141,28154
28141,28156
28141,28161
28141,32537
28143,28146
28143,28154
28143,28161
28143,28162
28143,98767
28143,65643
28143,50909
28143,30906
28146,28154
28146,28156
28146,28162
28146,28163
28146,87445
28154,28156
28154,28161
28154,28163
28154,28164
28154,85915
28156,28161
28156,28162
28156,28163
28156,28164
28156,28166
28161,28162
28161,28163
28161,28164
28161,28166
28161,28192
28162,28163
28162,28166
28162,28192
28162,28200
28162,43798
28163,28164
28163,28166
28163,28200
28163,28202
28163,83076
28163,91798
28164,28166
28164,28192
28164,28200
28164,28202
28164,28203
28166,28192
28166,28202
28166,28203
28166,28204
28166,36000
28192,28202
28192,28203
28192,28210
28192,31278
28192,41335
28200,28202
28200,28203
28200,28204
28200,28210
28200,28212
28202,28203
28202,28204
28202,28210
28202,28212
28202,28216
28203,28204
28203,28210
28203,28216
28203,28243
28203,69596
28204,28210
28204,28216
28204,28243
28204,28245
28204,32916
28210,28212
28210,28216
28210,28243
28210,28245
28210,28248
28212,28216
28212,28243
28212,28245
28212,28248
28212,28251
28216,28243
28216,28245
28216,28251
28216,28252
28216,88189
28243,28248
28243,28251
28243,28252
28243,28253
28243,93964
28245,28248
28245,28251
28245,28252
28245,28253
28245,87167
28248,28251
28248,28252
28248,28253
28248,28258
28248,28263
28251,28252
28251,28253
28251,28263
28251,28264
28251,44267
28251,52108
28252,28253
28252,28258
28252,28263
28252,28264
28252,28267
28253,28263
28253,28264
28253,28267
28253,37380
28253,78840
28258,28263
28258,28264
28258,28270
28263,28264
28263,28267
28263,28270
28263,28271
28263,28272
28264,28267
28264,28270
28264,28271
28264,28272
28264,28273
28264,48148
28267,28270
28267,28271
28267,28272
28267,28273
28267,45250
28267,40805
28267,96515
28270,28271
28270,28272
28270,28273
28270,28278
28270,28279
28271,28272
28271,28273
28271,28279
28271,28281
28271,29686
28271,81850
28272,28273
28272,28279
28272,28281
28272,28283
28272,61818
28273,28278
28273,28279
28273,28281
28273,28283
28273,28284
28278,28279
28278,28281
28278,28284
28278,28286
28278,71952
28279,28281
28279,28283
28279,28284
28279,28286
28279,28287
28281,28286
28281,28287
28281,28289
28281,85181
28281,63363
28281,98310
28283,28286
28283,28287
28283,28289
28283,28293
28284,28286
28284,28287
28284,28289
28284,28293
28284,28298
28286,28287
28286,28289
28286,28293
28286,28298
28286,28299
28287,28293
28287,28299
28287,28301
28287,28567
28287,56303
28289,28293
28289,28298
28289,28301
28289,28302
28289,86754
28289,98209
28293,28298
28293,28299
28293,28301
28293,28302
28293,28306
28293,54846
28298,28299
28298,28301
28298,28302
28298,28306
28298,28310
28299,28302
28299,28306
28299,68287
28299,56399
28301,28306
28301,28310
28301,28311
28301,53381
28301,95797
28302,28306
28302,28310
28302,28311
28302,28316
28302,28323
28306,28310
28306,28311
28306,28316
28306,87177
28310,28311
28310,28316
28310,28323
28310,28335
28310,28336
28311,28316
28311,28323
28311,28336
28311,28340
28311,73321
28316,28336
28316,28340
28316,28342
28316,79040
28316,51909
28323,28335
28323,28336
28323,28340
28323,28342
28323,49722
28323,47356
28335,28336
28335,28340
28335,28342
28335,28344
28335,28359
28336,28340
28336,28342
28336,28344
28336,28359
28336,28362
28336,53985
28336,58565
28340,28342
28340,28344
28340,28362
28340,28365
28340,93300
28342,28344
28342,28359
28342,28362
28342,28365
28342,87538
28342,82167
28344,28359
28344,28362
28344,28365
28344,28368
28344,28369
28359,28362
28359,28365
28359,28368
28359,28371
28359,37555
28362,28365
28362,28371
28362,29802
28365,28368
28365,28369
28365,28371
28365,28372
28365,28374
28368,28369
28368,28371
28368,28372
28368,28374
28368,28378
28369,28371
28369,28372
28369,28374
28369,28378
28369,28379
28371,28372
28371,28374
28371,28378
28371,28379
28371,91757
28371,36235
28372,28374
28372,28378
28372,28379
28372,28380
28372,28384
28372,50948
28374,28378
28374,28379
28374,28380
28374,28384
28374,28386
28374,63946
28378,28379
28378,28380
28378,28384
28378,28386
28378,28390
28379,28384
28379,28386
28379,28390
28379,28395
28379,96553
28380,28384
28380,28386
28380,28390
28380,28395
28380,28405
28384,28386
28384,28390
28384,28395
28384,28405
28384,28414
28384,64183
28384,89395
28386,28390
28386,28395
28386,28414
28386,28419
28386,48551
28386,88803
28390,28395
28390,28405
28390,28414
28390,28419
28390,65791
28395,28405
28395,28414
28395,28419
28395,28427
28395,82141
28405,28414
28405,28422
28405,28427
28405,28430
28405,52683
28414,28419
28414,28422
28414,28427
28414,28430
28414,28437
28419,28422
28419,28430
28419,28437
28419,28438
28422,28427
28422,28430
28422,28437
28422,28438
28422,28439
28427,28430
28427,28437
28427,28438
28427,28439
28427,28445
28430,28437
28430,28438
28430,28439
28430,28445
28430,28448
28430,62944
28437,28438
28437,28439
28437,28448
28437,28449
28437,83134
28438,28439
28438,28445
28438,28448
28438,28450
28438,82190
28439,28445
28439,28448
28439,28449
28439,28450
28439,28456
28445,28448
28445,28449
28445,28450
28445,28456
28445,97452
28448,28450
28448,28456
28448,28458
28448,28465
28448,60076
28449,28450
28449,28456
28449,28458
28449,28465
28449,28469
28450,28456
28450,28458
28450,28465
28450,28469
28450,28470
28450,91635
28456,28458
28456,28465
28456,28469
28456,28470
28458,28465
28458,28470
28458,28494
28458,28495
28458,76823
28465,28469
28465,28470
28465,28495
28465,28496
28469,28494
28469,28495
28469,28496
28469,92022
28469,63461
28469,36906
28470,28494
28470,28495
28470,28496
28470,28497
28470,28519
28494,28495
28494,28496
28494,28497
28494,28519
28494,28525
28495,28496
28495,28497
28495,28519
28495,28525
28495,28529
28496,28497
28496,28519
28496,28525
28496,28529
28496,28532
28496,32727
28497,28519
28497,28525
28497,28529
28497,28532
28497,28536
28519,28525
28519,28529
28519,28532
28519,28536
28519,28537
28525,28529
28525,28532
28525,28536
28525,28537
28525,28545
28529,28532
28529,28536
28529,28537
28529,28545
28529,28546
28532,28545
28532,28546
28532,28547
28532,33921
28536,28537
28536,28545
28536,28546
28536,28547
28536,28549
28537,28545
28537,28546
28537,28547
28537,28549
28537,28564
28545,28546
28545,28547
28545,28549
28545,28564
28545,28567
28546,28547
28546,28549
28546,28564
28546,28567
28546,28568
28547,28549
28547,28564
28547,28567
28547,28568
28547,28573
28549,28564
28549,28568
28549,28573
28549,28577
28564,28567
28564,28568
28564,28573
28564,28577
28564,28581
28567,28568
28567,28573
28567,28577
28567,28581
28567,28591
28567,97948
28568,28573
28568,28577
28568,28581
28568,28591
28568,28594
28573,28577
28573,28581
28573,28591
28573,28594
28577,28581
28577,28591
28577,28594
28577,96769
28577,89835
28581,28591
28581,28594
28581,28600
28581,28610
28581,96553
28581,49268
28591,28594
28591,28600
28591,28607
28591,28610
28591,28611
28594,28600
28594,28610
28594,28613
28594,31908
28594,40992
28600,28607
28600,28610
28600,28611
28600,28613
28600,28622
28600,72010
28607,28611
28607,28622
28607,28625
28607,37148
28610,28611
28610,28613
28610,28622
28610,28625
28610,28627
28610,44190
28611,28613
28611,28622
28611,28625
28611,28627
28613,28625
28613,28627
28613,28631
28613,65407
28613,70393
28622,28627
28622,28631
28622,28634
28622,28635
28625,28627
28625,28639
28625,41150
28625,67813
28625,65011
28625,39978
28627,28631
28627,28634
28627,28635
28627,28639
28627,28650
28627,97875
28627,97699
28631,28634
28631,28635
28631,28639
28631,28650
28631,28651
28631,34953
28631,62431
28634,28635
28634,28639
28634,28650
28634,28651
28634,28659
28634,94851
28635,28639
28635,28650
28635,28651
28635,28659
28635,28661
28639,28650
28639,28651
28639,28659
28639,28661
28639,28663
28650,28651
28650,28659
28650,28661
28650,28663
28650,28667
28651,28661
28651,28663
28651,28667
28651,57656
28651,31881
28659,28661
28659,28663
28659,28667
28659,28668
28659,28670
28661,28663
28661,28667
28661,28668
28661,28670
28661,40186
28663,28667
28663,28668
28663,28670
28663,28676
28663,28681
28663,67267
28667,28676
28667,28681
28667,28689
28667,73633
28667,39922
28668,28670
28668,28676
28668,28681
28668,28689
28668,28701
28670,28676
28670,28681
28670,28701
28670,28703
28670,47728
28670,60666
28676,28681
28676,28689
28676,28701
28676,28703
28676,28704
28681,28689
28681,28701
28681,28703
28681,28706
28681,46839
28689,28701
28689,28703
28689,28704
28689,28706
28689,28711
28701,28703
28701,28706
28701,28711
28701,28712
28703,28706
28703,28711
28703,28712
28703,28714
28703,66776
28704,28706
28704,28712
28704,28714
28704,28717
28706,28711
28706,28712
28706,28714
28706,28717
28706,28718
28711,28712
28711,28717
28711,28718
28711,28722
28711,88145
28711,35262
28712,28714
28712,28717
28712,28718
28712,28724
28714,28717
28714,28718
28714,28722
28714,28724
28714,28725
28717,28724
28717,28725
28717,28729
28717,57301
28717,32580
28717,34665
28718,28722
28718,28724
28718,28729
28718,28737
28718,84090
28722,28725
28722,28737
28722,28740
28722,47886
28722,89434
28722,67922
28724,28725
28724,28729
28724,28737
28724,28740
28724,28749
28724,65925
28725,28729
28725,28737
28725,28740
28725,28749
28725,28760
28729,28737
28729,28740
28729,28749
28729,28760
28729,28762
28737,28740
28737,28749
28737,28760
28737,28762
28737,28765
28740,28760
28740,28762
28740,28765
28740,28766
28740,50907
28740,77846
28749,28760
28749,28762
28749,28766
28749,28778
28749,67773
28760,28762
28760,28765
28760,28766
28760,28778
28760,28781
28762,28765
28762,28778
28762,28781
28762,28782
28762,82132
28765,28766
28765,28778
28765,28781
28765,28782
28765,53253
28765,72805
28766,28778
28766,28781
28766,28782
28766,28789
28766,28790
28766,74839
28778,28782
28778,28790
28778,28791
28778,67461
28778,33565
28781,28782
28781,28790
28781,28791
28781,28792
28781,76271
28782,28789
28782,28791
28782,28792
28782,50105
28782,98497
28789,28790
28789,28791
28789,28792
28789,28793
28789,28794
28790,28791
28790,28792
28790,28793
28790,28794
28790,28795
28791,28793
28791,28794
28791,28795
28791,28797
28791,45309
28792,28793
28792,28794
28792,28795
28792,28800
28793,28794
28793,28795
28793,28797
28793,28800
28793,28804
28794,28795
28794,28797
28794,28800
28794,28806
28794,65488
28794,66627
28795,28797
28795,28800
28795,28804
28795,28806
28795,28809
28797,28800
28797,28804
28797,28806
28797,28821
28797,83850
28800,28804
28800,28806
28800,28809
28800,28821
28800,28822
28800,61407
28804,28806
28804,28821
28804,28822
28804,28825
28804,88035
28804,65024
28806,28809
28806,28821
28806,28822
28806,28825
28806,28835
28806,69811
28809,28821
28809,28822
28809,28825
28809,28835
28809,28836
28821,28822
28821,28825
28821,28835
28821,28836
28821,28840
28822,28825
28822,28835
28822,28840
28822,28844
28822,85309
28825,28835
28825,28836
28825,28840
28825,28844
28825,28845
28825,29095
28835,28836
28835,28840
28835,28844
28835,28845
28835,28870
28836,28840
28836,28844
28836,28845
28836,28870
28836,28872
28836,50320
28840,28844
28840,28845
28840,28870
28840,28872
28840,28873
28844,28845
28844,28870
28844,28872
28844,28873
28844,28878
28844,45976
28845,28870
28845,28872
28845,28873
28845,28878
28845,28883
28845,54389
28870,28872
28870,28873
28870,28878
28870,28883
28870,28896
28872,28873
28872,28883
28872,28896
28872,28898
28872,33827
28873,28883
28873,28896
28873,28898
28873,28899
28873,38920
28878,28883
28878,28896
28878,28898
28878,28899
28878,28911
28883,28896
28883,28898
28883,28899
28883,28911
28883,28919
28883,40607
28896,28898
28896,28899
28896,28911
28896,28919
28896,28924
28898,28899
28898,28911
28898,28919
28898,28924
28898,28929
28899,28911
28899,28919
28899,28924
28899,28929
28899,28933
28911,28919
28911,28924
28911,28929
28911,28933
28911,28938
28919,28924
28919,28929
28919,28933
28919,28938
28919,28940
28924,28929
28924,28933
28924,28938
28924,28940
28924,28953
28924,88171
28929,28933
28929,28938
28929,28940
28929,28953
28929,28956
28929,88460
28933,28938
28933,28940
28933,28953
28933,28956
28933,28965
28933,91370
28938,28940
28938,28953
28938,28956
28938,28965
28938,28973
28940,28953
28940,28956
28940,28965
28940,28973
28940,28981
28940,34637
28953,28956
28953,28965
28953,28973
28953,28981
28953,28984
28953,45299
28956,28965
28956,28973
28956,28981
28956,28984
28956,28988
28965,28973
28965,28981
28965,28984
28965,28988
28965,37235
28973,28981
28973,28988
28973,28994
28973,28996
28973,91454
28981,28984
28981,28988
28981,28994
28981,28996
28984,28988
28984,28994
28984,28996
28984,29001
28984,29004
28988,28994
28988,28996
28988,29001
28988,29004
28988,29007
28994,28996
28994,29001
28994,29004
28994,29007
28994,35769
28996,29004
28996,29007
28996,29009
28996,29010
28996,63209
29001,29007
29001,29009
29001,29010
29001,29011
29001,76768
29004,29007
29004,29009
29004,29010
29004,29011
29004,29015
29007,29009
29007,29011
29007,29015
29007,29018
29007,79564
29007,62360
29009,29010
29009,29011
29009,29015
29009,29018
29009,29020
29010,29011
29010,29015
29010,29018
29010,29020
29010,29027
29011,29015
29011,29018
29011,29020
29011,29027
29011,29028
29015,29020
29015,29027
29015,29028
29015,29032
29018,29020
29018,29027
29018,29028
29018,29032
29018,29037
29020,29027
29020,29032
29020,29037
29020,29039
29020,82778
29027,29028
29027,29037
29027,29039
29027,32309
29028,29037
29028,29039
29028,29049
29028,29051
29028,62720
29032,29037
29032,29039
29032,29049
29032,29051
29032,29056
29037,29039
29037,29049
29037,29051
29037,29056
29037,29058
29037,79406
29039,29049
29039,29051
29039,29056
29039,29058
29039,29060
29049,29051
29049,29056
29049,29058
29049,29060
29049,29064
29051,29056
29051,29058
29051,29060
29051,29064
29051,29066
29056,29058
29056,29060
29056,29066
29056,29076
29058,29060
29058,29066
29058,29076
29058,29079
29060,29064
29060,29066
29060,29076
29060,29079
29060,29081
29064,29066
29064,29076
29064,29079
29064,29081
29064,29084
29066,29076
29066,29079
29066,29081
29066,29084
29066,29087
29066,47197
29076,29079
29076,29081
29076,29084
29076,29087
29076,68343
29076,78453
29079,29081
29079,29084
29079,29087
29079,29095
29079,29103
29081,29084
29081,29095
29081,29103
29081,29104
29081,32977
29081,66875
29081,70450
29084,29087
29084,29095
29084,29103
29084,29104
29084,29115
29087,29095
29087,29103
29087,29115
29087,29119
29087,69125
29095,29103
29095,29104
29095,29115
29095,29129
29103,29104
29103,29115
29103,29119
29103,29129
29103,29131
29104,29119
29104,29129
29104,29131
29104,29132
29104,76196
29115,29119
29115,29129
29115,29131
29115,29132
29115,29134
29119,29129
29119,29131
29119,29132
29119,29134
29119,29142
29129,29131
29129,29132
29129,29134
29129,29142
29129,29145
29131,29132
29131,29142
29131,29145
29131,29157
29132,29134
29132,29142
29132,29145
29132,29157
29132,29160
29134,29142
29134,29145
29134,29157
29134,29160
29134,29162
29134,70186
29142,29145
29142,29157
29142,29160
29142,29165
29142,75461
29145,29157
29145,29160
29145,29162
29145,29165
29157,29160
29157,29162
29157,29165
29157,29168
29157,29174
29160,29162
29160,29165
29160,29168
29160,29174
29160,29182
29160,67199
29160,78178
29162,29165
29162,29168
29162,29174
29162,29182
29162,29206
29165,29168
29165,29182
29165,29206
29165,86820
29165,75899
29165,77511
29168,29182
29168,29206
29168,29213
29168,29214
29168,31725
29174,29182
29174,29206
29174,29213
29174,29214
29174,29215
29174,62720
29182,29206
29182,29213
29182,29214
29182,29215
29182,29216
29206,29214
29206,29215
29206,29216
29206,29217
29206,65428
29213,29214
29213,29215
29213,29216
29213,29217
29213,29222
29213,67860
29214,29215
29214,29216
29214,29217
29214,29222
29214,29230
29215,29216
29215,29217
29215,29222
29215,29230
29215,29236
29216,29217
29216,29222
29216,29230
29216,29243
29216,84715
29216,59867
29217,29222
29217,29230
29217,29236
29217,29243
29217,29247
29222,29230
29222,29236
29222,29243
29222,29247
29222,29249
29230,29236
29230,29243
29230,29247
29230,29249
29230,29250
29236,29243
29236,29247
29236,29249
29236,29250
29236,29255
29243,29247
29243,29249
29243,29250
29243,29255
29243,29256
29247,29249
29247,29250
29247,29255
29247,29256
29247,29259
29247,35472
29247,54502
29247,95249
29249,29250
29249,29255
29249,29256
29249,29259
29249,29263
29250,29255
29250,29263
29250,96979
29250,44325
29250,41051
29255,29256
29255,29259
29255,29263
29255,29276
29255,29287
29256,29259
29256,29263
29256,29276
29256,29287
29256,29288
29259,29263
29259,29276
29259,29287
29259,29288
29259,42927
29263,29276
29263,29287
29263,29288
29263,29289
29263,29293
29276,29287
29276,29288
29276,29289
29276,29293
29276,29299
29287,29288
29287,29289
29287,29293
29287,29299
29287,29300
29287,71409
29288,29293
29288,29299
29288,29300
29288,29301
29288,70899
29289,29293
29289,29299
29289,29300
29289,29304
29293,29299
29293,29300
29293,29301
29293,29306
29293,47796
29293,52192
29299,29300
29299,29301
29299,29304
29299,29306
29299,29313
29300,29301
29300,29304
29300,29306
29300,29313
29300,29318
29301,29304
29301,29306
29301,29313
29301,29318
29301,29319
29304,29306
29304,29313
29304,29318
29304,36125
29304,71155
29306,29313
29306,29318
29306,29319
29306,29323
29306,29326
29313,29318
29313,29319
29313,29323
29313,29326
29313,86650
29313,69828
29318,29319
29318,29323
29318,29326
29318,29327
29318,29343
29318,39590
29319,29323
29319,29326
29319,29327
29319,29343
29319,29344
29319,31879
29323,29326
29323,29343
29323,29344
29323,29347
29326,29327
29326,29343
29326,29344
29326,29347
29326,29358
29326,65073
29327,29343
29327,29344
29327,29358
29327,29364
29327,72583
29327,53966
29327,68279
29343,29344
29343,29347
29343,29358
29343,29364
29343,29369
29343,77619
29343,86718
29344,29358
29344,29369
29344,32922
29344,46969
29347,29358
29347,29364
29347,29369
29347,29373
29347,29379
29358,29364
29358,29369
29358,29373
29358,29379
29358,29385
29358,51747
29364,29369
29364,29373
29364,29379
29364,29385
29364,29386
29369,29373
29369,29385
29369,29386
29369,29387
29369,59668
29373,29379
29373,29385
29373,29386
29373,29387
29373,29400
29379,29386
29379,29387
29379,29400
29379,29401
29379,57136
29385,29386
29385,29387
29385,29400
29385,29401
29385,29403
29385,69041
29386,29387
29386,29400
29386,29401
29386,29403
29386,29407
29387,29400
29387,29401
29387,29403
29387,29407
29387,29408
29400,29401
29400,29403
29400,29407
29400,29408
29400,29414
29401,29403
29401,29407
29401,29414
29401,29419
29401,41392
29403,29407
29403,29408
29403,29414
29403,29419
29403,29420
29407,29408
29407,29414
29407,29419
29407,29420
29407,29421
29407,47321
29408,29414
29408,29419
29408,29420
29408,29421
29408,29424
29414,29419
29414,29421
29414,29424
29414,40575
29419,29420
29419,29424
29419,29426
29419,29436
29419,59130
29420,29421
29420,29424
29420,29436
29420,29441
29420,49559
29421,29424
29421,29426
29421,29436
29421,29441
29421,29459
29424,29426
29424,29436
29424,29441
29424,29459
29424,29464
29426,29436
29426,29441
29426,29459
29426,29464
29426,80860
29436,29441
29436,29459
29436,29464
29436,29465
29436,29470
29441,29459
29441,29464
29441,29465
29441,29470
29459,29464
29459,29465
29459,29470
29459,29471
29459,29475
29464,29465
29464,29470
29464,29471
29464,29475
29464,29481
29465,29470
29465,29471
29465,29475
29465,29483
29465,49449
29470,29471
29470,29475
29470,29481
29470,29483
29470,29490
29471,29475
29471,29481
29471,29483
29471,29490
29471,29495
29475,29481
29475,29483
29475,29490
29475,29503
29475,88368
29475,67104
29481,29483
29481,29490
29481,29495
29481,29503
29481,29511
29481,50703
29483,29490
29483,29495
29483,29503
29483,29511
29483,29518
29483,70693
29490,29495
29490,29503
29490,29511
29490,29518
29490,29532
29495,29503
29495,29511
29495,29518
29495,29532
29495,29533
29503,29511
29503,29518
29503,29532
29503,29533
29503,29536
29511,29518
29511,29532
29511,29533
29511,83783
29518,29532
29518,29533
29518,29536
29518,29545
29518,29553
29532,29533
29532,29536
29532,29545
29532,29556
29532,88478
29532,82310
29533,29536
29533,29545
29533,29553
29533,29556
29533,29557
29536,29545
29536,29553
29536,29556
29536,29557
29536,29562
29545,29553
29545,29556
29545,29557
29545,29570
29545,76357
29553,29557
29553,29562
29553,29570
29553,29572
29553,53744
29556,29562
29556,29570
29556,29572
29556,29573
29556,97534
29557,29562
29557,29570
29557,29572
29557,29575
29557,82950
29557,94922
29557,68821
29562,29570
29562,29572
29562,29573
29562,29575
29562,29576
29570,29572
29570,29573
29570,29575
29570,29576
29570,39739
29572,29573
29572,29575
29572,29576
29572,29577
29572,29588
29573,29576
29573,29577
29573,29588
29573,29593
29573,76033
29575,29576
29575,29577
29575,29588
29575,29593
29575,29594
29576,29577
29576,29588
29576,29593
29576,29594
29576,29595
29576,65385
29577,29588
29577,29593
29577,29595
29577,29599
29588,29593
29588,29595
29588,29599
29588,90314
29593,29614
29593,64276
29593,47748
29594,29599
29594,29601
29594,29614
29594,29615
29594,64746
29594,96627
29595,29599
29595,29601
29595,29614
29595,29615
29595,29617
29599,29601
29599,29614
29599,29615
29599,29617
29599,29620
29601,29614
29601,29615
29601,29617
29601,29620
29601,29622
29614,29615
29614,29617
29614,29620
29614,29622
29614,29625
29615,29620
29615,29622
29615,29634
29615,99912
29615,60412
29615,46548
29617,29620
29617,29622
29617,29625
29617,29634
29617,75896
29620,29622
29620,29625
29620,29634
29620,29641
29620,29642
29622,29634
29622,29641
29622,29642
29622,29644
29622,54131
29625,29634
29625,29641
29625,29642
29625,29644
29634,29641
29634,29642
29634,29644
29634,29646
29641,29642
29641,29644
29641,29646
29641,29649
29641,82146
29641,60950
29642,29644
29642,29646
29642,29649
29642,29658
29642,29661
29644,29646
29644,29649
29644,29658
29644,29661
29644,37275
29646,29649
29646,29658
29646,29661
29646,29665
29646,29673
29649,29658
29649,29661
29649,29665
29649,29673
29649,29676
29658,29661
29658,29665
29658,29673
29658,29676
29658,29686
29661,29665
29661,29673
29661,29676
29661,29686
29665,29673
29665,29676
29665,29686
29665,29692
29665,29702
29673,29676
29673,29686
29673,29692
29673,29702
29673,29706
29676,29686
29676,29692
29676,29702
29676,29706
29676,29708
29686,29692
29686,29702
29686,29706
29686,29708
29686,29712
29686,72053
29692,29702
29692,29706
29692,29708
29692,29712
29692,29720
29702,29706
29702,29708
29702,29720
29702,29721
29702,36538
29706,29708
29706,29712
29706,29720
29706,29721
29706,29722
29708,29712
29708,29720
29708,29721
29708,29722
29708,29723
29712,29720
29712,29722
29712,29723
29712,29725
29720,29721
29720,29722
29720,29723
29720,29725
29720,78400
29720,42384
29721,29722
29721,29723
29721,29725
29721,29730
29721,29732
29722,29723
29722,29725
29722,29730
29722,29734
29722,68930
29722,43496
29723,29725
29723,29730
29723,29732
29723,29734
29723,29740
29725,29730
29725,29732
29725,29734
29725,29740
29725,29742
29730,29732
29730,29734
29730,29740
29730,29742
29730,29749
29732,29734
29732,29740
29732,29742
29732,29749
29732,29752
29734,29740
29734,29742
29734,29749
29734,29752
29734,29754
29740,29742
29740,29749
29740,29752
29740,29754
29740,29762
29740,69701
29742,29752
29742,29754
29742,29762
29742,29768
29742,57772
29749,29752
29749,29754
29749,29762
29749,29768
29749,29775
29749,95907
29752,29754
29752,29768
29752,29775
29752,29779
29752,86568
29752,70446
29754,29762
29754,29768
29754,29775
29754,29779
29754,29782
29762,29779
29762,29782
29762,29785
29762,32464
29762,49101
29768,29775
29768,29779
29768,29782
29768,29785
29768,29791
29768,88081
29775,29779
29775,29782
29775,29785
29775,29791
29775,29796
29779,29782
29779,29785
29779,29791
29779,29799
29782,29785
29782,29791
29782,29796
29782,29799
29782,29801
29782,60492
29785,29791
29785,29796
29785,29801
29785,29802
29785,92226
29791,29796
29791,29799
29791,29801
29791,29805
29791,85570
29796,29799
29796,29802
29796,29805
29796,29808
29796,54850
29799,29801
29799,29802
29799,29805
29799,29808
29799,29811
29801,29802
29801,29805
29801,29808
29801,29811
29801,29823
29801,55960
29802,29805
29802,29808
29802,29811
29802,29823
29802,29829
29805,29808
29805,29811
29805,29823
29805,29829
29805,29833
29808,29811
29808,29823
29808,29829
29808,29833
29808,29840
29811,29823
29811,29829
29811,29846
29811,79561
29811,34686
29823,29833
29823,29840
29823,29846
29823,29847
29823,38474
29829,29833
29829,29840
29829,29846
29829,29847
29829,29849
29833,29846
29833,29847
29833,29849
29833,29855
29833,32155
29840,29846
29840,29847
29840,29849
29840,29855
29840,29858
29846,29847
29846,29849
29846,29855
29846,29858
29847,29849
29847,29858
29847,29862
29847,67367
29847,63672
29849,29855
29849,29858
29849,29861
29849,29862
29849,29869
29855,29858
29855,29861
29855,29862
29855,82457
29855,73622
29858,29861
29858,29862
29858,29869
29858,29871
29858,29872
29861,29862
29861,29869
29861,29871
29861,29872
29861,29873
29862,29869
29862,29871
29862,29872
29862,29873
29862,29876
29869,29871
29869,29872
29869,29873
29869,29876
29869,29877
29871,29872
29871,29876
29871,29877
29871,29879
29871,98672
29871,85693
29872,29873
29872,29876
29872,29877
29872,29879
29872,29892
29873,29876
29873,29879
29873,29892
29873,29893
29873,94043
29873,42885
29873,51346
29876,29877
29876,29879
29876,29892
29876,29893
29877,29879
29877,29892
29877,29893
29877,29908
29877,29924
29877,30606
29879,29892
29879,29893
29879,29908
29879,29924
29879,29926
29892,29924
29892,29926
29892,29935
29892,65436
29893,29908
29893,29924
29893,29926
29893,29935
29893,29936
29893,92280
29908,29924
29908,29926
29908,29935
29908,29936
29908,29955
29924,29926
29924,29935
29924,29936
29924,47386
29924,84712
29926,29935
29926,29936
29926,29955
29926,29962
29926,29964
29935,29936
29935,29955
29935,29962
29935,29964
29935,29973
29936,29955
29936,29962
29936,29964
29936,29973
29936,29977
29936,43532
29955,29962
29955,29977
29955,33549
29955,69402
29962,29964
29962,29977
29962,29980
29962,29990
29962,88053
29964,29973
29964,29977
29964,29980
29964,29990
29964,29996
29973,29977
29973,29980
29973,29990
29973,29999
29973,74073
29973,56341
29977,29980
29977,29990
29977,29996
29977,29999
29977,30006
29977,75777
29977,70607
29980,29990
29980,29996
29980,29999
29980,30006
29980,30008
29990,29996
29990,29999
29990,30006
29990,30008
29990,99867
29996,29999
29996,30006
29996,30012
29996,30013
29999,30008
29999,30012
29999,30013
29999,30036
29999,37721
30006,30008
30006,30012
30006,30013
30006,30036
30006,30040
30008,30012
30008,30036
30008,30040
30008,30043
30012,30013
30012,30036
30012,30040
30012,30043
30012,30045
30012,89023
30013,30036
30013,30040
30013,30043
30013,30045
30013,30046
30036,30043
30036,30045
30036,30046
30036,83518
30040,30045
30040,30046
30040,30051
30040,30054
30040,73683
30043,30045
30043,30046
30043,30051
30043,30054
30043,30058
30043,35384
30045,30046
30045,30051
30045,30054
30045,30058
30045,30062
30046,30051
30046,30054
30046,30062
30046,30067
30051,30062
30051,30067
30051,30068
30051,56947
30054,30058
30054,30062
30054,30067
30054,30068
30054,82870
30058,30062
30058,30067
30058,30068
30058,30079
30058,88083
30062,30067
30062,30072
30062,30079
30062,30080
30062,41172
30067,30068
30067,30072
30067,30079
30067,30080
30067,30094
30068,30072
30068,30079
30068,30080
30068,30094
30068,55455
30072,30079
30072,30080
30072,30096
30072,60241
30072,91130
30079,30080
30079,30094
30079,30096
30079,30099
30079,30112
30079,82096
30080,30094
30080,30096
30080,30099
30080,30112
30080,30118
30080,55182
30094,30096
30094,30112
30094,30118
30094,30121
30094,74939
30096,30099
30096,30112
30096,30118
30096,30121
30096,30126
30096,98162
30099,30112
30099,30121
30099,30126
30099,30128
30099,46839
30112,30118
30112,30121
30112,30126
30112,30128
30112,30131
30118,30121
30118,30126
30118,30128
30118,30131
30118,30137
30118,89579
30121,30126
30121,30128
30121,30131
30121,30137
30121,30146
30126,30128
30126,30137
30126,30146
30126,30149
30126,42274
30128,30131
30128,30137
30128,30149
30128,30151
30128,68615
30131,30137
30131,30146
30131,30149
30131,30151
30131,30164
30137,30146
30137,30149
30137,30151
30137,30164
30137,30165
30137,58371
30137,85341
30137,34582
30146,30149
30146,30151
30146,30164
30146,30165
30146,98532
30149,30151
30149,30164
30149,30165
30149,30168
30149,30170
30151,30164
30151,30165
30151,30168
30151,30170
30151,30174
30164,30165
30164,30168
30164,30170
30164,30174
30164,36753
30165,30168
30165,30170
30165,30174
30165,30177
30165,30179
30168,30170
30168,30174
30168,30177
30168,30179
30168,30180
30170,30174
30170,30177
30170,30179
30170,30180
30170,30181
30174,30177
30174,30179
30174,30180
30174,30181
30174,30186
30177,30179
30177,30180
30177,30181
30177,30186
30177,30192
30179,30180
30179,30181
30179,30186
30179,30192
30179,30198
30180,30181
30180,30186
30180,30192
30180,30198
30180,30201
30180,83811
30180,94348
30181,30186
30181,30192
30181,30198
30181,30201
30181,30203
30186,30192
30186,30198
30186,30201
30186,30203
30186,30205
30192,30198
30192,30201
30192,30203
30192,30205
30192,91345
30192,42281
30198,30201
30198,30203
30198,30205
30198,30206
30198,30210
30201,30203
30201,30205
30201,30206
30201,30210
30201,30211
30203,30205
30203,30206
30203,30210
30203,30211
30203,30219
30205,30206
30205,30210
30205,30211
30205,30219
30205,30230
30205,45751
30206,30210
30206,30211
30206,30219
30206,30230
30206,30233
30206,49162
30210,30211
30210,30230
30210,30233
30210,30240
30211,30219
30211,30230
30211,30233
30211,88015
30219,30230
30219,30233
30219,30240
30219,30244
30219,90226
30230,30240
30230,30244
30230,30245
30230,30251
30233,30240
30233,30244
30233,30245
30233,30251
30233,30255
30240,30244
30240,30245
30240,30255
30240,62881
30240,72760
30244,30245
30244,30251
30244,30255
30244,30264
30244,87615
30245,30251
30245,30255
30245,30263
30245,30264
30245,30265
30251,30255
30251,30263
30251,30265
30251,30267
30251,83317
30251,99198
30255,30263
30255,30264
30255,30265
30255,30267
30255,30279
30263,30264
30263,30265
30263,30267
30263,30279
30263,30280
30263,69617
30263,35346
30264,30265
30264,30267
30264,30279
30264,30280
30264,30283
30265,30267
30265,30279
30265,30280
30265,30283
30267,30279
30267,30280
30267,30283
30267,30291
30267,30294
30267,87621
30279,30280
30279,30283
30279,30291
30279,30294
30279,30305
30280,30283
30280,30291
30280,30294
30280,30305
30280,30309
30283,30294
30283,30305
30283,30309
30283,30310
30283,50306
30291,30294
30291,30305
30291,30309
30291,30310
30294,30305
30294,30309
30294,30310
30294,30334
30294,43011
30305,30310
30305,30334
30305,30337
30305,36750
30305,83700
30309,30310
30309,30334
30309,30335
30309,30337
30309,30342
30310,30334
30310,30335
30310,30337
30310,30342
30310,45725
30334,30335
30334,30337
30334,30342
30334,30347
30334,30348
30335,30337
30335,30342
30335,30347
30335,30348
30335,30349
30335,54502
30337,30342
30337,30347
30337,30348
30337,30349
30337,30350
30342,30347
30342,30348
30342,30349
30342,30350
30342,30354
30347,30349
30347,30350
30347,30354
30347,30361
30347,33571
30348,30350
30348,30361
30348,30372
30348,83091
30348,96493
30348,82312
30349,30350
30349,30361
30349,30374
30349,97603
30349,66704
30350,30354
30350,30361
30350,30372
30350,30374
30350,55800
30350,67209
30354,30361
30354,30372
30354,30374
30354,93906
30354,53833
30361,30372
30361,30374
30361,30384
30361,30385
30361,30391
30361,70119
30372,30374
30372,30384
30372,30385
30372,30391
30372,30392
30374,30384
30374,30385
30374,30391
30374,30392
30374,65385
30384,30385
30384,30391
30384,30392
30384,30393
30384,30396
30384,38891
30385,30391
30385,30392
30385,30396
30385,30401
30391,30392
30391,30393
30391,30396
30391,30401
30391,30409
30391,77981
30391,38441
30392,30393
30392,30401
30392,30409
30392,60270
30392,70704
30392,48859
30393,30396
30393,30401
30393,30409
30393,30410
30393,67520
30393,86683
30396,30401
30396,30409
30396,30410
30396,30417
30396,90209
30401,30409
30401,30410
30401,30417
30401,30425
30401,34352
30401,57863
30409,30410
30409,30417
30409,30423
30409,30425
30409,30428
30409,70475
30409,53895
30410,30417
30410,30423
30410,30425
30410,30428
30410,30430
30410,42934
30410,38718
30417,30423
30417,30425
30417,30428
30417,30430
30417,30431
30417,60884
30417,98560
30423,30425
30423,30428
30423,30430
30423,30431
30423,30440
30425,30428
30425,30430
30425,30431
30425,30440
30425,30442
30425,81842
30428,30430
30428,30431
30428,30440
30428,30442
30428,30445
30428,71167
30430,30431
30430,30442
30430,30445
30430,42300
30430,34686
30430,91104
30431,30440
30431,30442
30431,30445
30431,30449
30431,30450
30440,30442
30440,30445
30440,30449
30440,30455
30440,58858
30440,87093
30442,30445
30442,30449
30442,30450
30442,30455
30442,30456
30445,30449
30445,30450
30445,30455
30445,30456
30445,60483
30445,70347
30449,30450
30449,30455
30449,30456
30449,30458
30449,30463
30449,95382
30450,30455
30450,30456
30450,30458
30450,30463
30450,30466
30455,30456
30455,30458
30455,30463
30455,30466
30455,30471
30455,53734
30456,30458
30456,30463
30456,30466
30456,30471
30456,30474
30458,30466
30458,30471
30458,30474
30458,30483
30458,91128
30463,30466
30463,30471
30463,30474
30463,30483
30463,30485
30466,30474
30466,30483
30466,30486
30466,99970
30466,44162
30466,42199
30471,30474
30471,30483
30471,30486
30471,30490
30474,30483
30474,30485
30474,30486
30474,30490
30474,30493
30483,30485
30483,30486
30483,30490
30483,30493
30483,73219
30485,30486
30485,30493
30485,30496
30485,38854
30485,56740
30485,57039
30486,30490
30486,30493
30486,30496
30486,30499
30486,30504
30490,30493
30490,30496
30490,30499
30490,30506
30490,97262
30490,84157
30493,30496
30493,30499
30493,30504
30493,30506
30493,30508
30496,30499
30496,30506
30496,30508
30496,52216
30496,39912
30496,97409
30499,30504
30499,30506
30499,30508
30499,30512
30499,30514
30504,30506
30504,30508
30504,30512
30504,30514
30504,30515
30506,30508
30506,30512
30506,30514
30506,30515
30506,60165
30508,30512
30508,30514
30508,30515
30508,30517
30508,30522
30512,30514
30512,30515
30512,30517
30512,30522
30512,30530
30514,30515
30514,30517
30514,30522
30514,30530
30514,30559
30515,30522
30515,30530
30515,30559
30515,30561
30515,66048
30515,42041
30517,30522
30517,30530
30517,30562
30517,61388
30517,73098
30522,30530
30522,30559
30522,30561
30522,30562
30522,30569
30530,30559
30530,30561
30530,30570
30530,66789
30530,38046
30559,30561
30559,30562
30559,30569
30559,30570
30559,30571
30561,30562
30561,30570
30561,30571
30561,30572
30561,57510
30562,30569
30562,30570
30562,30571
30562,30572
30562,30573
30569,30570
30569,30571
30569,30572
30569,30573
30569,30574
30569,66813
30570,30571
30570,30572
30570,30573
30570,30583
30570,64711
30571,30572
30571,30573
30571,30574
30571,30583
30571,30585
30571,35908
30572,30574
30572,30583
30572,30585
30572,30589
30572,65150
30573,30574
30573,30583
30573,30585
30573,30589
30573,30591
30574,30583
30574,30585
30574,30589
30574,30592
30574,86296
30574,76720
30583,30585
30583,30591
30583,30592
30583,30595
30585,30591
30585,30592
30585,30595
30585,30596
30585,48994
30585,63224
30589,30591
30589,30592
30589,30595
30589,30596
30589,30601
30591,30592
30591,30596
30591,30601
30591,30602
30591,84473
30592,30595
30592,30596
30592,30602
30592,30605
30592,58026
30595,30596
30595,30601
30595,30602
30595,30605
30595,30606
30596,30601
30596,30602
30596,30605
30596,30606
30596,30609
30596,37051
30601,30602
30601,30605
30601,30606
30601,30609
30601,30611
30601,81006
30602,30605
30602,30606
30602,30611
30602,30612
30602,84424
30605,30606
30605,30609
30605,30611
30605,30612
30605,30615
30605,41849
30606,30611
30606,30612
30606,30615
30606,30624
30609,30611
30609,30615
30609,30624
30609,30625
30611,30612
30611,30624
30611,30625
30611,30628
30611,78898
30612,30615
30612,30624
30612,30625
30612,30628
30612,30630
30612,57164
30612,75755
30615,30624
30615,30625
30615,30628
30615,30630
30615,30633
30624,30625
30624,30633
30624,30638
30624,35039
30624,36419
30625,30628
30625,30630
30625,30633
30625,30638
30625,30648
30628,30633
30628,30638
30628,30648
30628,30650
30628,70007
30630,30633
30630,30638
30630,30648
30630,30650
30630,30656
30630,39858
30633,30648
30633,30650
30633,30656
30633,30658
30633,72376
30638,30648
30638,30650
30638,30656
30638,30658
30638,30663
30648,30650
30648,30656
30648,30663
30648,96617
30648,60494
30650,30656
30650,30658
30650,30663
30650,30665
30650,30670
30656,30658
30656,30663
30656,30665
30656,30670
30656,30673
30656,80033
30658,30663
30658,30665
30658,30670
30658,30673
30658,30674
30663,30665
30663,30670
30663,30674
30663,30684
30663,69534
30663,39632
30663,89026
30665,30670
30665,30673
30665,30674
30665,30684
30665,30695
30670,30673
30670,30684
30670,30695
30670,91824
30670,49538
30673,30674
30673,30684
30673,30696
30673,30699
30673,67396
30674,30684
30674,30695
30674,30696
30674,30701
30684,30695
30684,30696
30684,30699
30684,30701
30684,30704
30695,30696
30695,30699
30695,30701
30695,30704
30695,30705
30695,92361
30696,30699
30696,30701
30696,30704
30696,30705
30696,30708
30699,30701
30699,30705
30699,30708
30699,30710
30701,30704
30701,30705
30701,30708
30701,30710
30701,30711
30704,30705
30704,30710
30704,30711
30704,30717
30705,30708
30705,30710
30705,30711
30705,30717
30705,30723
30708,30710
30708,30711
30708,30723
30708,30727
30708,80918
30708,83759
30710,30711
30710,30717
30710,30723
30710,30727
30710,30729
30710,61818
30711,30717
30711,30723
30711,30727
30711,30729
30711,30730
30717,30723
30717,30727
30717,30729
30717,94886
30723,30727
30723,30729
30723,30730
30723,30735
30723,30736
30723,73446
30727,30730
30727,30735
30727,30736
30727,30738
30727,74443
30729,30730
30729,30735
30729,30736
30729,30738
30729,32893
30730,30735
30730,30736
30730,30738
30730,30742
30730,30744
30735,30736
30735,30738
30735,30744
30735,30745
30735,51708
30736,30738
30736,30742
30736,30744
30736,30745
30736,30746
30738,30742
30738,30744
30738,30745
30738,30746
30738,30749
30742,30744
30742,30746
30742,30749
30742,30750
30742,56395
30742,36605
30744,30745
30744,30746
30744,30749
30744,30750
30744,30753
30744,80649
30745,30749
30745,30750
30745,30753
30745,30754
30745,54876
30745,96722
30746,30749
30746,30750
30746,30753
30746,30754
30746,30758
30746,50019
30749,30750
30749,30753
30749,30754
30749,30758
30749,55903
30749,97418
30750,30753
30750,30754
30750,30758
30750,30763
30750,30764
30753,30754
30753,30758
30753,30763
30753,30764
30753,30769
30754,30758
30754,30764
30754,30769
30754,30770
30754,92345
30758,30763
30758,30764
30758,30769
30758,30770
30758,78972
30763,30764
30763,30769
30763,30770
30763,30771
30763,30776
30764,30769
30764,30770
30764,30771
30764,30776
30764,30777
30769,30770
30769,30776
30769,30777
30769,30789
30769,34498
30769,61860
30770,30771
30770,30776
30770,30777
30770,30789
30770,30793
30771,30789
30771,30793
30771,86812
30771,35831
30776,30777
30776,30789
30776,30793
30776,30800
30776,30801
30777,30789
30777,30793
30777,30800
30777,43205
30777,68752
30777,64590
30789,30793
30789,30800
30789,30801
30789,30805
30789,30808
30793,30800
30793,30801
30793,30805
30793,30808
30793,30810
30800,30801
30800,30805
30800,30808
30800,30810
30800,30811
30801,30805
30801,30808
30801,30811
30801,30822
30805,30808
30805,30810
30805,30811
30805,30822
30805,30828
30808,30810
30808,30811
30808,30828
30808,30831
30808,80900
30808,93692
30810,30811
30810,30828
30810,30831
30810,73262
30810,33548
30811,30822
30811,30828
30811,30831
30811,30834
30811,30835
30822,30828
30822,30831
30822,30834
30822,30835
30822,30836
30822,47416
30822,84473
30828,30834
30828,30835
30828,30836
30828,30837
30828,35066
30828,40273
30831,30834
30831,30835
30831,30836
30831,30837
30831,30842
30834,30835
30834,30844
30834,98896
30834,37014
30835,30836
30835,30837
30835,30842
30835,30844
30835,30845
30836,30837
30836,30844
30836,30845
30836,30846
30836,33585
30837,30842
30837,30844
30837,30845
30837,30846
30837,30851
30842,30844
30842,30845
30842,30846
30842,30851
30842,30857
30844,30845
30844,30846
30844,30851
30844,30857
30844,30858
30844,68706
30845,30846
30845,30851
30845,30857
30845,30858
30845,30862
30845,36616
30846,30851
30846,30857
30846,30858
30846,30862
30846,30864
30851,30857
30851,30858
30851,30862
30851,30864
30851,30875
30857,30858
30857,30862
30857,30864
30857,30875
30857,30876
30858,30864
30858,30875
30858,30876
30858,30878
30858,37522
30858,43407
30862,30864
30862,30876
30862,30878
30862,30884
30864,30875
30864,30876
30864,30878
30864,30884
30864,30887
30875,30876
30875,30878
30875,30884
30875,30887
30875,30889
30876,30884
30876,30887
30876,30889
30876,30891
30876,36613
30878,30884
30878,30887
30878,30889
30878,30891
30878,52150
30884,30887
30884,30889
30884,30891
30884,30901
30884,30903
30884,59365
30884,34305
30887,30889
30887,30891
30887,30901
30887,30903
30887,30904
30889,30891
30889,30903
30889,30904
30889,56242
30889,61303
30891,30901
30891,30903
30891,30904
30891,30906
30891,30908
30901,30903
30901,30906
30901,30908
30901,30915
30901,83637
30903,30904
30903,30906
30903,30908
30903,30915
30903,30917
30904,30906
30904,30908
30904,30915
30904,30917
30904,30920
30906,30908
30906,30915
30906,30917
30906,33449
30906,48501
30908,30915
30908,30917
30908,30920
30908,30925
30908,92383
30915,30917
30915,30920
30915,30923
30915,30925
30915,30926
30917,30920
30917,30923
30917,30925
30917,30926
30917,30932
30920,30923
30920,30925
30920,30926
30920,30932
30920,33412
30923,30925
30923,30926
30923,30932
30923,30939
30923,30941
30925,30926
30925,30932
30925,30939
30925,30941
30925,39444
30925,39964
30926,30932
30926,30939
30926,30941
30926,30943
30926,82390
30926,50524
30932,30939
30932,30941
30932,30943
30932,30955
30932,30958
30932,63338
30939,30941
30939,30943
30939,30955
30939,30958
30939,30960
30941,30943
30941,30955
30941,30970
30943,30955
30943,30958
30943,30960
30943,30970
30955,30958
30955,30960
30955,30970
30955,30975
30955,95091
30958,30960
30958,30970
30958,30973
30958,30975
30958,30977
30960,30970
30960,30973
30960,30975
30960,30977
30960,30978
30960,97299
30970,30973
30970,30975
30970,30977
30970,30978
30970,30979
30970,84663
30973,30975
30973,30977
30973,30978
30973,30979
30973,30980
30975,30984
30975,31636
30975,34618
30977,30978
30977,30979
30977,30980
30977,30984
30977,30989
30978,30979
30978,30980
30978,30984
30978,30998
30978,50455
30979,30980
30979,30984
30979,30989
30979,30998
30979,31007
30979,45261
30980,30984
30980,30989
30980,30998
30980,31007
30980,31011
30984,30989
30984,30998
30984,31007
30984,31011
30984,84424
30989,31007
30989,31014
30989,80207
30989,63516
30989,85504
30998,31011
30998,31013
30998,31014
30998,31026
30998,70130
30998,80514
31007,31011
31007,31013
31007,31014
31007,31026
31007,31033
31007,85955
31011,31013
31011,31014
31011,31026
31011,31041
31011,43547
31013,31014
31013,31026
31013,31033
31013,31041
31013,31042
31013,96164
31014,31026
31014,31041
31014,31042
31014,31043
31014,73563
31026,31033
31026,31042
31026,31043
31026,31047
31026,96943
31026,65616
31033,31041
31033,31042
31033,31043
31033,31047
31033,31048
31041,31042
31041,31043
31041,31047
31041,31048
31041,31064
31042,31043
31042,31047
31042,31048
31042,31064
31042,31065
31043,31047
31043,31048
31043,31064
31043,31065
31043,31066
31047,31048
31047,31064
31047,31065
31047,31066
31047,31071
31048,31065
31048,31066
31048,31071
31048,31072
31064,31065
31064,31066
31064,31071
31064,31072
31064,31074
31064,52570
31064,86377
31065,31066
31065,31071
31065,31072
31065,31074
31065,81037
31066,31071
31066,31072
31066,31074
31066,31075
31066,31076
31071,31072
31071,31075
31071,31076
31071,31086
31071,88509
31072,31074
31072,31075
31072,31086
31072,31103
31072,93326
31074,31075
31074,31076
31074,31086
31074,31103
31074,31107
31075,31076
31075,31086
31075,31103
31075,31112
31075,45397
31075,98066
31076,31086
31076,31103
31076,31107
31076,31112
31076,31116
31076,84855
31086,31103
31086,31107
31086,31112
31086,31116
31086,31125
31086,92321
31103,31107
31103,31112
31103,31116
31103,31125
31103,31126
31107,31112
31107,31116
31107,31125
31107,31126
31107,31132
31112,31116
31112,31125
31112,31126
31112,31132
31112,31133
31112,71628
31116,31125
31116,31126
31116,31133
31116,31138
31116,45351
31125,31126
31125,31132
31125,31133
31125,31138
31125,31139
31126,31132
31126,31133
31126,31138
31126,31139
31126,31141
31132,31133
31132,31138
31132,31139
31132,31141
31132,75449
31133,31138
31133,31139
31133,31143
31133,31150
31133,40474
31138,31139
31138,31141
31138,31143
31138,31150
31138,54905
31139,31143
31139,31150
31139,31154
31139,31157
31141,31143
31141,31150
31141,31154
31141,31157
31141,31160
31143,31150
31143,31154
31143,31157
31143,31160
31150,31157
31150,31160
31150,31163
31150,31167
31150,54194
31154,31157
31154,31163
31154,31167
31154,53155
31154,34052
31157,31160
31157,31163
31157,31167
31157,31171
31157,31176
31157,31625
31160,31163
31160,31167
31160,31171
31160,31176
31160,31181
31163,31167
31163,31171
31163,31176
31163,31181
31163,31184
31167,31176
31167,31181
31167,31184
31167,31188
31167,92253
31167,95381
31171,31176
31171,31181
31171,31184
31171,31188
31171,35278
31176,31181
31176,31184
31176,31188
31176,31191
31181,31191
31181,31199
31181,31200
31181,69694
31181,74419
31184,31188
31184,31191
31184,31199
31184,31200
31184,31219
31188,31191
31188,31199
31188,31200
31188,61276
31188,81012
31188,36469
31191,31199
31191,31200
31191,31219
31191,31221
31191,31227
31199,31200
31199,31219
31199,31221
31199,31227
31199,31230
31200,31221
31200,31227
31200,31230
31200,31231
31200,92516
31219,31221
31219,31227
31219,31231
31219,31233
31219,36034
31219,66208
31221,31227
31221,31230
31221,31231
31221,31233
31221,31235
31221,56170
31227,31231
31227,31233
31227,31235
31227,83027
31227,62651
31230,31231
31230,31233
31230,31235
31230,31247
31230,31252
31231,31233
31231,31235
31231,31247
31231,31252
31231,31256
31231,75940
31233,31247
31233,31252
31233,31256
31233,31259
31233,79227
31235,31247
31235,31252
31235,31256
31235,31259
31235,31267
31247,31252
31247,31256
31247,31259
31247,31267
31247,31269
31252,31256
31252,31259
31252,31267
31252,31269
31252,72772
31256,31259
31256,31267
31256,31269
31256,31271
31256,31275
31259,31267
31259,31271
31259,31275
31259,31277
31267,31269
31267,31271
31267,31275
31267,31277
31267,31278
31269,31271
31269,31275
31269,31277
31269,31280
31271,31275
31271,31277
31271,31278
31271,31280
31271,31285
31271,68583
31275,31277
31275,31278
31275,31280
31275,31287
31275,84679
31275,82428
31277,31278
31277,31280
31277,31287
31277,31288
31277,95934
31278,31285
31278,31287
31278,31288
31278,31295
31278,52961
31280,31285
31280,31288
31280,31295
31280,31298
31280,48625
31280,68566
31285,31288
31285,31298
31285,31299
31285,98255
31287,31288
31287,31295
31287,31298
31287,31299
31287,31304
31288,31295
31288,31298
31288,31299
31288,31304
31288,31305
31295,31298
31295,31299
31295,31304
31295,31305
31295,31307
31298,31299
31298,31304
31298,31307
31298,31309
31298,97364
31298,48700
31299,31304
31299,31305
31299,31307
31299,31309
31299,38605
31304,31305
31304,31309
31304,31317
31304,31318
31304,56124
31305,31309
31305,31317
31305,31318
31305,74056
31305,81431
31307,31309
31307,31318
31307,31324
31307,31325
31309,31317
31309,31318
31309,31324
31309,31325
31309,31329
31317,31318
31317,31324
31317,31325
31317,31346
31317,87663
31317,45752
31318,31324
31318,31325
31318,31329
31318,31346
31318,31349
31324,31325
31324,31329
31324,31349
31324,31352
31324,54194
31325,31329
31325,31346
31325,31349
31325,31352
31325,31354
31329,31346
31329,31352
31329,31356
31346,31349
31346,31352
31346,31354
31346,31356
31346,31367
31349,31352
31349,31354
31349,31356
31349,31367
31349,31416
31352,31354
31352,31367
31352,31416
31352,31418
31354,31356
31354,31367
31354,31416
31354,31418
31354,31423
31356,31367
31356,31416
31356,31423
31356,31432
31367,31416
31367,31418
31367,31432
31367,31435
31367,40019
31416,31418
31416,31423
31416,31432
31416,31436
31416,87148
31418,31423
31418,31432
31418,31435
31418,31450
31418,97482
31423,31436
31423,31450
31423,31451
31423,36631
31432,31435
31432,31436
31432,31450
31432,31451
31432,31462
31435,31436
31435,31451
31435,31462
31435,31465
31435,67194
31436,31450
31436,31451
31436,31465
31436,31472
31436,63153
31450,31451
31450,31462
31450,31472
31450,31478
31451,31462
31451,31465
31451,31472
31451,31478
31451,31486
31451,52040
31462,31465
31462,31472
31462,31478
31462,31486
31462,31487
31465,31472
31465,31478
31465,31486
31465,31487
31465,31491
31472,31478
31472,31486
31472,31487
31472,31491
31472,68874
31478,31486
31478,31487
31478,31496
31478,31499
31478,80649
31486,31487
31486,31491
31486,31496
31486,31499
31486,31504
31486,70653
31487,31496
31487,31499
31487,31504
31487,31507
31487,93511
31491,31496
31491,31499
31491,31504
31491,31509
31491,84076
31491,62865
31496,31499
31496,31504
31496,31507
31496,31509
31496,31510
31499,31504
31499,31507
31499,31509
31499,31510
31499,31511
31499,65024
31504,31507
31504,31509
31504,31510
31504,31511
31504,31513
31507,31509
31507,31511
31507,31513
31507,31521
31507,86037
31507,75296
31509,31510
31509,31511
31509,31513
31509,31522
31509,99329
31509,32901
31509,55193
31510,31511
31510,31513
31510,31521
31510,31522
31510,31525
31511,31513
31511,31521
31511,31522
31511,31525
31511,31533
31513,31521
31513,31522
31513,31525
31513,31533
31513,31535
31513,75721
31521,31522
31521,31533
31521,31535
31521,31536
31521,64977
31521,71798
31522,31525
31522,31533
31522,31535
31522,31536
31522,31537
31525,31533
31525,31535
31525,31536
31525,31537
31525,31543
31533,31535
31533,31536
31533,31537
31533,31543
31533,31547
31535,31536
31535,31537
31535,31543
31535,31547
31535,31556
31536,31543
31536,31547
31536,31556
31536,31566
31536,72385
31537,31543
31537,31547
31537,31556
31537,31566
31537,31567
31543,31547
31543,31556
31543,31566
31543,31567
31543,31568
31543,90452
31543,64254
31547,31556
31547,31566
31547,31568
31547,31569
31547,33559
31547,84636
31556,31566
31556,31567
31556,31568
31556,31569
31556,31572
31566,31567
31566,31568
31566,31569
31566,31572
31566,31575
31567,31568
31567,31569
31567,31572
31567,31575
31567,31576
31568,31569
31568,31572
31568,31575
31568,31576
31568,31577
31569,31572
31569,31576
31569,31579
31569,68573
31569,70917
31569,58469
31572,31575
31572,31576
31572,31577
31572,31590
31572,52301
31575,31576
31575,31577
31575,31579
31575,31590
31575,31593
31576,31577
31576,31579
31576,31590
31576,62254
31577,31579
31577,31590
31577,31593
31577,31598
31577,32213
31579,31590
31579,31598
31579,31600
31579,31603
31590,31593
31590,31598
31590,31600
31590,31603
31590,31607
31593,31598
31593,31600
31593,31607
31593,31618
31598,31600
31598,31603
31598,31607
31598,31625
31600,31603
31600,31607
31600,31618
31600,31629
31600,93478
31603,31607
31603,31618
31603,31625
31603,31629
31603,31632
31607,31618
31607,31625
31607,31629
31607,31632
31607,31633
31607,84886
31618,31625
31618,31629
31618,31632
31618,31633
31618,31635
31625,31629
31625,31633
31625,31635
31625,62411
31629,31632
31629,31633
31629,31635
31629,31636
31629,31641
31629,39426
31632,31633
31632,31635
31632,31636
31632,31641
31632,31645
31633,31635
31633,31636
31633,31641
31633,31645
31633,31649
31635,31636
31635,31645
31635,31649
31635,31656
31636,31641
31636,31645
31636,31649
31636,31656
31636,31660
31641,31645
31641,31649
31641,31656
31641,31660
31645,31649
31645,31656
31645,31660
31645,31663
31645,63826
31649,31656
31649,31663
31649,31664
31649,31669
31649,57469
31656,31660
31656,31664
31656,31669
31656,31671
31656,43041
31660,31663
31660,31664
31660,31669
31660,31671
31660,31675
31663,31664
31663,31669
31663,31671
31663,31676
31664,31669
31664,31671
31664,31675
31664,31676
31664,31688
31669,31671
31669,31675
31669,31676
31669,31688
31671,31675
31671,31676
31671,31688
31671,31700
31671,31701
31671,36774
31671,93872
31675,31688
31675,31700
31675,31701
31675,31706
31675,97594
31676,31688
31676,31700
31676,31701
31676,31706
31676,31708
31688,31700
31688,31701
31688,31706
31688,31708
31688,39137
31700,31701
31700,31706
31700,31708
31700,31713
31700,31725
31700,73324
31701,31708
31701,31713
31701,31725
31701,31727
31701,76314
31706,31708
31706,31713
31706,31725
31706,31727
31706,31730
31708,31713
31708,31725
31708,31727
31708,31739
31708,59118
31713,31727
31713,31730
31713,31739
31713,31745
31725,31727
31725,31730
31725,31739
31725,31745
31725,31747
31727,31730
31727,31739
31727,31745
31727,31747
31727,31755
31727,48395
31730,31739
31730,31745
31730,31747
31730,31755
31730,38840
31739,31745
31739,31762
31739,31769
31739,55287
31739,40760
31739,41344
31745,31747
31745,31755
31745,31762
31745,31769
31745,31779
31747,31755
31747,31762
31747,31769
31747,31779
31747,31786
31755,31762
31755,31779
31755,31786
31755,31798
31755,37893
31755,72954
31762,31769
31762,31779
31762,31786
31762,31798
31762,31808
31769,31786
31769,31798
31769,31808
31769,31816
31769,58226
31779,31786
31779,31798
31779,31808
31779,31816
31779,31818
31786,31798
31786,31808
31786,31816
31786,31818
31786,31821
31798,31808
31798,31816
31798,31818
31798,31821
31798,31826
31798,39477
31808,31816
31808,31818
31808,31821
31808,31826
31808,31828
31816,31818
31816,31821
31816,31826
31816,31828
31816,31830
31818,31821
31818,31826
31818,31828
31818,31830
31818,31839
31821,31828
31821,31830
31821,31839
31821,31843
31821,78560
31826,31828
31826,31830
31826,31839
31826,31843
31826,31846
31828,31830
31828,31839
31828,31846
31828,31847
31828,61731
31830,31839
31830,31843
31830,31846
31830,31847
31830,35966
31839,31843
31839,31847
31839,31849
31839,31850
31839,40005
31843,31846
31843,31847
31843,31849
31843,31850
31843,31851
31846,31849
31846,31850
31846,31851
31846,31859
31846,90007
31846,98975
31847,31849
31847,31850
31847,31851
31847,31859
31847,31865
31849,31851
31849,31859
31849,31865
31849,31870
31849,84090
31850,31851
31850,31870
31850,31874
31850,95934
31850,62480
31851,31859
31851,31865
31851,31870
31851,31874
31851,31875
31859,31865
31859,31870
31859,31874
31859,31875
31859,31879
31865,31870
31865,31874
31865,31875
31865,31879
31865,31881
31870,31874
31870,31875
31870,31881
31870,31882
31874,31875
31874,31879
31874,31881
31874,31882
31874,31892
31875,31879
31875,31881
31875,31882
31875,31892
31875,31895
31875,76947
31879,31881
31879,31882
31879,31903
31881,31882
31881,31892
31881,31895
31881,31903
31882,31892
31882,31895
31882,31903
31882,31908
31882,95712
31892,31895
31892,31903
31892,31908
31892,31914
31892,31917
31892,32830
31895,31908
31895,31914
31895,31917
31895,31927
31895,41725
31903,31908
31903,31917
31903,31927
31903,31936
31903,70693
31903,94830
31908,31914
31908,31917
31908,31927
31908,31936
31908,31940
31914,31917
31914,31927
31914,31936
31914,31940
31914,31943
31917,31927
31917,31940
31917,31943
31917,31948
31917,63768
31927,31936
31927,31940
31927,31943
31927,31948
31927,31950
31936,31940
31936,31943
31936,31948
31936,31950
31936,31951
31940,31943
31940,31948
31940,31951
31940,31952
31943,31950
31943,31951
31943,31952
31943,31960
31948,31950
31948,31951
31948,31952
31948,31960
31948,31962
31948,41381
31950,31960
31950,31962
31950,31964
31950,52217
31950,97774
31951,31952
31951,31960
31951,31962
31951,31964
31951,31965
31952,31960
31952,31962
31952,31964
31952,31965
31952,31972
31960,31962
31960,31964
31960,31965
31960,31972
31960,31975
31962,31964
31962,31965
31962,31972
31962,31978
31962,87202
31964,31965
31964,31972
31964,31975
31964,31978
31964,31987
31965,31972
31965,31975
31965,31978
31965,31987
31965,31988
31965,78933
31972,31975
31972,31978
31972,31987
31972,31988
31972,31992
31975,31978
31975,31987
31975,31988
31975,31992
31975,31995
31978,31987
31978,31988
31978,31992
31978,31995
31978,90711
31987,31988
31987,31992
31987,31995
31987,32002
31988,31995
31988,32002
31988,32004
31988,32005
31988,72581
31992,31995
31992,32002
31992,32004
31992,32005
31992,32011
31995,32002
31995,32004
31995,32005
31995,32011
31995,32013
31995,67195
32002,32004
32002,32005
32002,32011
32002,32013
32002,32016
32004,32005
32004,32011
32004,32013
32004,32016
32004,66812
32005,32011
32005,32016
32005,32017
32005,32020
32005,56861
32011,32013
32011,32017
32011,32020
32011,32031
32011,63255
32013,32016
32013,32017
32013,32020
32013,32031
32013,32033
32013,49922
32016,32017
32016,32020
32016,32031
32016,32033
32016,32045
32017,32020
32017,32031
32017,32033
32017,32045
32017,32052
32020,32031
32020,32045
32020,32052
32020,32054
32020,44756
32031,32033
32031,32045
32031,32052
32031,32054
32031,32057
32033,32052
32033,32054
32033,32057
32033,32058
32045,32052
32045,32054
32045,32057
32045,32060
32052,32054
32052,32057
32052,32058
32052,32060
32052,32062
32052,49357
32054,32057
32054,32058
32054,32060
32054,32062
32054,32068
32057,32058
32057,32060
32057,32062
32057,32068
32057,32070
32058,32062
32058,32068
32058,32070
32058,32071
32058,68560
32060,32062
32060,32068
32060,32070
32060,32071
32060,32073
32060,87157
32062,32071
32062,32073
32062,32075
32062,33521
32062,74770
32068,32070
32068,32071
32068,32073
32068,32075
32068,32088
32070,32071
32070,32073
32070,32075
32070,32088
32070,32090
32071,32075
32071,32088
32071,32090
32071,32096
32071,81146
32073,32088
32073,32090
32073,32096
32073,32098
32073,65180
32075,32090
32075,32096
32075,32105
32075,87470
32088,32090
32088,32096
32088,32098
32088,32107
32088,74545
32090,32096
32090,32098
32090,32105
32090,32107
32090,32108
32090,86715
32096,32098
32096,32105
32096,32107
32096,32108
32096,32109
32096,37213
32098,32105
32098,32107
32098,32108
32098,32109
32098,32114
32105,32107
32105,32108
32105,32109
32105,32114
32105,32117
32107,32108
32107,32109
32107,32114
32107,32117
32108,32109
32108,32114
32108,32117
32108,32118
32108,32121
32109,32114
32109,32117
32109,32118
32109,32124
32114,32117
32114,32118
32114,32121
32114,32124
32114,32130
32114,95618
32117,32118
32117,32121
32117,32124
32117,32130
32117,32133
32118,32121
32118,32124
32118,32130
32118,32133
32118,79965
32121,32124
32121,32130
32121,32133
32121,32134
32121,32137
32124,32130
32124,32133
32124,32134
32124,32137
32124,32139
32130,32133
32130,32134
32130,32137
32130,32139
32130,32141
32133,32134
32133,32137
32133,32139
32133,32141
32133,32144
32134,32137
32134,32141
32134,32144
32134,78353
32137,32139
32137,32144
32137,32145
32137,32149
32137,95534
32137,34974
32139,32141
32139,32144
32139,32145
32139,32149
32139,32150
32139,80900
32141,32144
32141,32145
32141,32149
32141,32150
32141,32155
32141,62144
32144,32145
32144,32149
32144,32150
32144,32155
32144,32156
32145,32149
32145,32150
32145,32155
32145,32157
32145,43000
32149,32155
32149,32156
32149,32157
32149,32160
32149,39608
32150,32155
32150,32160
32150,32161
32150,45023
32155,32156
32155,32157
32155,32160
32155,32161
32155,32163
32156,32157
32156,32160
32156,32163
32156,32164
32156,63308
32156,59198
32157,32160
32157,32161
32157,32163
32157,32164
32157,32169
32160,32161
32160,32163
32160,32164
32160,32169
32160,32170
32161,32163
32161,32164
32161,32169
32161,32170
32161,32172
32161,96244
32163,32164
32163,32169
32163,32170
32163,32172
32163,95092
32164,32169
32164,32170
32164,32172
32164,32176
32164,32177
32169,32170
32169,32172
32169,32176
32169,32177
32169,32182
32169,48655
32170,32172
32170,32176
32170,32177
32170,32182
32170,32183
32172,32176
32172,32177
32172,32182
32172,32183
32172,32186
32176,32177
32176,32182
32176,32183
32176,32186
32176,93106
32177,32182
32177,32186
32177,32198
32177,32200
32182,32183
32182,32186
32182,32198
32182,32200
32182,32201
32183,32186
32183,32198
32183,32200
32183,32201
32183,32208
32186,32198
32186,32200
32186,85980
32186,80161
32198,32200
32198,32201
32198,32208
32198,32212
32198,46701
32200,32201
32200,32208
32200,32212
32200,32217
32200,68062
32200,67552
32201,32208
32201,32212
32201,32213
32201,32217
32201,32224
32208,32212
32208,32217
32208,32224
32208,32226
32208,94034
32208,89498
32212,32213
32212,32217
32212,32224
32212,32226
32212,32227
32212,92484
32213,32224
32213,32226
32213,32227
32213,32239
32217,32224
32217,32227
32217,32239
32217,32240
32217,70538
32217,42187
32224,32226
32224,32227
32224,32239
32224,32240
32224,32246
32226,32227
32226,32240
32226,32246
32226,32248
32226,40280
32227,32239
32227,32240
32227,32246
32227,32248
32227,32252
32239,32240
32239,32246
32239,32248
32239,32252
32239,32254
32239,86750
32240,32246
32240,32252
32240,32254
32240,32256
32240,36536
32246,32248
32246,32252
32246,32254
32246,32256
32246,32260
32246,95495
32248,32252
32248,32254
32248,32256
32248,32260
32248,32261
32252,32254
32252,32256
32252,32260
32252,32261
32252,32268
32254,32260
32254,32261
32254,32268
32254,53916
32256,32260
32256,32261
32256,32268
32256,32275
32260,32261
32260,32268
32260,32275
32260,32279
32260,32281
32261,32268
32261,32275
32261,32279
32261,32281
32261,85428
32268,32275
32268,32279
32268,32289
32268,32291
32275,32281
32275,32289
32275,32291
32275,32294
32279,32281
32279,32289
32279,32291
32279,32301
32281,32291
32281,32301
32281,32302
32281,46041
32281,33218
32289,32291
32289,32294
32289,32301
32289,32302
32289,32303
32291,32294
32291,32301
32291,32302
32291,32303
32291,32309
32294,32301
32294,32303
32294,32309
32294,32311
32301,32302
32301,32303
32301,32309
32301,32311
32301,32312
32301,36822
32302,32303
32302,32309
32302,32311
32302,32312
32302,80561
32302,83688
32303,32309
32303,32311
32303,32312
32303,32322
32303,32323
32303,63125
32309,32312
32309,32322
32309,32323
32309,32325
32311,32312
32311,32322
32311,32323
32311,32325
32311,32326
32312,32322
32312,32323
32312,32325
32312,32326
32312,32336
32322,32323
32322,32325
32322,32336
32322,32337
32322,83066
32323,32325
32323,32326
32323,32336
32323,32337
32323,32341
32325,32336
32325,32337
32325,32341
32325,32343
32326,32337
32326,32341
32326,32343
32326,32344
32326,47703
32336,32337
32336,32341
32336,32343
32336,32344
32336,32345
32337,32341
32337,32343
32337,32344
32337,32345
32337,32346
32337,35037
32341,32343
32341,32344
32341,32345
32341,32346
32341,32354
32343,32344
32343,32345
32343,32346
32343,32354
32343,32356
32343,48381
32344,32345
32344,32346
32344,32354
32344,32356
32344,32381
32344,59268
32345,32346
32345,32354
32345,32381
32345,32385
32345,86715
32346,32354
32346,32356
32346,32381
32346,32385
32346,52639
32354,32356
32354,32381
32354,32385
32354,32391
32354,32405
32356,32381
32356,32385
32356,32391
32356,32405
32356,32407
32381,32385
32381,32405
32381,32407
32381,32412
32381,92338
32385,32391
32385,32405
32385,32407
32385,32412
32385,32413
32391,32405
32391,32412
32391,32414
32391,84230
32391,79251
32405,32407
32405,32412
32405,32413
32405,32414
32405,32427
32407,32412
32407,32413
32407,32414
32407,32427
32407,32428
32407,89061
32412,32413
32412,32414
32412,32427
32412,32428
32412,32437
32413,32414
32413,32428
32413,32437
32413,32439
32413,70973
32414,32427
32414,32428
32414,32437
32414,32439
32414,32450
32414,95595
32427,32428
32427,32437
32427,32439
32427,32450
32427,56536
32428,32437
32428,32439
32428,32450
32428,32456
32428,32460
32437,32439
32437,32450
32437,32456
32437,32460
32437,32461
32439,32450
32439,32456
32439,32460
32439,32461
32439,32464
32450,32456
32450,32460
32450,32461
32450,32464
32450,32478
32456,32460
32456,32461
32456,32464
32456,32478
32456,32479
32460,32461
32460,32464
32460,32478
32460,32479
32460,32486
32461,32464
32461,32478
32461,32486
32461,32489
32461,44547
32464,32479
32464,32486
32464,32489
32464,32493
32478,32479
32478,32486
32478,32489
32478,32493
32478,32524
32478,34605
32479,32486
32479,32489
32479,32493
32479,32526
32479,78744
32486,32489
32486,32493
32486,32524
32486,32526
32486,32529
32486,70956
32489,32493
32489,32524
32489,32526
32489,32529
32489,32534
32493,32524
32493,32526
32493,32529
32493,32537
32493,42049
32524,32526
32524,32529
32524,32534
32524,32537
32524,32542
32526,32529
32526,32534
32526,32537
32526,32542
32526,32544
32526,45483
32526,66534
32529,32534
32529,32537
32529,32542
32529,32544
32529,32549
32534,32537
32534,32542
32534,32544
32534,32549
32534,32557
32537,32542
32537,32544
32537,32549
32537,32557
32537,32560
32542,32544
32542,32549
32542,32557
32542,32560
32542,32561
32542,83810
32544,32549
32544,32557
32544,32560
32544,32561
32544,32564
32544,74833
32549,32560
32549,32561
32549,32564
32549,32569
32549,97646
32549,50139
32557,32560
32557,32564
32557,32569
32557,50009
32557,64209
32560,32561
32560,32564
32560,32569
32560,32571
32560,32580
32561,32564
32561,32569
32561,32571
32561,32580
32561,32584
32564,32569
32564,32580
32564,32584
32564,32590
32564,65563
32564,91627
32569,32571
32569,32580
32569,32590
32569,32596
32571,32580
32571,32584
32571,32590
32571,32597
32571,51692
32580,32584
32580,32590
32580,32596
32580,32597
32580,32601
32584,32590
32584,32596
32584,32597
32584,32601
32584,32605
32590,32596
32590,32597
32590,32601
32590,32605
32590,32606
32596,32597
32596,32601
32596,32605
32596,32606
32596,36688
32597,32601
32597,32605
32597,32606
32597,32611
32597,32612
32601,32605
32601,32606
32601,32611
32601,32612
32601,32621
32605,32606
32605,32611
32605,32612
32605,32621
32605,32626
32606,32612
32606,32621
32606,32626
32606,32630
32606,90979
32611,32612
32611,32621
32611,32626
32611,32630
32611,32632
32612,32621
32612,32626
32612,32630
32612,32634
32612,72955
32612,37283
32621,32626
32621,32630
32621,32632
32621,32634
32621,32643
32626,32630
32626,32632
32626,32634
32626,32643
32626,32646
32626,35384
32626,35035
32630,32632
32630,32634
32630,32643
32630,32646
32630,32649
32630,37761
32632,32634
32632,32643
32632,32646
32632,32649
32632,32653
32634,32643
32634,32646
32634,32654
32634,43517
32643,32646
32643,32649
32643,32655
32643,84219
32643,70499
32646,32649
32646,32654
32646,32655
32646,32666
32646,47623
32649,32653
32649,32654
32649,32655
32649,32666
32649,32668
32653,32654
32653,32666
32653,32668
32653,32672
32653,76191
32653,95744
32653,90482
32654,32655
32654,32666
32654,32672
32654,32674
32654,87884
32655,32666
32655,32668
32655,32672
32655,32674
32655,32686
32666,32668
32666,32672
32666,32686
32666,32688
32666,72096
32666,59465
32668,32672
32668,32674
32668,32686
32668,32688
32668,32693
32672,32674
32672,32686
32672,32688
32672,32693
32672,32699
32674,32686
32674,32688
32674,32693
32674,32699
32674,32701
32674,35687
32686,32693
32686,32699
32686,32701
32686,32706
32686,97373
32688,32699
32688,32701
32688,32706
32688,32708
32688,33784
32693,32701
32693,32706
32693,32708
32693,32710
32699,32701
32699,32706
32699,32708
32699,32710
32699,32715
32701,32706
32701,32708
32701,32710
32701,32715
32701,32725
32701,43836
32706,32708
32706,32710
32706,32715
32706,32725
32706,32727
32706,93994
32708,32710
32708,32715
32708,32725
32708,32727
32708,32732
32710,32715
32710,32725
32710,32732
32710,32733
32710,63633
32715,32725
32715,32727
32715,32732
32715,32733
32715,32737
32725,32727
32725,32732
32725,32733
32725,32737
32725,32739
32725,64300
32727,32732
32727,32739
32727,32743
32727,45023
32732,32733
32732,32737
32732,32739
32732,32743
32732,32749
32733,32737
32733,32739
32733,32743
32733,32749
32733,32750
32733,47550
32737,32739
32737,32743
32737,32749
32737,32750
32737,32753
32739,32743
32739,32749
32739,32750
32739,32753
32739,32760
32743,32749
32743,32750
32743,32753
32743,32761
32743,63768
32749,32750
32749,32753
32749,32760
32749,62455
32749,76714
32749,76852
32750,32753
32750,32760
32750,32761
32750,32767
32750,32770
32750,36498
32753,32760
32753,32761
32753,32767
32753,32770
32753,32772
32760,32761
32760,32767
32760,32770
32760,32772
32760,32781
32760,80308
32761,32767
32761,32770
32761,32772
32761,32781
32761,55707
32767,32770
32767,32772
32767,32781
32767,32783
32767,32790
32770,32772
32770,32781
32770,32783
32770,32790
32770,32792
32772,32781
32772,32783
32772,32790
32772,32792
32772,32799
32781,32783
32781,32790
32781,32792
32781,32799
32781,32803
32783,32790
32783,32792
32783,32799
32783,32804
32790,32792
32790,32799
32790,32803
32790,32804
32790,32805
32792,32799
32792,32803
32792,32804
32792,32805
32792,32806
32799,32803
32799,32804
32799,32810
32799,57823
32799,92855
32803,32804
32803,32805
32803,32806
32803,32810
32803,32815
32804,32805
32804,32806
32804,32810
32804,32815
32804,69956
32805,32806
32805,32810
32805,32815
32805,32830
32805,70859
32806,32810
32806,32815
32806,32824
32806,32830
32806,32831
32810,32815
32810,32824
32810,32830
32810,32831
32810,81346
32810,39032
32815,32824
32815,32831
32815,32834
32815,70346
32815,45865
32815,87576
32824,32830
32824,32831
32824,32833
32824,32834
32824,32840
32824,37498
32830,32831
32830,32833
32830,32840
32831,32833
32831,32834
32831,32840
32831,32841
32831,32844
32833,32834
32833,32840
32833,32841
32833,32844
32833,32860
32833,87730
32834,32840
32834,32841
32834,32844
32834,32860
32834,32863
32840,32844
32840,32860
32840,32863
32840,32865
32840,80466
32841,32844
32841,32860
32841,32863
32841,32865
32841,32868
32844,32860
32844,32865
32844,32868
32844,32871
32844,94188
32860,32863
32860,32865
32860,32868
32860,32871
32860,32872
32863,32865
32863,32868
32863,32871
32863,32872
32863,32873
32863,37555
32865,32868
32865,32871
32865,32872
32865,32873
32865,32881
32865,59609
32868,32871
32868,32872
32868,32873
32868,32881
32868,32884
32868,36208
32868,38969
32871,32872
32871,32873
32871,32881
32871,32884
32871,32887
32871,94762
32872,32873
32872,32881
32872,32884
32872,32887
32872,32888
32872,82001
32873,32881
32873,32884
32873,32887
32873,32888
32873,32890
32881,32884
32881,32887
32881,32888
32881,32890
32881,32892
32884,32887
32884,32888
32884,32890
32884,32892
32884,32893
32887,32888
32887,32890
32887,32892
32887,32893
32887,32900
32888,32890
32888,32892
32888,32893
32888,32900
32888,32901
32890,32893
32890,32900
32890,32908
32890,71787
32890,41054
32892,32893
32892,32900
32892,32901
32892,32908
32892,32913
32893,32900
32893,32901
32893,32908
32893,32913
32893,32916
32900,32901
32900,32908
32900,32913
32900,32916
32900,32920
32901,32908
32901,32916
32901,32920
32901,88816
32908,32913
32908,32916
32908,32920
32908,32922
32908,32923
32908,46178
32913,32920
32913,32922
32913,32923
32913,32928
32916,32920
32916,32922
32916,32923
32916,32931
32920,32922
32920,32923
32920,32928
32920,32931
32920,32939
32922,32923
32922,32928
32922,32931
32922,32939
32922,32940
32923,32928
32923,32939
32923,32946
32923,46449
32923,92457
32928,32939
32928,32940
32928,32946
32928,75063
32931,32939
32931,32940
32931,32946
32931,32947
32931,63692
32939,32940
32939,32946
32939,32947
32939,32951
32939,32953
32939,70693
32940,32946
32940,32947
32940,32951
32940,32953
32940,32977
32946,32947
32946,32951
32946,32953
32946,32977
32946,32981
32946,99370
32947,32977
32947,32981
32947,32996
32947,69289
32947,88954
32951,32953
32951,32977
32951,32996
32951,32999
32951,72442
32953,32977
32953,32981
32953,32996
32953,33001
32953,37739
32953,96926
32977,32996
32977,32999
32977,33001
32977,33003
32977,75786
32981,32996
32981,32999
32981,33001
32981,33003
32981,33008
32996,32999
32996,33001
32996,33003
32996,33008
32996,33013
32999,33001
32999,33003
32999,33008
32999,33013
32999,33019
33001,33003
33001,33008
33001,33013
33001,33019
33001,33021
33001,73617
33003,33008
33003,33019
33003,33021
33003,33024
33003,77040
33008,33013
33008,33019
33008,33021
33008,33024
33008,33025
33013,33019
33013,33021
33013,33024
33013,33026
33019,33021
33019,33024
33019,33025
33019,33026
33019,33027
33021,33024
33021,33025
33021,33026
33021,33029
33021,69902
33024,33025
33024,33026
33024,33027
33024,33029
33024,33037
33025,33026
33025,33027
33025,33029
33025,33037
33025,33041
33026,33027
33026,33029
33026,33037
33026,33041
33026,33045
33026,83956
33027,33029
33027,33041
33027,33050
33027,88695
33027,82700
33029,33037
33029,33041
33029,33045
33029,33050
33029,33052
33037,33041
33037,33045
33037,33050
33037,33052
33037,33056
33041,33045
33041,33050
33041,33052
33041,33056
33041,33059
33041,88263
33045,33050
33045,33052
33045,33056
33045,33059
33045,33061
33050,33052
33050,33056
33050,33059
33050,33061
33050,33065
33050,77913
33052,33056
33052,33059
33052,33061
33052,33065
33052,60594
33056,33059
33056,33065
33056,33071
33056,33072
33056,42000
33056,97874
33059,33061
33059,33065
33059,33072
33059,33080
33059,84145
33061,33065
33061,33071
33061,33072
33061,33080
33061,33086
33061,74056
33065,33071
33065,33080
33065,33086
33065,33088
33065,87152
33071,33072
33071,33080
33071,33086
33071,33088
33071,33089
33072,33080
33072,33086
33072,33089
33072,33091
33072,45771
33080,33086
33080,33089
33080,33091
33080,33095
33086,33088
33086,33089
33086,33091
33086,33095
33086,33104
33088,33089
33088,33095
33088,33104
33088,33106
33088,66696
33088,79488
33089,33091
33089,33095
33089,33104
33089,33106
33089,33110
33091,33095
33091,33104
33091,33106
33091,33110
33091,90783
33095,33104
33095,33106
33095,33110
33095,33116
33095,33122
33095,52926
33095,46826
33104,33106
33104,33110
33104,33122
33104,33123
33104,77002
33106,33116
33106,33122
33106,33123
33106,33135
33106,76739
33110,33116
33110,33122
33110,33123
33110,33135
33110,33136
33116,33122
33116,33123
33116,33135
33116,33136
33116,33144
33116,44036
33122,33123
33122,33135
33122,33136
33122,33144
33122,33145
33123,33135
33123,33136
33123,33144
33123,33145
33123,33146
33135,33136
33135,33145
33135,33146
33135,33148
33136,33144
33136,33145
33136,33146
33136,33148
33136,33159
33144,33145
33144,33146
33144,33148
33144,33159
33144,33161
33145,33146
33145,33148
33145,33159
33145,33161
33145,33168
33146,33148
33146,33159
33146,33161
33146,33168
33146,33170
33148,33159
33148,33161
33148,33168
33148,33170
33148,33172
33159,33161
33159,33168
33159,33170
33159,33172
33159,60120
33161,33168
33161,33170
33161,33181
33161,33183
33168,33170
33168,33172
33168,33181
33168,33183
33168,33184
33168,34938
33170,33172
33170,33181
33170,33183
33170,33184
33170,33187
33172,33181
33172,33184
33172,33187
33172,33189
33172,60128
33181,33183
33181,33184
33181,33187
33181,33189
33181,33192
33181,86683
33183,33184
33183,33187
33183,33189
33183,33192
33183,33201
33184,33187
33184,33189
33184,33192
33184,33201
33184,33203
33187,33189
33187,33192
33187,33201
33187,33203
33187,33217
33189,33201
33189,33203
33189,33217
33189,33218
33189,41599
33189,39200
33192,33201
33192,33203
33192,33217
33192,33218
33192,33219
33201,33203
33201,33218
33201,33219
33201,33224
33201,88990
33203,33217
33203,33218
33203,33219
33203,33224
33203,33227
33217,33218
33217,33219
33217,33224
33217,33227
33217,33228
33218,33219
33218,33224
33218,33227
33218,33228
33218,38857
33219,33224
33219,33227
33219,33228
33219,33230
33219,33235
33224,33227
33224,33228
33224,33230
33224,33235
33224,33241
33224,42903
33227,33228
33227,33230
33227,33235
33227,33241
33227,33244
33228,33230
33228,33235
33228,33241
33228,33244
33228,33246
33230,33241
33230,33244
33230,33246
33230,43021
33230,48227
33235,33244
33235,33246
33235,33249
33235,33252
33241,33244
33241,33246
33241,33249
33241,33252
33241,33255
33241,93938
33241,77111
33244,33246
33244,33249
33244,33252
33244,33255
33244,33273
33246,33249
33246,33252
33246,33255
33246,33273
33246,33275
33246,50649
33249,33252
33249,33255
33249,33273
33249,33278
33249,93008
33249,63252
33252,33255
33252,33275
33252,33278
33252,33289
33252,37223
33255,33273
33255,33275
33255,33278
33255,33289
33255,79651
33273,33275
33273,33278
33273,33289
33273,33297
33273,33298
33273,95658
33275,33278
33275,33289
33275,33298
33275,33307
33275,76417
33278,33289
33278,33297
33278,33298
33278,33307
33278,33316
33289,33298
33289,33307
33289,33316
33289,34617
33297,33298
33297,33316
33297,33322
33297,33323
33297,69026
33298,33307
33298,33316
33298,33322
33298,33323
33298,33324
33307,33316
33307,33322
33307,33323
33307,33324
33307,33326
33316,33322
33316,33323
33316,33324
33316,33326
33316,33327
33316,77318
33322,33323
33322,33326
33322,33327
33322,33330
33322,84916
33323,33324
33323,33326
33323,33327
33323,33330
33323,33332
33323,44698
33324,33326
33324,33327
33324,33330
33324,33332
33324,33333
33326,33327
33326,33330
33326,33332
33326,33333
33326,33338
33326,77993
33326,89032
33327,33330
33327,33332
33327,33338
33327,33351
33327,41421
33327,89254
33330,33332
33330,33333
33330,33338
33330,33351
33330,33353
33332,33333
33332,33351
33332,33353
33332,33358
33332,65428
33333,33338
33333,33351
33333,33353
33333,33358
33333,33362
33338,33351
33338,33353
33338,33358
33338,33362
33338,33363
33351,33353
33351,33358
33351,33362
33351,33363
33351,33368
33351,37394
33353,33358
33353,33362
33353,33363
33353,33368
33353,56249
33353,80577
33358,33362
33358,33363
33358,33368
33358,33374
33358,33377
33362,33368
33362,33374
33362,33377
33362,33381
33362,94187
33362,92939
33363,33368
33363,33374
33363,33377
33363,33381
33363,33383
33363,81966
33368,33374
33368,33377
33368,33381
33368,33383
33368,34756
33368,42435
33374,33377
33374,33381
33374,33383
33374,33384
33374,33390
33377,33381
33377,33383
33377,33384
33377,33390
33377,33393
33381,33383
33381,33384
33381,33390
33381,33393
33381,33394
33383,33384
33383,33390
33383,33393
33383,33394
33383,33395
33384,33390
33384,33393
33384,33394
33384,33395
33384,33397
33390,33393
33390,33394
33390,33395
33390,33398
33390,42681
33393,33394
33393,33395
33393,33397
33393,33398
33393,33400
33394,33395
33394,33397
33394,33398
33394,33400
33394,33411
33395,33397
33395,33398
33395,33412
33395,41993
33395,78850
33397,33398
33397,33400
33397,33411
33397,33416
33397,99886
33397,75025
33398,33400
33398,33411
33398,33412
33398,33416
33398,33417
33400,33411
33400,33412
33400,33416
33400,33417
33400,33426
33411,33412
33411,33416
33411,33417
33411,33426
33411,33429
33412,33416
33412,33417
33412,33426
33412,33429
33412,53975
33416,33417
33416,33426
33416,33429
33416,33438
33417,33426
33417,33429
33417,33442
33417,33443
33417,72364
33426,33438
33426,33442
33426,33443
33426,33446
33426,95897
33429,33438
33429,33442
33429,33443
33429,33446
33429,33447
33438,33443
33438,33446
33438,33447
33438,36753
33438,94198
33442,33443
33442,33446
33442,33447
33442,33448
33442,33449
33442,91813
33443,33446
33443,33447
33443,33448
33443,33449
33443,96191
33446,33447
33446,33448
33446,33449
33446,33450
33446,33456
33446,86681
33447,33448
33447,33449
33447,33450
33447,33456
33447,33457
33448,33449
33448,33456
33448,33457
33448,58179
33448,96009
33449,33450
33449,33457
33449,33464
33449,33477
33449,48906
33450,33456
33450,33457
33450,33464
33450,33477
33450,33483
33450,38838
33450,71990
33456,33457
33456,33464
33456,33477
33456,33483
33456,33492
33457,33464
33457,33477
33457,33483
33457,33492
33457,33496
33464,33477
33464,33483
33464,33492
33464,33496
33464,85563
33477,33483
33477,33496
33477,33501
33477,48152
33477,42860
33477,42040
33483,33492
33483,33496
33483,33499
33483,33501
33483,33506
33492,33496
33492,33499
33492,33501
33492,33506
33492,33509
33496,33499
33496,33501
33496,33506
33496,33509
33496,33513
33499,33501
33499,33506
33499,33509
33499,33513
33499,33515
33499,78261
33501,33506
33501,33509
33501,33513
33501,33515
33501,33518
33506,33509
33506,33513
33506,33515
33506,33519
33506,86746
33509,33513
33509,33515
33509,33518
33509,33519
33509,33521
33513,33518
33513,33519
33513,33521
33513,33523
33513,44708
33513,88970
33515,33518
33515,33519
33515,33521
33515,33523
33515,33525
33518,33519
33518,33521
33518,33523
33518,33527
33518,88674
33519,33521
33519,33523
33519,33525
33519,33527
33519,33528
33519,66594
33521,33525
33521,33527
33521,33528
33521,33529
33521,79067
33523,33525
33523,33527
33523,33528
33523,33529
33523,33530
33523,86812
33525,33527
33525,33528
33525,33529
33525,33530
33525,33531
33527,33528
33527,33529
33527,33531
33527,33532
33528,33529
33528,33530
33528,33531
33528,33532
33528,33540
33529,33530
33529,33531
33529,33532
33529,33540
33529,33542
33530,33531
33530,33532
33530,33540
33530,33542
33530,33546
33530,88769
33531,33532
33531,33540
33531,33542
33531,33546
33531,33548
33532,33540
33532,33548
33532,64007
33532,88920
33532,89708
33540,33542
33540,33546
33540,33548
33540,33549
33540,33551
33540,40648
33540,79053
33542,33546
33542,33548
33542,33549
33542,85000
33546,33548
33546,33549
33546,33551
33546,33559
33546,33561
33548,33549
33548,33551
33548,33559
33548,33561
33548,49505
33549,33551
33549,33559
33549,33561
33549,33562
33549,33563
33551,33559
33551,33561
33551,33562
33551,33563
33551,62288
33559,33563
33559,33565
33559,33567
33559,91752
33561,33562
33561,33565
33561,33567
33561,33571
33562,33563
33562,33565
33562,33567
33562,33571
33562,33573
33563,33565
33563,33567
33563,33571
33563,33573
33563,33574
33565,33567
33565,33571
33565,33573
33565,33576
33567,33573
33567,33574
33567,33576
33567,35572
33567,97865
33571,33573
33571,33574
33571,33576
33571,33578
33571,33584
33573,33574
33573,33578
33573,33584
33573,33585
33574,33578
33574,33584
33574,33585
33574,33594
33574,64095
33574,81252
33576,33584
33576,33585
33576,33594
33576,33595
33576,76005
33576,84374
33578,33584
33578,33585
33578,33594
33578,33595
33578,33599
33584,33595
33584,33599
33584,93878
33584,47386
33585,33594
33585,33595
33585,33599
33585,33607
33585,33610
33594,33595
33594,33599
33594,33607
33594,33610
33594,33616
33595,33599
33595,33607
33595,33610
33595,33616
33595,33618
33599,33607
33599,33610
33599,33616
33599,33618
33599,33619
33607,33610
33607,33616
33607,33618
33607,33621
33607,96711
33610,33616
33610,33618
33610,33619
33610,33621
33610,33622
33616,33618
33616,33619
33616,33621
33616,33622
33616,33628
33618,33621
33618,33622
33618,33628
33618,98891
33618,37040
33618,70649
33619,33621
33619,33622
33619,33628
33619,33633
33619,33647
33621,33622
33621,33628
33621,33633
33621,33648
33621,47371
33622,33633
33622,33647
33622,33654
33622,60095
33622,70232
33628,33633
33628,33647
33628,33648
33628,33654
33628,33659
33628,79733
33633,33647
33633,33648
33633,33654
33633,33659
33633,33663
33633,90871
33633,81071
33647,33648
33647,33654
33647,33659
33647,33663
33647,33665
33648,33654
33648,33659
33648,33663
33648,33665
33648,33666
33654,33663
33654,33665
33654,33666
33654,33667
33654,52071
33659,33663
33659,33665
33659,33676
33659,50068
33659,62117
33659,84337
33663,33665
33663,33666
33663,33667
33663,33676
33663,33691
33663,67858
33665,33666
33665,33667
33665,33676
33665,33691
33665,33694
33666,33667
33666,33676
33666,33691
33666,80576
33667,33676
33667,33691
33667,33694
33667,33701
33676,33691
33676,33694
33676,33699
33676,33701
33676,33709
33676,49026
33691,33694
33691,33699
33691,33701
33691,33709
33691,33715
33694,33709
33694,33715
33694,33726
33694,64209
33694,99886
33694,89883
33699,33701
33699,33709
33699,33715
33699,33726
33699,33737
33701,33709
33701,33715
33701,33726
33701,33737
33701,33742
33701,64750
33709,33715
33709,33726
33709,33737
33709,33742
33709,33746
33715,33726
33715,33737
33715,33742
33715,33755
33715,85355
33715,46392
33726,33737
33726,33742
33726,33755
33726,33756
33726,70217
33726,70413
33737,33746
33737,33755
33737,33756
33737,33760
33737,89250
33742,33746
33742,33755
33742,33756
33742,33760
33742,33763
33746,33755
33746,33756
33746,33760
33746,33763
33746,33768
33755,33756
33755,33760
33755,33763
33755,33768
33755,33769
33755,39632
33755,59427
33756,33760
33756,33763
33756,33768
33756,33770
33756,55468
33760,33763
33760,33768
33760,33769
33760,33770
33760,33781
33763,33768
33763,33769
33763,33770
33763,33781
33763,33784
33763,74719
33768,33769
33768,33770
33768,33781
33768,33784
33768,33785
33768,57072
33769,33770
33769,33781
33769,33784
33769,33785
33769,33786
33770,33781
33770,33784
33770,33785
33770,33786
33770,33788
33781,33784
33781,33785
33781,33786
33781,33788
33781,33790
33784,33785
33784,33786
33784,33790
33784,33793
33784,43577
33785,33786
33785,33788
33785,33790
33785,33793
33785,33800
33786,33788
33786,33790
33786,33793
33786,33800
33786,33807
33788,33790
33788,33793
33788,33800
33788,33807
33788,33809
33790,33793
33790,33800
33790,33807
33790,33809
33790,33817
33793,33807
33793,33809
33793,33817
33793,33820
33793,91992
33800,33807
33800,33809
33800,33817
33800,33820
33800,33822
33807,33809
33807,33817
33807,33820
33807,33822
33807,33823
33809,33817
33809,33820
33809,33822
33809,33823
33809,33827
33817,33822
33817,33823
33817,33827
33817,33833
33817,67129
33820,33823
33820,33833
33820,33847
33820,62903
33822,33823
33822,33827
33822,33833
33822,33847
33822,33849
33822,63326
33823,33827
33823,33833
33823,33847
33823,33849
33823,33857
33823,57915
33827,33833
33827,33847
33827,33849
33827,33857
33827,33864
33833,33847
33833,33849
33833,33857
33833,33864
33833,33865
33833,78938
33847,33849
33847,33857
33847,33864
33847,33865
33847,33868
33847,91110
33849,33857
33849,33864
33849,33868
33849,35633
33849,99529
33857,33864
33857,33865
33857,33868
33857,33879
33864,33868
33864,33871
33864,33880
33864,89810
33864,92321
33864,42896
33865,33868
33865,33871
33865,33879
33865,33880
33865,33888
33868,33871
33868,33879
33868,33880
33868,33888
33868,33892
33871,33879
33871,33880
33871,33888
33871,33892
33871,33898
33879,33880
33879,33888
33879,33892
33879,33898
33879,33901
33880,33888
33880,33898
33880,33916
33880,91457
33888,33892
33888,33898
33888,33901
33888,33916
33888,33921
33892,33898
33892,33901
33892,33916
33892,33921
33892,33922
33898,33901
33898,33916
33898,33921
33898,33922
33898,33927
33898,62031
33901,33921
33901,33922
33901,33927
33901,74343
33916,33921
33916,33922
33916,33927
33916,33928
33916,33929
33921,33922
33921,33927
33921,33928
33921,33929
33921,33930
33922,33927
33922,33928
33922,33929
33922,36064
33927,33928
33927,33929
33927,33930
33927,33939
33927,33945
33928,33929
33928,33930
33928,33939
33928,33945
33929,33930
33929,33939
33929,33945
33929,33947
33929,33953
33930,33939
33930,33945
33930,33947
33930,33953
33930,33954
33930,56359
33939,33945
33939,33947
33939,33953
33939,33954
33939,33955
33939,86598
33945,33947
33945,33953
33945,33954
33945,33955
33945,97804
33947,33953
33947,33954
33947,33955
33947,33957
33947,33959
33953,33954
33953,33955
33953,33957
33953,33959
33953,33965
33953,60350
33954,33955
33954,33957
33954,33959
33954,33965
33954,33966
33955,33957
33955,33959
33955,33965
33955,33966
33955,33969
33957,33959
33957,33965
33957,33966
33957,33969
33957,33971
33957,56751
33959,33965
33959,33966
33959,33969
33959,33971
33959,33973
33965,33966
33965,33969
33965,33971
33965,33973
33965,33977
33966,33969
33966,33971
33966,33973
33966,33977
33966,33978
33969,33973
33969,33977
33969,33978
33969,33980
33971,33973
33971,33977
33971,33978
33971,33980
33971,33985
33973,33977
33973,33980
33973,33985
33973,33986
33977,33978
33977,33980
33977,33985
33977,33986
33977,34009
33977,41010
33978,33980
33978,33986
33978,34011
33978,77767
33980,33985
33980,33986
33980,34009
33980,34011
33980,34012
33985,33986
33985,34009
33985,34011
33985,34012
33985,34015
33986,34009
33986,34011
33986,34012
33986,34015
33986,34016
33986,35572
34009,34011
34009,34015
34009,34016
34009,34021
34009,56676
34011,34015
34011,34016
34011,34021
34011,34024
34011,77552
34012,34015
34012,34016
34012,34021
34012,34024
34012,78935
34015,34016
34015,34021
34015,34024
34015,34034
34015,34039
34016,34024
34016,34034
34016,34039
34016,34047
34016,57190
34016,44882
34021,34024
34021,34034
34021,34039
34021,34047
34021,34052
34021,72873
34021,90181
34024,34034
34024,34039
34024,34047
34024,34052
34024,34068
34034,34039
34034,34047
34034,34052
34034,34068
34034,34075
34039,34047
34039,34052
34039,34068
34039,34075
34039,34076
34047,34052
34047,34068
34047,34075
34047,34076
34047,34082
34052,34068
34052,34075
34052,34076
34052,34082
34052,34086
34068,34075
34068,34076
34068,34082
34068,34086
34068,67086
34075,34076
34075,34082
34075,34086
34075,34097
34075,34098
34076,34082
34076,34086
34076,34097
34076,34099
34076,48939
34082,34086
34082,34097
34082,34098
34082,34099
34082,34102
34086,34098
34086,34099
34086,34102
34086,68363
34097,34098
34097,34099
34097,34102
34097,34103
34097,34107
34098,34099
34098,34102
34098,34107
34098,34121
34098,71138
34098,71022
34099,34107
34099,34127
34099,94694
34099,87891
34102,34103
34102,34121
34102,34127
34102,34140
34102,55907
34103,34121
34103,34127
34103,34147
34103,78787
34103,42269
34107,34121
34107,34127
34107,34140
34107,34147
34107,84259
34121,34127
34121,34140
34121,34147
34121,34151
34121,34164
34127,34140
34127,34147
34127,34151
34127,34165
34140,34147
34140,34151
34140,34164
34140,34165
34140,34166
34140,42193
34140,93281
34147,34151
34147,34165
34147,34166
34147,34167
34151,34164
34151,34165
34151,34166
34151,34167
34151,34173
34164,34165
34164,34166
34164,34167
34164,34173
34164,34174
34165,34166
34165,34167
34165,34173
34165,34174
34165,34175
34166,34167
34166,34173
34166,34174
34166,34175
34166,34178
34167,34173
34167,34174
34167,34175
34167,34178
34173,34174
34173,34175
34173,34178
34173,34179
34173,34180
34173,88685
34174,34175
34174,34178
34174,34180
34174,34185
34174,67086
34175,34178
34175,34180
34175,34185
34175,34186
34175,39866
34178,34179
34178,34180
34178,34185
34178,34189
34178,39762
34179,34180
34179,34185
34179,34186
34179,34189
34179,34199
34180,34185
34180,34186
34180,34189
34180,34199
34180,34202
34185,34186
34185,34189
34185,34199
34185,34202
34185,34203
34185,97387
34186,34189
34186,34199
34186,34202
34186,34203
34186,34208
34189,34199
34189,34202
34189,34203
34189,34208
34189,34214
34199,34202
34199,34203
34199,34208
34199,34214
34199,34221
34202,34203
34202,34208
34202,34214
34202,34221
34202,34222
34203,34208
34203,34214
34203,34221
34203,34222
34203,34225
34208,34214
34208,34221
34208,34222
34208,34225
34208,34228
34214,34221
34214,34222
34214,34225
34214,34228
34214,34232
34221,34222
34221,34225
34221,34228
34221,34232
34221,34233
34221,93629
34222,34225
34222,34228
34222,34232
34222,34233
34222,34234
34225,34228
34225,34232
34225,34233
34225,34241
34225,62213
34228,34232
34228,34233
34228,34234
34228,34241
34228,34242
34232,34233
34232,34241
34232,34242
34232,34244
34232,89493
34232,89560
34233,34234
34233,34241
34233,34242
34233,34244
34233,34245
34234,34241
34234,34242
34234,34244
34234,34245
34241,34242
34241,34244
34241,34245
34241,34254
34241,34266
34242,34244
34242,34245
34242,34254
34242,34266
34242,34271
34242,49297
34244,34245
34244,34254
34244,34266
34244,34275
34244,56206
34245,34271
34245,34275
34245,34284
34245,92200
34254,34266
34254,34271
34254,34284
34254,34286
34254,47022
34266,34275
34266,34284
34266,34286
34266,34289
34266,79945
34266,80649
34266,87091
34271,34275
34271,34284
34271,34286
34271,34289
34271,34292
34275,34284
34275,34286
34275,34289
34275,34292
34275,34293
34275,80758
34284,34286
34284,34289
34284,34292
34284,34293
34284,34305
34286,34289
34286,34292
34286,34293
34286,34305
34286,54324
34289,34292
34289,34293
34289,34315
34289,34318
34289,62076
34292,34293
34292,34305
34292,34315
34292,34318
34292,34321
34292,65821
34292,80277
34293,34305
34293,34318
34293,34321
34293,93172
34293,78754
34293,40690
34305,34315
34305,34321
34305,34326
34305,93648
34305,77585
34315,34318
34315,34321
34315,34324
34315,34326
34315,34327
34318,34321
34318,34324
34318,34327
34318,34332
34318,75787
34321,34324
34321,34326
34321,34327
34321,34334
34321,83021
34324,34326
34324,34332
34324,34334
34324,34336
34324,37342
34324,48666
34326,34327
34326,34332
34326,34334
34326,34336
34326,34338
34327,34332
34327,34338
34327,34339
34327,79627
34332,34334
34332,34338
34332,34339
34332,34345
34334,34336
34334,34338
34334,34339
34334,34345
34334,34347
34336,34338
34336,34339
34336,34345
34336,34347
34336,34352
34336,49781
34338,34339
34338,34345
34338,34347
34338,34352
34339,34345
34339,34347
34339,34352
34339,34354
34339,34356
34339,76988
34345,34347
34345,34352
34345,34354
34345,34356
34345,34371
34347,34352
34347,34354
34347,34356
34347,34371
34347,52766
34352,34354
34352,34356
34352,34373
34352,34379
34354,34356
34354,34373
34354,34379
34354,34382
34354,83190
34356,34371
34356,34373
34356,34379
34356,34382
34356,34383
34371,34373
34371,34379
34371,34382
34371,34383
34371,34391
34373,34379
34373,34382
34373,34383
34373,34391
34373,34405
34379,34382
34379,34383
34379,34391
34379,34405
34379,34407
34379,95391
34379,63454
34379,39459
34382,34383
34382,34391
34382,34405
34382,34407
34382,34411
34383,34391
34383,34405
34383,34407
34383,34411
34383,34412
34383,92623
34391,34405
34391,34407
34391,34411
34391,34412
34391,34416
34391,76714
34405,34407
34405,34411
34405,34412
34405,34416
34405,34424
34405,92833
34405,51114
34405,87812
34407,34411
34407,34412
34407,34416
34407,34424
34407,34431
34411,34412
34411,34416
34411,34424
34411,34431
34411,82422
34411,93992
34412,34416
34412,34424
34412,34431
34412,34436
34412,34451
34416,34424
34416,34431
34416,34436
34416,34451
34416,34453
34424,34431
34424,34436
34424,34451
34424,34453
34424,34457
34431,34436
34431,34451
34431,34453
34431,34457
34431,34460
34436,34451
34436,34453
34436,34457
34436,34460
34436,34464
34436,44126
34451,34460
34451,34464
34451,34472
34451,76735
34451,37423
34453,34457
34453,34460
34453,34464
34453,34477
34453,74833
34457,34460
34457,34464
34457,34477
34457,34480
34457,65583
34460,34464
34460,34472
34460,34477
34460,34480
34460,34484
34460,47244
34464,34472
34464,34477
34464,34480
34464,34484
34464,34485
34472,34477
34472,34480
34472,34484
34472,34485
34472,34488
34477,34480
34477,34485
34477,34488
34477,34493
34477,50297
34480,34485
34480,34488
34480,34493
34480,34498
34480,61144
34480,70364
34484,34485
34484,34493
34484,34499
34484,58557
34484,65837
34484,61091
34484,68340
34485,34488
34485,34493
34485,34498
34485,34499
34485,34500
34488,34498
34488,34499
34488,34500
34488,34501
34488,60719
34493,34498
34493,34499
34493,34500
34493,34501
34493,34503
34498,34499
34498,34500
34498,34501
34498,34503
34498,34505
34499,34500
34499,34501
34499,34503
34499,34505
34499,43656
34500,34501
34500,34505
34500,34508
34500,34515
34501,34503
34501,34505
34501,34508
34501,34515
34501,34517
34503,34505
34503,34508
34503,34515
34503,34517
34503,34522
34505,34508
34505,34515
34505,34517
34505,34522
34505,34523
34508,34515
34508,34517
34508,34522
34508,34533
34508,74762
34515,34517
34515,34523
34515,34533
34515,34537
34515,56714
34517,34522
34517,34523
34517,34533
34517,34537
34517,34541
34522,34523
34522,34533
34522,34537
34522,34541
34522,34542
34523,34533
34523,34537
34523,34541
34523,34542
34523,34544
34533,34537
34533,34542
34533,34544
34533,34548
34533,99882
34537,34541
34537,34542
34537,34544
34537,34548
34537,34550
34541,34542
34541,34544
34541,34548
34541,34550
34541,34555
34541,84609
34542,34544
34542,34548
34542,34550
34542,34555
34542,34556
34542,58112
34542,64525
34544,34548
34544,34550
34544,34555
34544,34556
34544,34560
34548,34550
34548,34555
34548,34556
34548,34560
34548,34566
34550,34555
34550,34556
34550,34560
34550,34566
34550,53106
34555,34556
34555,34560
34555,34566
34555,34567
34555,34573
34556,34560
34556,34566
34556,34573
34556,34576
34556,40271
34560,34566
34560,34567
34560,34573
34560,34576
34560,34582
34566,34567
34566,34573
34566,34576
34566,34582
34566,34588
34566,74841
34567,34573
34567,34576
34567,34582
34567,34588
34567,34605
34573,34576
34573,34582
34573,34605
34573,34607
34573,96261
34573,92639
34573,87365
34576,34582
34576,34588
34576,34605
34576,34607
34576,34608
34582,34588
34582,34605
34582,34607
34582,70421
34588,34605
34588,34608
34588,34609
34588,34610
34605,34608
34605,34609
34605,34610
34607,34608
34607,34609
34607,34610
34607,34612
34607,34615
34607,46648
34608,34609
34608,34610
34608,34612
34608,34615
34608,34617
34609,34610
34609,34612
34609,34615
34609,34617
34609,34618
34610,34612
34610,34615
34610,34617
34610,34618
34610,34620
34612,34615
34612,34617
34612,34618
34612,34620
34612,34623
34615,34620
34615,34623
34615,34627
34615,83067
34615,70065
34617,34618
34617,34620
34617,34623
34617,34627
34618,34620
34618,34623
34618,34627
34618,34629
34618,34631
34620,34623
34620,34627
34620,34629
34620,34631
34620,34633
34620,60663
34623,34631
34623,34633
34623,34635
34623,93745
34623,92025
34627,34629
34627,34631
34627,34633
34627,34636
34629,34633
34629,34636
34629,34637
34629,85004
34629,74475
34629,75992
34631,34633
34631,34635
34631,34636
34631,34637
34631,34638
34633,34635
34633,34636
34633,34637
34633,34638
34633,34645
34635,34636
34635,34637
34635,34638
34635,34653
34635,48509
34636,34638
34636,34645
34636,34653
34636,34660
34636,69456
34637,34638
34637,34645
34637,34664
34637,61265
34638,34645
34638,34653
34638,34660
34638,34664
34638,34665
34638,49922
34645,34653
34645,34664
34645,34665
34645,34670
34653,34660
34653,34664
34653,34665
34653,34670
34653,34672
34660,34664
34660,34665
34660,34670
34660,34672
34660,34674
34664,34665
34664,34670
34664,34672
34664,34674
34664,73035
34665,34670
34665,34674
34665,34677
34665,50768
34670,34672
34670,34674
34670,34675
34670,34677
34670,34680
34672,34674
34672,34675
34672,34677
34672,34680
34672,34684
34674,34675
34674,34677
34674,34680
34674,34684
34674,34686
34675,34677
34675,34680
34675,34684
34675,34686
34675,34690
34677,34680
34677,34684
34677,34686
34677,34690
34677,34700
34677,97947
34680,34684
34680,34686
34680,34690
34680,34700
34680,34710
34684,34686
34684,34690
34684,34700
34684,34710
34684,34720
34686,34690
34686,34700
34686,34720
34686,34723
34690,34700
34690,34710
34690,34720
34690,34723
34690,34727
34700,34710
34700,34723
34700,34727
34700,34737
34710,34720
34710,34723
34710,34727
34710,34737
34710,34741
34720,34727
34720,34737
34720,34741
34720,34745
34720,53239
34723,34727
34723,34737
34723,34741
34723,34745
34723,34747
34727,34737
34727,34741
34727,34747
34727,34750
34737,34741
34737,34745
34737,34747
34737,34750
34737,34754
34741,34745
34741,34747
34741,34750
34741,34754
34741,34756
34741,77948
34745,34747
34745,34750
34745,34754
34745,34756
34745,34759
34745,51217
34747,34750
34747,34754
34747,34756
34747,34761
34747,39683
34747,58616
34750,34754
34750,34756
34750,34759
34750,34761
34750,34762
34754,34756
34754,34759
34754,34761
34754,34762
34754,34769
34756,34759
34756,34761
34756,34769
34756,34771
34759,34761
34759,34762
34759,34769
34759,34771
34759,34783
34761,34762
34761,34769
34761,34771
34761,34783
34761,34786
34762,34769
34762,34771
34762,34783
34762,34786
34762,34791
34769,34783
34769,34786
34769,34791
34769,34794
34769,41534
34771,34783
34771,34786
34771,34791
34771,34794
34771,34800
34783,34786
34783,34791
34783,34794
34783,34800
34783,34804
34786,34791
34786,34806
34786,88220
34786,97259
34791,34800
34791,34804
34791,34806
34791,34822
34791,70997
34794,34800
34794,34804
34794,34806
34794,34822
34794,34827
34800,34804
34800,34806
34800,34822
34800,34827
34800,34830
34804,34806
34804,34822
34804,34827
34804,34830
34804,34831
34806,34822
34806,34827
34806,34830
34806,34831
34806,34835
34822,34827
34822,34830
34822,34831
34822,34835
34822,34839
34827,34830
34827,34831
34827,34835
34827,34839
34827,34844
34827,99941
34830,34831
34830,34839
34830,34844
34830,34849
34831,34835
34831,34839
34831,34844
34831,34849
34831,56042
34831,57918
34835,34839
34835,34844
34835,34849
34835,34850
34835,34861
34839,34844
34839,34849
34839,34862
34839,67712
34839,70213
34844,34849
34844,34850
34844,34861
34844,34862
34844,34868
34849,34850
34849,34861
34849,34862
34849,34868
34849,34875
34850,34861
34850,34862
34850,34868
34850,34875
34850,34884
34861,34862
34861,34868
34861,34875
34861,34884
34861,34890
34862,34868
34862,34875
34862,34884
34862,34890
34862,34897
34868,34884
34868,34890
34868,34897
34868,34916
34868,37429
34875,34890
34875,34897
34875,34916
34875,34917
34875,38946
34875,39074
34884,34890
34884,34897
34884,34917
34884,34923
34890,34916
34890,34917
34890,34923
34890,71043
34897,34916
34897,34917
34897,34923
34897,34925
34897,34926
34916,34917
34916,34923
34916,34925
34916,34926
34916,34930
34917,34923
34917,34925
34917,34926
34917,34930
34917,34932
34923,34926
34923,34930
34923,34932
34923,34938
34923,61157
34925,34926
34925,34930
34925,34932
34925,34938
34925,34944
34925,70257
34926,34930
34926,34932
34926,34938
34926,34944
34926,34945
34930,34932
34930,34938
34930,34944
34930,34945
34930,34947
34932,34938
34932,34944
34932,34945
34932,34947
34932,34953
34938,34944
34938,34945
34938,34947
34938,34954
34944,34945
34944,34947
34944,34953
34944,34954
34945,34947
34945,34953
34945,34954
34945,34956
34945,34958
34945,80083
34947,34953
34947,34954
34947,34956
34947,34958
34947,34961
34947,74720
34953,34954
34953,34956
34953,34961
34953,96762
34954,34956
34954,34958
34954,34961
34954,34974
34954,34977
34956,34958
34956,34961
34956,34974
34956,34977
34956,59867
34958,34961
34958,34977
34958,34982
34958,34985
34961,34974
34961,34977
34961,34982
34961,34985
34961,81208
34961,40434
34974,34977
34974,34985
34974,34988
34974,34992
34977,34982
34977,34985
34977,34988
34977,34996
34982,34985
34982,34988
34982,34992
34982,34997
34982,56192
34985,34988
34985,34992
34985,34997
34985,34998
34985,88970
34985,70186
34988,34992
34988,34996
34988,34997
34988,35000
34988,80429
34988,81247
34992,34996
34992,34998
34992,35000
34992,35001
34992,52762
34992,72708
34996,34997
34996,34998
34996,35000
34996,35001
34996,35011
34996,78853
34997,34998
34997,35000
34997,35001
34997,35011
34997,35013
34998,35001
34998,35011
34998,35013
34998,35018
34998,43418
35000,35001
35000,35011
35000,35013
35000,35018
35000,35023
35001,35011
35001,35013
35001,35018
35001,35023
35001,35027
35011,35013
35011,35018
35011,35023
35011,35027
35011,90324
35011,35123
35013,35018
35013,35023
35013,35027
35013,35031
35013,35035
35018,35023
35018,35027
35018,35031
35018,35035
35018,35037
35018,55190
35023,35027
35023,35031
35023,35035
35023,35037
35023,35039
35027,35031
35027,35035
35027,35037
35027,35039
35027,35043
35031,35035
35031,35037
35031,35043
35031,35048
35031,65934
35035,35037
35035,35048
35035,35049
35035,45207
35037,35039
35037,35043
35037,35048
35037,35049
35037,96386
35039,35043
35039,35049
35039,35052
35039,49825
35039,59775
35039,80218
35039,91063
35043,35048
35043,35052
35043,35054
35043,35055
35048,35049
35048,35052
35048,35054
35048,35055
35048,35057
35049,35052
35049,35054
35049,35055
35049,88624
35052,35054
35052,35055
35052,35057
35052,35066
35052,35078
35054,35055
35054,35057
35054,35066
35054,35078
35054,35085
35055,35057
35055,35066
35055,35078
35055,35085
35055,35086
35055,74393
35055,74241
35057,35066
35057,35078
35057,35085
35057,35086
35057,35087
35066,35085
35066,35086
35066,35087
35066,35091
35066,76279
35078,35085
35078,35086
35078,35087
35078,35091
35078,35097
35085,35086
35085,35087
35085,35091
35085,35097
35085,35098
35085,54638
35086,35087
35086,35091
35086,35097
35086,35103
35086,37610
35087,35091
35087,35097
35087,35098
35087,35103
35087,35105
35091,35097
35091,35098
35091,35103
35091,35105
35091,35108
35097,35098
35097,35103
35097,35105
35097,35108
35097,35109
35097,69914
35098,35103
35098,35105
35098,35108
35098,35109
35098,35110
35103,35105
35103,35108
35103,35109
35103,35110
35103,35119
35103,77750
35105,35108
35105,35109
35105,35110
35105,35119
35105,35120
35105,83409
35108,35109
35108,35110
35108,35119
35108,35120
35108,35123
35108,78905
35109,35110
35109,35120
35109,35123
35109,35124
35109,74596
35110,35119
35110,35120
35110,35123
35110,87049
35110,79186
35119,35120
35119,35123
35119,35124
35119,35128
35119,35131
35120,35123
35120,35124
35120,35128
35120,35131
35120,35132
35120,45107
35123,35124
35123,35128
35123,35131
35123,35132
35123,35138
35124,35128
35124,35131
35124,35132
35124,35138
35124,35146
35128,35131
35128,35132
35128,35138
35128,35146
35128,35148
35131,35132
35131,35138
35131,35146
35131,35148
35131,35149
35131,69458
35132,35138
35132,35146
35132,35148
35132,35149
35132,35150
35138,35146
35138,35148
35138,35149
35138,35150
35138,35156
35146,35148
35146,35149
35146,35150
35146,35156
35146,35157
35148,35149
35148,35156
35148,35157
35148,87077
35149,35150
35149,35156
35149,35157
35149,35162
35149,65663
35150,35157
35150,35162
35150,35165
35150,67915
35156,35157
35156,35162
35156,35165
35156,35170
35156,65576
35156,74531
35157,35162
35157,35165
35157,35170
35157,35171
35157,35175
35157,58312
35162,35165
35162,35170
35162,35171
35162,35175
35162,35177
35165,35170
35165,35171
35165,35175
35165,35177
35165,35179
35170,35171
35170,35175
35170,35179
35170,35181
35170,81729
35170,71339
35171,35175
35171,35177
35171,35179
35171,35181
35171,91188
35175,35177
35175,35179
35175,35181
35175,35183
35175,35189
35177,35179
35177,35181
35177,35189
35177,35192
35177,95272
35179,35181
35179,35189
35179,35192
35179,35197
35179,81721
35179,96125
35181,35183
35181,35189
35181,35192
35181,35197
35181,35204
35181,49608
35183,35189
35183,35197
35183,35204
35183,35214
35183,78300
35189,35192
35189,35204
35189,35214
35189,35237
35192,35197
35192,35204
35192,35214
35192,35237
35192,35243
35197,35214
35197,35237
35197,35243
35197,35247
35197,95055
35204,35237
35204,35243
35204,35247
35204,35249
35204,76356
35204,74362
35214,35237
35214,35243
35214,35247
35214,35249
35214,35251
35237,35243
35237,35249
35237,35251
35243,35247
35243,35249
35243,35251
35243,35252
35243,83908
35247,35249
35247,35251
35247,35252
35247,35253
35247,35258
35249,35251
35249,35252
35249,35258
35249,54763
35249,39891
35251,35252
35251,35253
35251,35258
35251,35262
35251,92738
35252,35253
35252,35258
35252,35262
35252,35271
35252,74596
35252,97631
35253,35258
35253,35262
35253,35263
35253,35271
35253,35277
35253,53281
35258,35262
35258,35263
35258,35271
35258,35277
35258,35278
35262,35263
35262,35271
35262,35278
35262,35279
35263,35271
35263,35277
35263,35278
35263,35279
35271,35277
35271,35278
35271,35279
35271,35282
35271,35283
35271,86037
35277,35278
35277,35279
35277,35282
35277,35283
35277,35293
35278,35279
35278,35282
35278,35283
35278,35294
35278,59332
35279,35282
35279,35283
35279,35294
35279,35296
35279,86590
35279,38498
35282,35283
35282,35293
35282,35294
35282,35307
35282,38062
35283,35293
35283,35296
35283,35307
35283,35313
35283,88197
35293,35294
35293,35307
35293,35315
35293,93530
35293,83660
35294,35296
35294,35307
35294,35313
35294,35315
35294,35319
35296,35307
35296,35313
35296,35315
35296,35319
35296,35320
35307,35313
35307,35315
35307,35319
35307,35320
35307,35321
35307,91168
35313,35315
35313,35319
35313,35320
35313,35321
35313,35322
35313,76544
35315,35319
35315,35320
35315,35321
35315,35322
35315,35323
35315,71963
35319,35320
35319,35321
35319,35323
35319,35325
35320,35322
35320,35323
35320,35325
35320,35331
35320,81919
35321,35322
35321,35323
35321,35325
35321,35331
35321,35332
35322,35323
35322,35325
35322,35331
35322,35332
35322,35334
35322,68947
35323,35325
35323,35332
35323,35334
35323,35337
35323,83066
35323,53190
35325,35331
35325,35332
35325,35334
35325,35337
35325,35340
35331,35332
35331,35334
35331,35337
35331,35340
35331,35341
35332,35334
35332,35337
35332,35340
35332,35341
35332,35342
35332,88414
35334,35337
35334,35340
35334,35341
35334,35342
35334,35343
35337,35340
35337,35341
35337,35342
35337,35343
35337,35346
35340,35341
35340,35342
35340,35343
35340,35346
35340,35363
35341,35342
35341,35343
35341,35346
35341,35371
35342,35343
35342,35346
35342,35363
35342,35371
35342,35374
35342,95792
35343,35363
35343,35371
35343,35374
35343,35376
35343,90309
35346,35363
35346,35371
35346,35374
35346,67220
35363,35371
35363,35374
35363,35376
35363,35383
35363,35384
35371,35374
35371,35376
35371,35383
35371,35384
35371,35385
35374,35376
35374,35383
35374,35384
35374,35385
35374,35387
35376,35383
35376,35384
35376,35385
35376,35387
35376,35390
35383,35384
35383,35385
35383,35387
35383,35394
35384,35385
35384,35390
35384,35394
35385,35387
35385,35390
35385,35394
35385,35400
35385,35401
35387,35390
35387,35394
35387,35400
35387,35401
35387,35407
35390,35394
35390,35400
35390,35401
35390,35407
35390,35409
35394,35400
35394,35401
35394,35407
35394,35409
35394,35413
35394,45873
35394,76125
35400,35401
35400,35407
35400,35409
35400,35413
35400,35423
35401,35407
35401,35413
35401,35423
35401,35424
35401,50785
35407,35409
35407,35413
35407,35423
35407,35424
35407,35427
35407,90031
35409,35413
35409,35423
35409,35424
35409,35427
35409,35433
35413,35423
35413,35424
35413,35427
35413,35433
35413,35434
35413,84883
35423,35424
35423,35427
35423,35433
35423,35434
35423,35443
35424,35427
35424,35433
35424,35434
35424,35443
35424,35446
35424,58447
35427,35433
35427,35434
35427,35443
35427,35446
35427,35447
35427,56425
35433,35434
35433,35446
35433,35450
35433,56623
35433,72950
35434,35443
35434,35446
35434,35447
35434,35450
35434,35456
35443,35446
35443,35447
35443,35450
35443,35456
35443,35461
35443,50258
35446,35447
35446,35450
35446,35456
35446,35461
35446,35462
35447,35450
35447,35456
35447,35461
35447,35462
35447,66022
35447,61177
35450,35456
35450,35461
35450,35462
35450,35467
35450,41825
35456,35461
35456,35462
35456,35472
35456,35476
35456,87949
35461,35467
35461,35472
35461,35476
35461,35482
35461,61426
35462,35467
35462,35472
35462,35482
35462,35485
35462,77658
35462,64814
35467,35472
35467,35476
35467,35482
35467,35485
35467,76976
35472,35482
35472,35485
35472,35488
35472,69335
35472,90457
35476,35482
35476,35485
35476,35488
35476,35490
35476,35492
35476,76399
35476,57974
35482,35485
35482,35488
35482,35490
35482,35492
35482,99053
35485,35488
35485,35490
35485,35492
35485,35493
35485,35500
35488,35490
35488,35492
35488,35493
35488,35500
35488,35502
35490,35492
35490,35500
35490,35502
35490,35504
35492,35493
35492,35500
35492,35502
35492,35504
35492,35515
35493,35500
35493,35502
35493,35504
35493,35515
35493,35521
35500,35502
35500,35504
35500,35515
35500,35521
35500,35538
35502,35504
35502,35515
35502,35521
35502,35538
35502,35539
35504,35515
35504,35521
35504,35538
35504,35539
35504,35540
35515,35521
35515,35538
35515,35539
35515,35540
35515,35544
35521,35538
35521,35539
35521,35540
35521,35544
35521,35545
35538,35539
35538,35540
35538,35544
35538,35545
35538,35546
35538,43934
35539,35540
35539,35544
35539,35545
35539,35546
35539,35550
35540,35545
35540,35546
35540,35550
35540,35555
35544,35545
35544,35546
35544,35550
35544,35555
35544,35556
35544,47843
35545,35546
35545,35550
35545,35555
35545,35556
35545,35572
35546,35550
35546,35555
35546,35556
35546,35572
35546,35573
35550,35555
35550,35556
35550,35572
35550,35573
35550,35575
35555,35556
35555,35572
35555,35573
35555,35575
35555,35579
35556,35572
35556,35573
35556,35575
35556,35580
35556,61398
35572,35573
35572,35575
35572,35579
35572,35580
35573,35575
35573,35579
35573,35580
35573,35582
35573,60431
35573,49831
35575,35579
35575,35582
35575,35583
35575,35584
35575,83316
35579,35580
35579,35582
35579,35583
35579,35584
35579,35586
35579,35778
35580,35582
35580,35584
35580,35586
35580,35588
35582,35583
35582,35584
35582,35588
35582,35594
35582,97490
35582,88764
35583,35584
35583,35586
35583,35588
35583,35594
35583,35597
35584,35588
35584,35594
35584,35597
35584,35600
35584,39101
35586,35588
35586,35594
35586,35597
35586,35600
35586,35601
35588,35594
35588,35597
35588,35600
35588,35601
35588,35613
35594,35597
35594,35600
35594,35601
35594,35613
35594,35616
35597,35600
35597,35601
35597,35613
35597,35617
35597,69357
35600,35601
35600,35613
35600,35616
35600,35617
35600,35620
35601,35613
35601,35616
35601,35617
35601,35620
35601,35623
35613,35616
35613,35617
35613,35620
35613,35623
35613,35627
35613,87354
35616,35617
35616,35620
35616,35623
35616,35627
35616,35633
35617,35620
35617,35623
35617,35627
35617,35633
35617,35634
35620,35623
35620,35627
35620,35633
35620,35634
35620,59473
35623,35633
35623,35635
35623,35636
35623,65600
35627,35633
35627,35634
35627,35635
35627,35638
35627,94679
35633,35634
35633,35635
35633,35636
35633,35638
35633,35640
35634,35635
35634,35636
35634,35638
35634,35640
35634,35642
35635,35636
35635,35638
35635,35640
35635,35642
35635,35650
35636,35638
35636,35640
35636,35642
35636,35650
35636,35656
35636,57580
35638,35640
35638,35642
35638,35650
35638,35656
35638,35661
35640,35642
35640,35650
35640,35656
35640,35661
35640,35668
35642,35650
35642,35661
35642,35668
35642,35687
35642,67212
35650,35656
35650,35661
35650,35668
35650,35687
35650,35693
35656,35661
35656,35668
35656,35687
35656,35693
35656,35699
35661,35668
35661,35687
35661,35693
35661,35710
35661,71005
35668,35687
35668,35699
35668,35710
35668,35712
35687,35693
35687,35699
35687,35710
35687,35712
35687,82173
35693,35699
35693,35710
35693,35712
35693,35713
35693,35720
35699,35710
35699,35712
35699,35713
35699,35720
35699,35722
35710,35712
35710,35713
35710,35720
35710,35722
35710,35723
35712,35713
35712,35720
35712,35722
35712,35723
35712,35734
35713,35720
35713,35722
35713,35734
35713,35751
35713,86209
35720,35722
35720,35723
35720,35734
35720,35751
35720,35752
35720,87945
35722,35723
35722,35734
35722,35751
35722,35752
35722,35754
35722,81937
35723,35734
35723,35751
35723,35752
35723,35754
35734,35751
35734,35752
35734,35754
35734,35756
35734,35758
35751,35752
35751,35754
35751,35756
35751,35758
35751,35765
35752,35754
35752,35756
35752,35758
35752,35765
35752,35769
35754,35756
35754,35758
35754,35765
35754,35769
35754,35775
35754,97157
35756,35758
35756,35769
35756,35775
35756,35778
35756,56785
35756,68736
35758,35765
35758,35769
35758,35775
35758,35778
35758,35793
35765,35775
35765,35778
35765,35793
35765,35795
35765,99061
35769,35775
35769,35793
35769,35795
35769,35803
35769,66514
35775,35778
35775,35793
35775,35795
35775,35803
35775,35812
35778,35793
35778,35803
35778,35812
35778,78805
35778,51284
35793,35795
35793,35812
35793,35815
35793,35821
35793,39608
35793,66392
35795,35803
35795,35812
35795,35815
35795,35821
35795,35822
35795,81170
35803,35812
35803,35815
35803,35821
35803,35822
35803,35824
35812,35815
35812,35821
35812,35822
35812,35824
35812,35828
35815,35821
35815,35822
35815,35828
35815,35831
35821,35822
35821,35824
35821,35828
35821,35831
35821,35833
35821,44640
35822,35824
35822,35828
35822,35831
35822,35835
35822,41793
35824,35828
35824,35831
35824,35833
35824,35835
35824,60141
35828,35831
35828,35835
35828,35838
35828,35848
35828,70201
35828,77371
35831,35833
35831,35835
35831,35838
35831,35848
35831,35850
35833,35835
35833,35838
35833,35850
35833,35851
35833,81651
35835,35848
35835,35850
35835,35851
35835,35853
35835,64174
35838,35848
35838,35850
35838,35851
35838,35853
35838,35857
35848,35850
35848,35851
35848,35853
35848,35857
35848,39673
35850,35851
35850,35853
35850,35857
35850,35859
35850,35861
35851,35853
35851,35857
35851,35859
35851,35861
35851,35864
35851,58535
35853,35857
35853,35859
35853,35861
35853,35864
35853,35865
35853,93126
35857,35859
35857,35861
35857,35864
35857,35865
35859,35861
35859,35864
35859,35865
35859,35871
35859,35872
35861,35864
35861,35865
35861,35871
35861,35872
35861,35876
35864,35865
35864,35872
35864,35876
35864,35880
35864,91994
35865,35871
35865,35872
35865,35876
35865,35880
35865,35889
35871,35872
35871,35876
35871,35880
35871,35889
35871,35891
35872,35876
35872,35880
35872,35889
35872,35891
35872,35896
35872,41546
35876,35880
35876,35889
35876,35891
35876,35896
35876,35897
35880,35889
35880,35891
35880,35896
35880,35897
35880,35900
35889,35891
35889,35896
35889,35897
35889,35900
35889,35901
35891,35896
35891,35897
35891,35900
35891,35901
35891,35908
35896,35897
35896,35900
35896,35908
35896,35922
35896,39713
35896,68676
35897,35900
35897,35901
35897,35908
35897,35922
35897,35927
35900,35901
35900,35908
35900,35922
35900,35927
35900,42001
35900,87167
35901,35908
35901,35927
35901,35943
35901,35948
35901,74241
35901,48330
35908,35922
35908,35943
35908,35948
35908,35950
35922,35927
35922,35943
35922,35948
35922,35950
35922,35951
35927,35943
35927,35948
35927,35950
35927,35953
35927,61130
35943,35948
35943,35951
35943,35953
35943,40655
35943,98191
35948,35950
35948,35951
35948,35953
35948,35958
35948,35959
35950,35951
35950,35953
35950,35958
35950,35959
35950,35966
35951,35953
35951,35958
35951,35959
35951,35966
35951,35967
35951,80077
35953,35958
35953,35959
35953,35966
35953,35969
35953,41302
35958,35959
35958,35966
35958,35967
35958,35969
35958,35973
35959,35966
35959,35967
35959,35969
35959,35973
35959,35974
35966,35967
35966,35969
35966,35974
35966,35976
35967,35969
35967,35974
35967,35976
35967,35986
35967,48666
35969,35973
35969,35974
35969,35976
35969,35986
35969,35989
35973,35974
35973,35976
35973,35989
35973,35993
35973,67562
35974,35986
35974,35989
35974,35993
35974,35994
35974,98935
35976,35986
35976,35989
35976,35993
35976,35994
35976,36000
35986,35989
35986,35994
35986,36000
35986,36001
35989,35993
35989,35994
35989,36000
35989,36001
35989,36003
35989,82851
35993,35994
35993,36000
35993,36004
35993,72788
35993,99371
35993,99001
35994,36000
35994,36001
35994,36003
35994,36004
35994,36007
36000,36001
36000,36003
36000,36004
36000,36007
36001,36003
36001,36004
36001,36007
36001,36010
36001,36013
36003,36004
36003,36007
36003,36010
36003,36013
36003,36016
36004,36007
36004,36010
36004,36013
36004,36016
36004,36018
36007,36010
36007,36013
36007,36016
36007,36018
36007,36031
36010,36013
36010,36016
36010,36018
36010,36031
36010,36032
36013,36016
36013,36018
36013,36031
36013,36032
36013,36034
36016,36018
36016,36031
36016,36032
36016,36034
36016,92861
36018,36031
36018,36032
36018,36034
36018,36035
36018,36044
36018,48416
36031,36032
36031,36034
36031,36035
36031,36044
36031,36045
36032,36034
36032,36035
36032,36044
36032,36045
36032,36056
36034,36035
36034,36045
36034,36056
36034,36058
36035,36044
36035,36045
36035,36056
36035,36058
36035,36061
36044,36045
36044,36056
36044,36058
36044,36061
36044,36064
36045,36058
36045,36061
36045,36064
36045,36065
36045,90377
36056,36058
36056,36061
36056,36065
36056,36068
36056,57058
36058,36061
36058,36064
36058,36065
36058,36068
36058,36069
36058,97242
36061,36064
36061,36065
36061,36068
36061,36069
36061,36070
36061,85131
36061,88394
36064,36065
36064,36068
36064,36070
36064,36072
36064,79477
36065,36068
36065,36069
36065,36070
36065,36072
36065,36079
36065,47094
36068,36069
36068,36070
36068,36072
36068,36079
36068,36080
36069,36070
36069,36072
36069,36079
36069,36080
36069,36084
36069,47073
36070,36072
36070,36080
36070,36084
36070,36093
36072,36079
36072,36080
36072,36084
36072,36093
36072,36104
36072,67334
36079,36080
36079,36084
36079,36093
36079,36104
36079,57819
36080,36084
36080,36093
36080,36104
36080,36105
36080,36107
36084,36093
36084,36105
36084,36107
36084,36115
36084,80937
36084,92643
36093,36104
36093,36105
36093,36115
36093,36118
36093,78830
36093,94119
36104,36105
36104,36107
36104,36115
36104,36118
36104,36119
36105,36107
36105,36115
36105,36118
36105,36119
36105,36120
36107,36115
36107,36118
36107,36119
36107,36120
36107,36123
36115,36118
36115,36119
36115,36120
36115,36123
36115,36124
36115,87208
36118,36119
36118,36120
36118,36123
36118,36124
36118,99521
36119,36120
36119,36123
36119,36124
36119,36127
36119,71429
36119,79300
36120,36123
36120,36124
36120,36125
36120,36130
36120,43676
36120,58477
36123,36124
36123,36125
36123,36130
36123,36135
36123,99882
36124,36125
36124,36127
36124,36130
36124,36135
36124,36138
36124,56536
36124,83302
36125,36127
36125,36130
36125,36135
36125,36138
36125,36139
36127,36130
36127,36135
36127,36139
36127,36140
36127,56236
36130,36135
36130,36138
36130,36139
36130,36140
36130,36142
36130,94657
36135,36138
36135,36139
36135,36140
36135,36142
36135,36144
36138,36139
36138,36140
36138,36142
36138,36144
36138,57609
36139,36140
36139,36142
36139,36144
36139,36146
36139,36150
36140,36142
36140,36144
36140,36146
36140,36150
36140,36156
36140,42435
36142,36144
36142,36146
36142,36150
36142,36156
36142,36158
36142,70169
36144,36150
36144,36156
36144,36158
36144,36159
36144,75580
36146,36150
36146,36156
36146,36158
36146,36159
36146,36161
36150,36156
36150,36159
36150,36161
36150,36168
36150,80946
36156,36158
36156,36159
36156,36161
36156,36168
36156,36171
36156,73779
36158,36159
36158,36161
36158,36168
36158,36171
36158,36178
36158,54812
36159,36161
36159,36168
36159,36171
36159,89169
36159,84464
36161,36168
36161,36171
36161,36178
36161,36186
36161,51300
36161,92050
36168,36171
36168,36178
36168,36184
36168,36186
36168,36193
36171,36178
36171,36184
36171,36186
36171,36193
36171,36197
36178,36184
36178,36186
36178,36193
36178,36197
36178,44594
36184,36193
36184,36197
36184,36203
36184,40766
36184,97875
36186,36193
36186,36197
36186,36204
36186,36208
36186,50124
36193,36197
36193,36203
36193,36204
36193,97542
36193,94182
36193,82560
36197,36203
36197,36204
36197,36208
36197,36215
36203,36204
36203,36208
36203,36209
36203,36215
36204,36208
36204,36209
36204,36215
36204,36219
36204,36221
36204,46272
36208,36215
36208,36219
36208,36221
36208,36222
36208,77443
36209,36215
36209,36219
36209,36221
36209,36222
36215,36219
36215,36221
36215,36222
36215,36224
36215,61216
36219,36221
36219,36222
36219,36224
36219,36226
36219,36231
36219,61089
36221,36222
36221,36224
36221,36226
36221,36231
36221,36235
36222,36224
36222,36226
36222,36231
36222,36235
36222,36239
36224,36226
36224,36231
36224,36235
36224,36239
36224,36240
36226,36231
36226,36235
36226,36239
36226,36240
36226,36244
36226,73172
36231,36235
36231,36239
36231,36240
36231,36244
36231,36249
36235,36239
36235,36240
36235,36244
36235,36249
36235,36250
36239,36240
36239,36244
36239,36249
36239,36250
36239,36258
36240,36244
36240,36249
36240,36250
36240,36258
36240,36259
36244,36249
36244,36250
36244,36258
36244,36259
36244,36263
36244,78380
36249,36250
36249,36258
36249,36259
36249,36263
36249,36274
36249,99461
36250,36258
36250,36259
36250,36263
36250,36274
36250,36278
36258,36259
36258,36263
36258,36274
36258,36278
36258,36281
36259,36263
36259,36274
36259,36278
36259,36281
36259,36292
36259,61941
36263,36278
36263,36281
36263,36292
36263,36294
36274,36278
36274,36281
36274,36292
36274,36295
36274,67590
36274,44497
36278,36292
36278,36294
36278,36295
36278,36298
36278,75280
36281,36294
36281,36295
36281,36298
36281,36303
36281,98200
36292,36294
36292,36295
36292,36298
36292,36303
36292,36305
36294,36295
36294,36298
36294,36303
36294,36305
36294,36306
36294,84281
36294,99507
36295,36298
36295,36303
36295,36305
36295,36306
36295,36312
36295,39477
36298,36303
36298,36305
36298,36312
36298,36315
36298,82700
36303,36306
36303,36312
36303,36315
36303,36317
36303,99572
36303,43307
36305,36306
36305,36312
36305,36315
36305,36317
36305,36318
36306,36312
36306,36315
36306,36317
36306,36318
36306,36320
36312,36315
36312,36317
36312,36318
36312,36320
36312,36327
36315,36317
36315,36318
36315,36320
36315,36327
36315,36330
36317,36318
36317,36320
36317,36327
36317,36330
36317,66076
36318,36327
36318,36330
36318,36331
36318,36337
36318,88891
36320,36327
36320,36330
36320,36331
36320,36337
36320,36338
36320,98200
36327,36330
36327,36331
36327,36337
36327,36338
36327,36339
36330,36331
36330,36337
36330,36338
36330,36339
36330,36342
36330,75732
36331,36337
36331,36338
36331,36339
36331,36342
36331,36346
36337,36338
36337,36339
36337,36342
36337,36346
36337,36351
36338,36342
36338,36346
36338,36351
36338,36352
36338,42238
36339,36342
36339,36346
36339,36352
36339,36358
36339,68307
36339,53337
36342,36346
36342,36352
36342,36358
36342,36363
36342,71534
36342,81933
36346,36351
36346,36352
36346,36358
36346,36363
36346,36364
36346,80587
36351,36352
36351,36358
36351,36364
36351,36367
36351,66675
36352,36358
36352,36364
36352,36367
36352,36371
36358,36363
36358,36364
36358,36367
36358,36371
36358,36382
36363,36364
36363,36367
36363,36371
36363,36382
36363,36387
36364,36371
36364,36382
36364,36387
36364,36389
36364,88378
36367,36371
36367,36382
36367,36389
36367,36403
36367,51086
36371,36382
36371,36389
36371,36403
36371,36404
36371,87341
36382,36387
36382,36389
36382,36403
36382,36404
36382,36411
36387,36389
36387,36403
36387,36404
36387,36411
36387,36418
36387,52578
36389,36403
36389,36404
36389,36411
36389,36418
36389,36419
36403,36404
36403,36411
36403,36418
36403,36419
36403,36421
36404,36411
36404,36418
36404,36419
36404,36421
36404,36422
36411,36418
36411,36419
36411,36421
36411,36422
36411,36424
36418,36419
36418,36421
36418,36422
36418,36424
36418,36429
36419,36421
36419,36422
36419,36424
36419,36429
36421,36422
36421,36424
36421,36429
36421,36433
36421,36435
36421,78311
36422,36424
36422,36429
36422,36433
36422,36443
36424,36429
36424,36433
36424,36435
36424,36443
36424,36446
36424,77511
36429,36433
36429,36435
36429,36443
36429,36446
36429,36456
36433,36435
36433,36443
36433,36446
36433,36456
36433,64755
36435,36443
36435,36446
36435,36456
36435,36458
36435,36462
36443,36446
36443,36456
36443,36458
36443,36462
36443,36468
36446,36456
36446,36458
36446,36462
36446,36468
36446,36469
36456,36458
36456,36462
36456,36468
36456,36469
36456,51280
36456,90269
36458,36468
36458,36469
36458,36476
36458,36478
36458,89992
36458,79490
36462,36468
36462,36469
36462,36476
36462,36478
36462,36484
36468,36469
36468,36478
36468,36488
36468,69914
36468,86718
36468,53130
36469,36476
36469,36478
36469,36488
36469,79789
36476,36484
36476,36488
36476,36493
36476,61313
36478,36488
36478,36493
36478,36498
36478,36501
36478,69076
36484,36488
36484,36493
36484,36498
36484,36501
36484,36509
36484,48159
36484,99985
36488,36493
36488,36498
36488,36501
36488,36509
36488,36510
36493,36498
36493,36501
36493,36510
36493,36513
36493,38857
36498,36501
36498,36510
36498,36513
36498,36515
36501,36509
36501,36510
36501,36513
36501,36515
36501,97399
36509,36510
36509,36513
36509,36515
36509,36516
36509,36518
36510,36513
36510,36515
36510,36516
36510,36518
36510,36522
36510,62044
36510,57347
36513,36515
36513,36518
36513,55593
36513,49100
36515,36516
36515,36518
36515,36522
36515,36528
36515,36531
36516,36518
36516,36528
36516,36531
36516,36532
36516,94581
36518,36522
36518,36528
36518,36531
36518,36532
36518,36536
36522,36528
36522,36531
36522,36536
36522,36537
36522,74266
36528,36531
36528,36532
36528,36536
36528,36537
36528,36538
36531,36532
36531,36536
36531,36546
36531,40568
36532,36536
36532,36537
36532,36538
36532,36546
36532,36548
36536,36537
36536,36538
36536,36546
36536,36548
36536,36550
36536,42929
36536,87615
36537,36538
36537,36546
36537,36548
36537,36550
36537,36554
36537,59755
36538,36548
36538,36550
36538,36554
36538,36560
36538,90459
36546,36550
36546,36554
36546,36560
36546,36569
36546,80871
36546,71242
36548,36550
36548,36554
36548,36560
36548,36569
36548,36574
36550,36554
36550,36560
36550,36569
36550,76015
36554,36560
36554,36569
36554,36574
36554,36576
36554,36577
36560,36569
36560,36574
36560,36576
36560,36577
36560,36579
36560,50138
36569,36574
36569,36576
36569,36577
36569,36579
36569,36581
36574,36576
36574,36577
36574,36581
36574,36587
36574,38957
36574,47613
36576,36577
36576,36579
36576,36581
36576,36587
36576,36589
36577,36579
36577,36581
36577,36587
36577,70914
36579,36581
36579,36589
36579,36591
36579,36593
36579,71112
36581,36587
36581,36589
36581,36591
36581,36593
36581,36594
36581,43375
36581,79978
36587,36589
36587,36591
36587,36593
36587,36594
36587,36599
36589,36591
36589,36593
36589,36599
36589,36605
36591,36593
36591,36594
36591,36599
36591,36605
36591,36607
36591,77625
36593,36594
36593,36599
36593,36605
36593,36607
36593,36611
36593,84799
36594,36599
36594,36605
36594,36607
36594,36611
36594,36613
36599,36607
36599,36611
36599,36616
36599,88191
36605,36607
36605,36616
36605,36618
36607,36611
36607,36613
36607,36616
36607,36618
36607,36619
36611,36613
36611,36616
36611,36618
36611,36619
36611,36623
36613,36616
36613,36618
36613,36619
36613,36623
36613,36625
36616,36618
36616,36623
36616,36625
36616,36631
36618,36619
36618,36623
36618,36625
36618,36631
36618,36634
36619,36623
36619,36625
36619,36631
36619,36634
36619,36635
36623,36625
36623,36631
36623,36634
36623,36635
36623,64982
36625,36631
36625,36634
36625,36637
36625,36641
36625,96229
36631,36634
36631,36635
36631,36637
36631,36641
36631,36643
36634,36635
36634,36637
36634,36641
36634,36643
36634,36654
36635,36637
36635,36641
36635,36643
36635,36654
36635,36664
36637,36641
36637,36643
36637,36654
36637,36664
36637,36665
36641,36643
36641,36654
36641,36664
36641,36666
36643,36654
36643,36664
36643,36665
36643,36666
36643,56484
36654,36664
36654,36666
36654,36667
36654,36670
36654,86823
36664,36666
36664,36667
36664,36670
36664,36679
36664,59873
36665,36666
36665,36667
36665,36679
36665,36680
36666,36667
36666,36670
36666,36679
36666,36680
36666,36682
36667,36670
36667,36679
36667,36680
36667,36682
36667,36683
36670,36679
36670,36680
36670,36682
36670,36683
36670,36684
36679,36680
36679,36682
36679,36683
36679,36684
36679,36688
36680,36682
36680,36683
36680,36684
36680,36688
36680,36693
36682,36683
36682,36684
36682,36688
36682,36693
36682,36700
36683,36684
36683,36688
36683,36693
36683,36700
36683,36710
36683,75485
36684,36688
36684,36693
36684,36700
36684,36710
36684,36724
36688,36693
36688,36700
36688,36710
36688,36724
36688,36725
36688,92916
36693,36700
36693,36724
36693,36725
36693,75917
36693,94182
36700,36710
36700,36724
36700,36725
36700,36730
36700,36731
36710,36724
36710,36725
36710,36730
36710,36731
36710,36740
36724,36730
36724,36740
36724,36750
36724,99830
36725,36730
36725,36731
36725,36740
36725,36750
36725,79897
36730,36731
36730,36740
36730,36750
36730,36751
36730,36753
36731,36750
36731,36751
36731,36753
36731,36756
36731,38450
36740,36750
36740,36751
36740,36756
36740,36762
36750,36751
36750,36753
36750,36756
36750,36762
36750,36768
36751,36753
36751,36756
36751,36762
36751,36768
36751,36769
36753,36756
36753,36762
36753,36768
36753,36769
36753,36774
36756,36762
36756,36768
36756,36774
36756,36775
36756,87001
36762,36768
36762,36774
36762,36775
36762,36779
36762,51625
36768,36769
36768,36774
36768,36775
36768,36779
36768,36787
36769,36774
36769,36775
36769,36779
36769,36787
36769,36795
36774,36775
36774,36787
36774,36795
36774,36797
36774,55039
36775,36779
36775,36795
36775,36797
36775,36803
36775,73871
36779,36787
36779,36795
36779,36797
36779,36803
36779,36813
36787,36795
36787,36797
36787,36803
36787,36813
36787,36822
36787,40208
36795,36803
36795,36822
36795,36838
36795,67020
36795,89299
36797,36803
36797,36813
36797,36838
36797,36847
36797,55170
36803,36813
36803,36822
36803,36838
36803,36847
36803,36856
36803,66034
36803,91548
36813,36822
36813,36838
36813,36847
36813,36856
36813,36857
36822,36838
36822,36847
36822,36856
36822,36863
36838,36856
36838,36857
36838,36863
36838,36866
36838,57531
36847,36856
36847,36857
36847,36863
36847,36866
36847,36873
36856,36857
36856,36863
36856,36866
36856,36873
36856,47826
36856,73657
36857,36863
36857,36873
36857,36875
36857,36876
36857,45927
36857,85171
36863,36866
36863,36873
36863,36875
36863,36876
36863,36879
36866,36873
36866,36875
36866,36876
36866,36879
36866,36882
36873,36875
36873,36876
36873,36879
36873,36882
36873,36887
36875,36876
36875,36879
36875,36882
36875,36887
36875,92861
36876,36879
36876,36882
36876,36887
36876,36889
36876,36890
36876,98863
36879,36882
36879,36887
36879,36889
36879,36890
36879,36894
36882,36887
36882,36889
36882,36890
36882,36894
36882,36895
36882,56359
36887,36889
36887,36890
36887,36894
36887,36895
36887,36901
36887,61742
36889,36890
36889,36894
36889,36895
36889,36901
36889,36906
36890,36894
36890,36895
36890,36906
36890,36908
36890,49738
36894,36895
36894,36901
36894,36906
36894,36908
36894,36922
36894,54117
36895,36901
36895,36906
36895,36908
36895,36922
36895,36927
36901,36906
36901,36908
36901,36922
36901,59198
36901,75994
36906,36908
36906,36922
36906,36927
36906,36931
36906,36940
36908,36922
36908,36927
36908,36931
36908,36940
36908,36943
36922,36927
36922,36931
36922,36940
36922,36943
36922,36946
36927,36931
36927,36940
36927,36943
36927,36946
36927,36954
36927,89713
36931,36940
36931,36943
36931,36946
36931,36954
36931,36959
36940,36943
36940,36946
36940,36961
36940,64083
36943,36946
36943,36954
36943,36959
36943,36961
36943,36962
36946,36954
36946,36959
36946,36961
36946,36963
36946,87111
36954,36959
36954,36961
36954,36962
36954,36963
36954,36964
36959,36961
36959,36962
36959,36963
36959,36964
36959,36971
36961,36962
36961,36963
36961,36964
36961,36971
36961,36972
36962,36963
36962,36964
36962,36971
36962,36972
36962,36976
36963,36964
36963,36971
36963,36972
36963,36976
36963,36978
36964,36972
36964,36976
36964,36978
36964,36983
36964,72385
36971,36972
36971,36976
36971,36978
36971,36983
36971,36989
36971,40719
36972,36976
36972,36983
36972,36989
36972,36994
36972,75141
36976,36978
36976,36983
36976,36989
36976,36994
36976,36998
36978,36983
36978,36989
36978,36994
36978,36998
36978,36999
36983,36989
36983,36994
36983,36998
36983,36999
36983,37001
36989,36994
36989,36998
36989,36999
36989,37001
36989,37002
36989,72458
36989,62117
36994,36998
36994,36999
36994,37001
36994,37002
36994,37003
36994,67813
36998,36999
36998,37001
36998,37002
36998,37003
36998,37008
36999,37001
36999,37002
36999,37003
36999,37008
36999,91438
37001,37002
37001,37003
37001,37008
37001,37012
37001,37014
37002,37003
37002,37008
37002,37012
37002,37014
37002,37019
37002,70009
37003,37008
37003,37012
37003,37014
37003,37019
37003,37025
37008,37012
37008,37014
37008,37019
37008,37025
37008,37026
37012,37014
37012,37019
37012,37025
37012,37026
37012,37030
37014,37019
37014,37025
37014,37030
37014,37032
37014,40971
37019,37025
37019,37026
37019,37030
37019,37032
37019,37035
37025,37026
37025,37030
37025,37032
37025,37035
37025,69551
37025,99538
37025,44709
37026,37032
37026,37035
37026,37040
37026,37044
37026,72898
37026,73239
37030,37032
37030,37035
37030,37040
37030,37044
37030,37045
37032,37035
37032,37040
37032,37044
37032,37045
37032,37051
37035,37040
37035,37044
37035,37045
37035,37051
37035,37054
37040,37044
37040,37045
37040,37051
37040,37056
37040,67519
37044,37045
37044,37051
37044,37054
37044,37056
37044,37067
37045,37051
37045,37054
37045,37056
37045,37067
37045,37070
37051,37056
37051,37067
37051,37070
37051,37081
37054,37056
37054,37067
37054,37070
37054,37081
37056,37070
37056,37081
37056,37082
37056,37085
37056,89090
37067,37070
37067,37081
37067,37082
37067,37085
37067,37087
37067,70623
37070,37081
37070,37082
37070,37085
37070,37087
37070,37095
37081,37082
37081,37085
37081,37087
37081,37095
37081,37110
37082,37085
37082,37087
37082,37095
37082,37110
37082,37111
37082,54754
37085,37087
37085,37095
37085,37110
37085,37111
37087,37095
37087,37110
37087,37111
37087,37113
37087,41717
37095,37110
37095,37113
37095,37119
37095,38843
37095,92133
37110,37111
37110,37113
37110,37118
37110,37119
37110,37124
37111,37113
37111,37118
37111,37119
37111,37124
37111,84872
37113,37118
37113,37119
37113,37124
37113,37126
37113,37134
37113,48915
37118,37119
37118,37124
37118,37126
37118,37134
37118,56841
37119,37124
37119,37126
37119,37134
37119,37135
37119,37137
37124,37126
37124,37134
37124,37135
37124,37137
37124,37138
37126,37134
37126,37135
37126,37137
37126,37138
37126,37142
37134,37135
37134,37137
37134,37138
37134,37142
37134,37148
37135,37137
37135,37138
37135,37142
37135,37148
37135,37153
37137,37138
37137,37142
37137,37148
37137,37153
37137,37156
37138,37142
37138,37148
37138,37153
37138,37156
37138,37160
37142,37148
37142,37153
37142,37156
37142,37160
37142,37166
37148,37153
37148,37156
37148,37160
37148,37166
37148,37167
37153,37156
37153,37160
37153,37166
37153,37167
37153,37177
37153,60141
37156,37160
37156,37166
37156,37177
37156,39686
37160,37166
37160,37167
37160,37177
37160,37182
37160,37183
37166,37167
37166,37177
37166,37182
37166,37183
37166,37186
37167,37177
37167,37182
37167,37183
37167,37186
37167,90241
37177,37182
37177,37186
37177,37188
37177,40834
37177,97781
37182,37183
37182,37186
37182,37188
37182,37194
37182,37197
37182,75971
37183,37186
37183,37188
37183,37194
37183,37197
37183,37198
37186,37188
37186,37194
37186,37197
37186,37198
37186,37213
37188,37194
37188,37197
37188,37198
37188,37213
37188,37214
37194,37197
37194,37198
37194,37213
37194,37214
37194,37216
37197,37198
37197,37213
37197,37214
37197,37216
37197,37217
37198,37213
37198,37214
37198,37216
37198,37217
37213,37214
37213,37216
37213,37221
37213,37222
37214,37216
37214,37217
37214,37221
37214,37222
37214,93777
37216,37217
37216,37222
37216,37223
37216,37233
37216,76168
37217,37221
37217,37222
37217,37223
37217,37233
37217,37234
37221,37223
37221,37233
37221,37234
37221,37235
37221,68217
37222,37223
37222,37235
37222,37241
37222,97616
37223,37233
37223,37234
37223,37235
37223,37241
37233,37234
37233,37235
37233,37241
37233,37244
37233,37248
37234,37241
37234,37244
37234,37248
37234,37256
37234,62140
37235,37241
37235,37244
37235,37248
37235,37256
37235,37259
37241,37244
37241,37248
37241,37256
37241,37259
37241,37262
37241,59208
37244,37248
37244,37256
37244,37259
37244,37262
37244,37264
37244,89690
37244,45243
37248,37256
37248,37259
37248,37262
37248,37264
37248,49718
37256,37259
37256,37262
37256,37275
37256,82746
37256,96045
37259,37262
37259,37264
37259,37270
37259,37275
37259,37280
37262,37270
37262,37275
37262,37280
37262,37281
37262,39343
37262,98737
37262,53642
37264,37275
37264,37280
37264,37281
37264,37283
37264,40721
37270,37275
37270,37281
37270,37283
37270,37284
37275,37280
37275,37284
37275,37287
37275,58329
37275,54173
37280,37281
37280,37283
37280,37284
37280,37287
37280,37296
37280,73606
37281,37283
37281,37284
37281,37287
37281,37296
37281,37297
37281,79311
37283,37284
37283,37287
37283,37296
37283,37297
37283,37306
37284,37287
37284,37296
37284,37297
37284,37306
37284,37309
37287,37296
37287,37297
37287,37306
37287,37309
37287,37316
37296,37297
37296,37306
37296,37309
37296,37316
37296,37318
37296,54952
37296,50987
37297,37306
37297,37309
37297,37316
37297,37328
37297,83999
37306,37309
37306,37316
37306,37318
37306,37328
37306,37335
37309,37316
37309,37318
37309,37328
37309,37335
37309,37341
37316,37318
37316,37328
37316,37335
37316,37341
37316,37342
37318,37328
37318,37335
37318,37341
37318,37342
37318,37348
37328,37335
37328,37341
37328,37342
37328,37348
37328,37353
37328,51073
37328,85548
37335,37353
37335,37355
37335,79270
37335,61112
37335,73596
37335,85605
37341,37342
37341,37348
37341,37353
37341,37355
37341,37359
37341,45298
37342,37348
37342,37355
37342,37359
37342,37366
37342,71370
37348,37353
37348,37355
37348,37359
37348,37366
37348,37371
37348,71143
37353,37355
37353,37359
37353,37366
37353,37371
37353,37378
37355,37359
37355,37366
37355,37371
37355,37380
37355,65721
37359,37366
37359,37371
37359,37380
37359,37387
37359,69000
37359,89614
37366,37371
37366,37378
37366,37380
37366,37387
37366,37390
37371,37378
37371,37380
37371,37387
37371,37390
37371,37392
37378,37380
37378,37387
37378,37392
37378,37394
37380,37387
37380,37390
37380,37392
37380,37394
37380,37400
37387,37390
37387,37392
37387,37394
37387,37400
37387,37402
37390,37392
37390,37394
37390,37400
37390,37402
37390,43027
37392,37394
37392,37400
37392,37402
37392,37407
37392,37408
37394,37400
37394,37402
37394,37407
37394,71770
37394,42649
37394,60884
37400,37402
37400,37407
37400,37408
37400,37410
37400,37419
37402,37407
37402,37419
37402,39539
37402,55960
37402,99477
37407,37408
37407,37410
37407,37419
37407,37423
37407,37427
37408,37410
37408,37419
37408,37423
37408,37427
37408,37429
37410,37419
37410,37423
37410,37427
37410,37429
37410,37431
37419,37423
37419,37427
37419,37429
37419,37431
37419,37452
37423,37427
37423,37429
37423,37431
37423,37452
37423,37455
37427,37429
37427,37431
37427,37455
37427,37458
37427,59264
37427,66610
37429,37452
37429,37455
37429,37465
37429,51773
37431,37452
37431,37455
37431,37458
37431,37465
37431,37483
37452,37455
37452,37458
37452,37465
37452,37483
37452,37484
37455,37458
37455,37483
37455,37484
37455,37490
37455,83270
37455,74492
37458,37465
37458,37483
37458,37484
37458,37490
37458,37491
37465,37483
37465,37484
37465,37490
37465,37491
37465,91755
37465,94534
37483,37484
37483,37490
37483,37491
37483,37494
37483,37498
37484,37490
37484,37491
37484,37494
37484,37498
37484,37511
37490,37491
37490,37494
37490,37498
37490,37511
37490,37518
37491,37494
37491,37498
37491,37511
37491,37519
37494,37498
37494,37511
37494,37518
37494,37519
37494,37521
37494,95122
37498,37511
37498,37519
37498,37521
37498,37522
37498,84397
37498,84869
37511,37518
37511,37519
37511,37521
37511,37522
37511,37530
37518,37519
37518,37521
37518,37522
37518,37530
37518,38581
37519,37521
37519,37522
37519,37530
37519,37532
37519,37537
37519,72437
37521,37530
37521,37532
37521,37537
37521,37539
37521,44914
37521,93803
37522,37530
37522,37532
37522,37537
37522,37539
37522,37540
37530,37532
37530,37537
37530,37539
37530,37540
37530,37542
37530,47073
37532,37537
37532,37539
37532,37540
37532,37542
37537,37539
37537,37540
37537,37542
37537,37543
37537,37549
37539,37540
37539,37542
37539,37543
37539,37549
37539,37550
37540,37542
37540,37549
37540,37550
37540,37555
37542,37543
37542,37549
37542,37550
37542,37555
37542,37563
37543,37549
37543,37550
37543,37555
37543,37563
37543,37567
37549,37550
37549,37555
37549,37563
37549,37567
37549,37573
37550,37555
37550,37563
37550,37567
37550,37573
37550,37576
37555,37563
37555,37567
37555,37573
37555,37581
37563,37567
37563,37573
37563,37576
37563,52152
37563,47216
37567,37576
37567,37581
37567,37584
37567,37590
37573,37576
37573,37581
37573,37584
37573,37590
37573,37594
37576,37581
37576,37584
37576,37590
37576,37594
37576,37598
37576,82558
37581,37584
37581,37590
37581,37594
37581,37598
37581,37610
37581,49519
37584,37590
37584,37594
37584,37610
37584,37625
37584,78133
37584,51100
37590,37594
37590,37598
37590,37610
37590,37625
37590,37629
37594,37598
37594,37610
37594,37625
37594,37629
37594,37632
37598,37610
37598,37625
37598,37632
37598,37635
37598,65568
37610,37625
37610,37629
37610,37632
37610,37635
37610,37639
37610,89892
37625,37629
37625,37632
37625,37635
37625,37639
37625,37640
37629,37632
37629,37635
37629,37639
37629,37640
37629,37643
37632,37635
37632,37640
37632,37662
37632,57749
37635,37639
37635,37643
37635,37666
37635,66376
37635,51895
37639,37640
37639,37643
37639,37662
37639,37666
37639,37669
37640,37643
37640,37662
37640,37666
37640,37669
37640,37674
37643,37662
37643,37666
37643,37674
37643,37675
37662,37666
37662,37669
37662,37674
37662,37675
37662,37677
37666,37669
37666,37674
37666,37677
37666,37688
37666,73084
37669,37674
37669,37675
37669,37677
37669,37688
37669,37689
37674,37675
37674,37677
37674,37688
37674,37689
37674,37691
37674,82422
37675,37688
37675,37689
37675,37691
37675,37706
37675,89426
37675,89814
37677,37688
37677,37689
37677,37691
37677,37706
37677,37707
37688,37691
37688,37706
37688,37707
37688,37713
37688,63705
37689,37691
37689,37707
37689,37713
37689,37718
37689,39977
37691,37706
37691,37707
37691,37713
37691,37718
37691,37721
37706,37718
37706,37721
37706,69817
37706,42983
37707,37718
37707,37721
37707,37722
37707,37723
37713,37718
37713,37721
37713,37722
37713,37723
37713,37727
37713,63234
37718,37721
37718,37722
37718,37723
37718,37727
37718,37728
37721,37722
37721,37727
37721,37728
37721,37734
37722,37723
37722,37727
37722,37734
37722,55803
37722,44914
37723,37727
37723,37728
37723,37734
37723,37742
37723,73995
37723,81902
37723,70532
37727,37728
37727,37739
37727,37742
37727,37748
37727,90753
37728,37739
37728,37742
37728,37748
37728,37753
37734,37739
37734,37742
37734,37748
37734,37754
37734,50966
37739,37748
37739,37753
37739,37754
37739,37758
37739,80876
37742,37748
37742,37753
37742,37754
37742,37758
37742,37760
37742,94321
37742,88701
37748,37753
37748,37754
37748,37758
37748,37760
37748,37761
37753,37754
37753,37758
37753,37760
37753,37761
37753,37766
37754,37758
37754,37760
37754,37761
37754,37766
37754,37774
37758,37760
37758,37761
37758,37774
37758,37776
37758,81386
37760,37761
37760,37766
37760,37774
37760,37776
37760,37778
37760,47171
37761,37766
37761,37774
37761,37776
37761,37783
37766,37774
37766,37776
37766,37778
37766,37783
37766,37785
37774,37776
37774,37778
37774,37783
37774,37785
37774,37789
37776,37778
37776,37783
37776,37789
37776,37799
37776,87014
37778,37783
37778,37789
37778,37799
37778,37802
37778,83334
37783,37785
37783,37789
37783,37799
37783,37804
37785,37789
37785,37799
37785,37802
37785,37804
37785,37806
37789,37799
37789,37802
37789,37804
37789,37806
37789,37808
37789,86879
37799,37802
37799,37804
37799,37806
37799,37808
37799,37810
37802,37804
37802,37806
37802,37808
37802,37810
37802,37823
37802,68309
37804,37806
37804,37808
37804,37810
37804,37823
37804,37836
37804,58623
37806,37808
37806,37810
37806,37823
37806,37836
37806,37837
37808,37810
37808,37823
37808,37836
37808,37837
37808,37839
37810,37823
37810,37836
37810,37837
37810,37839
37810,37841
37823,37836
37823,37837
37823,37839
37823,37841
37823,37847
37823,63394
37836,37837
37836,37839
37836,37841
37836,37847
37836,54477
37837,37839
37837,37841
37837,37847
37837,37848
37837,37850
37837,63898
37839,37841
37839,37847
37839,37850
37839,37857
37839,90363
37841,37847
37841,37848
37841,37850
37841,37857
37841,92049
37841,70217
37847,37848
37847,37850
37847,37866
37847,37867
37847,59704
37847,88947
37848,37850
37848,37857
37848,37866
37848,37867
37848,37869
37848,37885
37850,37857
37850,37866
37850,37867
37850,37869
37850,37878
37857,37866
37857,37867
37857,37869
37857,37878
37857,37879
37866,37867
37866,37869
37866,37878
37866,37879
37866,37883
37867,37869
37867,37878
37867,37883
37867,37885
37867,64686
37867,74492
37869,37878
37869,37887
37869,89097
37869,81934
37869,69078
37878,37879
37878,37883
37878,37885
37878,37887
37878,37890
37879,37883
37879,37885
37879,37887
37879,37890
37879,37893
37879,58433
37883,37885
37883,37887
37883,37890
37883,37893
37883,37898
37885,37887
37885,37890
37885,37898
37885,37903
37887,37890
37887,37893
37887,37898
37887,37903
37887,37908
37890,37898
37890,37903
37890,37908
37890,37913
37890,56714
37893,37903
37893,37913
37893,52130
37893,51673
37893,68891
37893,62711
37893,44102
37898,37903
37898,37908
37898,37913
37898,37918
37898,37922
37903,37908
37903,37913
37903,37918
37903,37922
37903,37923
37903,46261
37908,37913
37908,37918
37908,37922
37908,37923
37908,37925
37913,37918
37913,37922
37913,37923
37913,37925
37913,37929
37918,37922
37918,37923
37918,37925
37918,37929
37918,37941
37918,54586
37918,84415
37922,37923
37922,37925
37922,37929
37922,37941
37922,37944
37923,37925
37923,37929
37923,37941
37923,37944
37923,66857
37925,37929
37925,37944
37925,37946
37925,70989
37925,43699
37929,37941
37929,37944
37929,37946
37929,37955
37929,73205
37941,37944
37941,37946
37941,37951
37941,37955
37941,37956
37944,37946
37944,37951
37944,37955
37944,37956
37944,37958
37946,37951
37946,37955
37946,37956
37946,37958
37946,37960
37946,89851
37951,37955
37951,37956
37951,37960
37951,37962
37951,68715
37951,82566
37955,37956
37955,37958
37955,37960
37955,37962
37955,37974
37955,90266
37956,37958
37956,37960
37956,37962
37956,37974
37956,37980
37956,67261
37958,37960
37958,37974
37958,37980
37958,37984
37958,59487
37960,37962
37960,37974
37960,37980
37960,37984
37960,37989
37962,37974
37962,37980
37962,37989
37962,37994
37962,90625
37962,95798
37974,37984
37974,37989
37974,97063
37974,50522
37974,59854
37974,96886
37974,71374
37980,37984
37980,37989
37980,37994
37980,37995
37980,37999
37984,37989
37984,37994
37984,37995
37984,38007
37984,62100
37989,37994
37989,37995
37989,37999
37989,38007
37989,38009
37994,37995
37994,37999
37994,38007
37994,38009
37994,38010
37994,91584
37995,37999
37995,38007
37995,38009
37995,38010
37995,38014
37999,38007
37999,38009
37999,38010
37999,38014
37999,38019
37999,97074
38007,38009
38007,38010
38007,38014
38007,38019
38007,38021
38007,85071
38009,38010
38009,38014
38009,38019
38009,38021
38009,38022
38010,38014
38010,38019
38010,38021
38010,38022
38010,38028
38014,38019
38014,38021
38014,38022
38014,38028
38014,38029
38019,38021
38019,38022
38019,38028
38019,38029
38019,38034
38021,38022
38021,38028
38021,38029
38021,38034
38021,38035
38021,97162
38022,38028
38022,38029
38022,38034
38022,38035
38022,38036
38028,38029
38028,38034
38028,38035
38028,38036
38028,38040
38029,38034
38029,38035
38029,38040
38029,38046
38029,60125
38029,76787
38034,38036
38034,38040
38034,38050
38034,60266
38035,38036
38035,38040
38035,38046
38035,38050
38035,38057
38036,38040
38036,38046
38036,38050
38036,38057
38036,38060
38040,38046
38040,38050
38040,38057
38040,38060
38040,38062
38040,98685
38046,38050
38046,38057
38046,38060
38046,38062
38046,38063
38046,44451
38050,38060
38050,38062
38050,38069
38050,73070
38050,72270
38050,48357
38057,38060
38057,38062
38057,38063
38057,38069
38057,38070
38060,38062
38060,38063
38060,38069
38060,38070
38060,38073
38062,38063
38062,38069
38062,38070
38062,38073
38062,38076
38063,38069
38063,38070
38063,38073
38063,38076
38063,52689
38063,48857
38069,38070
38069,38076
38069,38078
38069,38081
38069,90266
38070,38076
38070,38078
38070,38081
38070,38083
38070,86873
38073,38076
38073,38078
38073,38083
38073,38088
38073,38594
38073,73714
38076,38078
38076,38081
38076,38083
38076,38089
38078,38081
38078,38083
38078,38088
38078,38089
38078,38090
38081,38083
38081,38088
38081,38089
38081,38090
38081,38093
38081,86418
38081,47090
38083,38088
38083,38089
38083,38090
38083,38093
38083,38096
38088,38089
38088,38090
38088,38093
38088,38096
38088,38098
38088,87468
38089,38090
38089,38093
38089,38096
38089,38098
38089,38100
38090,38093
38090,38096
38090,38098
38090,38100
38090,38474
38093,38096
38093,38098
38093,38100
38093,38101
38093,38111
38093,81024
38096,38098
38096,38100
38096,38101
38096,38111
38096,38113
38096,62557
38098,38100
38098,38101
38098,38111
38098,38113
38098,38114
38100,38111
38100,38113
38100,38114
38100,38116
38100,61007
38101,38111
38101,38113
38101,38114
38101,38116
38101,38121
38111,38113
38111,38114
38111,38116
38111,38121
38111,85181
38113,38114
38113,38116
38113,38121
38113,38123
38113,38124
38113,99001
38114,38116
38114,38121
38114,38124
38114,38125
38114,89184
38116,38121
38116,38123
38116,38124
38116,38125
38116,38129
38116,65721
38121,38123
38121,38124
38121,38125
38121,38129
38121,38133
38123,38124
38123,38125
38123,38129
38123,38133
38123,38136
38124,38125
38124,38129
38124,38133
38124,38137
38125,38129
38125,38133
38125,38136
38125,38137
38125,38139
38125,45663
38125,67014
38125,74940
38129,38133
38129,38136
38129,38137
38129,38141
38129,68752
38129,91873
38129,53691
38133,38136
38133,38137
38133,38139
38133,38141
38133,38145
38136,38137
38136,38141
38136,38145
38136,38147
38136,54275
38137,38139
38137,38145
38137,38147
38137,38149
38137,58587
38137,43904
38139,38141
38139,38145
38139,38147
38139,38149
38139,38153
38141,38145
38141,38147
38141,38149
38141,38153
38141,38156
38141,55817
38145,38147
38145,38149
38145,38153
38145,38156
38145,38158
38147,38149
38147,38153
38147,38156
38147,38158
38147,38161
38149,38153
38149,38156
38149,38158
38149,38161
38149,38162
38153,38156
38153,38158
38153,38161
38153,38162
38153,38166
38153,95711
38156,38158
38156,38162
38156,38166
38156,38172
38156,91598
38156,69870
38158,38161
38158,38162
38158,38166
38158,38172
38158,38173
38158,94598
38161,38162
38161,38166
38161,38172
38161,38173
38161,38174
38161,93172
38162,38172
38162,38173
38162,38174
38162,38176
38166,38172
38166,38173
38166,38174
38166,38176
38166,38185
38172,38173
38172,38174
38172,38176
38172,38185
38172,38187
38172,63715
38173,38174
38173,38176
38173,38185
38173,38187
38173,38188
38174,38176
38174,38185
38174,38187
38174,38188
38174,38189
38174,65822
38176,38185
38176,38188
38176,38189
38176,38192
38185,38187
38185,38188
38185,38189
38185,38192
38185,38196
38187,38188
38187,38192
38187,38196
38187,38202
38187,95213
38188,38189
38188,38192
38188,38196
38188,38202
38188,38206
38189,38192
38189,38196
38189,38202
38189,38206
38189,38212
38192,38196
38192,38202
38192,38212
38192,38215
38192,56347
38196,38202
38196,38206
38196,38212
38196,38215
38196,38216
38196,92437
38202,38206
38202,38212
38202,38215
38202,38216
38202,38249
38206,38215
38206,38216
38206,38249
38206,38257
38212,38215
38212,38216
38212,38249
38212,38257
38212,38269
38212,85877
38215,38216
38215,38249
38215,38257
38215,38269
38215,38270
38216,38249
38216,38257
38216,38269
38216,38270
38216,38271
38249,38257
38249,38269
38249,38271
38257,38269
38257,38270
38257,38271
38257,38272
38257,38278
38269,38270
38269,38271
38269,38272
38269,38278
38269,38282
38269,84193
38270,38271
38270,38272
38270,38278
38270,38282
38270,38284
38271,38272
38271,38278
38271,38282
38271,38284
38271,38290
38272,38278
38272,38282
38272,38284
38272,38290
38272,38300
38272,51194
38278,38282
38278,38284
38278,38290
38278,38300
38278,38301
38282,38284
38282,38290
38282,38300
38282,38301
38282,38304
38284,38290
38284,38300
38284,38301
38284,38304
38284,38305
38284,65373
38290,38300
38290,38301
38290,38304
38290,38305
38290,38307
38300,38301
38300,38304
38300,38305
38300,38307
38300,38311
38301,38304
38301,38305
38301,38307
38301,38311
38301,38313
38304,38305
38304,38307
38304,38311
38304,38313
38304,38314
38305,38307
38305,38311
38305,38313
38305,38314
38305,38319
38305,81347
38307,38311
38307,38313
38307,38314
38307,38319
38307,38322
38311,38313
38311,38314
38311,38319
38311,38322
38311,38323
38313,38319
38313,38322
38313,38323
38313,38327
38313,94674
38314,38319
38314,38322
38314,38323
38314,38327
38314,38335
38319,38322
38319,38323
38319,38327
38319,38339
38319,68676
38319,89796
38322,38323
38322,38327
38322,38335
38322,38339
38322,38343
38323,38327
38323,38339
38323,38343
38323,38345
38327,38339
38327,38343
38327,38345
38327,38362
38335,38339
38335,38343
38335,38345
38335,38362
38335,38363
38335,89773
38339,38343
38339,38345
38339,38362
38339,38364
38339,97838
38343,38345
38343,38362
38343,38363
38343,38364
38343,38367
38345,38362
38345,38363
38345,38364
38345,38367
38345,38371
38345,96863
38362,38364
38362,38367
38362,38371
38362,38372
38362,97456
38363,38364
38363,38371
38363,38372
38363,38376
38363,51386
38364,38367
38364,38371
38364,38372
38364,38376
38364,38380
38367,38372
38367,38376
38367,38380
38367,38383
38367,59636
38371,38372
38371,38376
38371,38380
38371,38383
38371,38392
38371,64300
38372,38376
38372,38380
38372,38383
38372,38392
38372,38393
38376,38383
38376,38392
38376,38393
38376,38394
38376,77104
38380,38383
38380,38392
38380,38393
38380,38394
38380,38397
38383,38393
38383,38394
38383,38401
38383,94233
38383,94998
38392,38393
38392,38394
38392,38397
38392,38401
38392,38415
38393,38394
38393,38397
38393,38401
38393,38415
38393,38418
38394,38397
38394,38401
38394,38415
38394,38418
38394,38426
38397,38415
38397,38418
38397,38426
38397,38441
38397,86565
38401,38415
38401,38418
38401,38441
38401,66662
38401,63904
38415,38418
38415,38426
38415,38441
38415,38447
38415,38448
38418,38426
38418,38441
38418,38447
38418,38448
38418,38450
38426,38447
38426,38448
38426,38450
38426,38452
38426,68693
38441,38447
38441,38448
38441,38450
38441,38453
38447,38448
38447,38450
38447,38452
38447,38457
38447,53595
38448,38450
38448,38452
38448,38453
38448,38457
38448,38463
38450,38452
38450,38453
38450,38457
38450,38465
38452,38453
38452,38463
38452,38465
38452,38467
38452,55778
38453,38457
38453,38463
38453,38465
38453,38467
38453,38472
38457,38463
38457,38465
38457,38467
38457,38472
38457,38473
38463,38465
38463,38467
38463,38473
38463,38474
38465,38467
38465,38472
38465,38473
38465,38474
38465,38480
38467,38472
38467,38473
38467,38474
38467,38480
38467,38481
38472,38473
38472,38474
38472,38481
38472,38483
38473,38474
38473,38480
38473,38481
38473,38483
38473,38484
38474,38480
38474,38481
38474,38483
38474,38484
38474,38485
38474,61640
38480,38481
38480,38484
38480,38485
38480,38486
38480,59385
38481,38483
38481,38484
38481,38485
38481,38486
38481,38489
38481,50036
38483,38484
38483,38485
38483,38486
38483,38489
38483,38496
38483,52185
38484,38485
38484,38486
38484,38489
38484,38496
38484,38497
38485,38486
38485,38489
38485,38496
38485,38498
38486,38489
38486,38496
38486,38497
38486,38498
38486,38499
38489,38496
38489,38497
38489,38498
38489,38499
38489,38500
38496,38497
38496,38498
38496,38499
38496,38500
38496,38501
38497,38498
38497,38499
38497,38500
38497,38501
38497,38502
38498,38499
38498,38500
38498,38501
38498,38502
38499,38500
38499,38501
38499,38502
38499,38505
38499,38510
38500,38501
38500,38502
38500,38505
38500,38510
38500,38511
38501,38502
38501,38505
38501,38510
38501,38511
38501,70201
38502,38505
38502,38519
38502,90498
38502,99053
38505,38510
38505,38511
38505,38513
38505,38519
38505,38522
38510,38511
38510,38513
38510,38519
38510,38522
38510,49247
38511,38513
38511,38519
38511,38522
38511,38527
38511,38528
38513,38519
38513,38522
38513,38527
38513,38528
38513,38529
38519,38522
38519,38527
38519,38528
38519,38529
38519,38531
38522,38527
38522,38528
38522,38529
38522,38531
38522,38532
38527,38528
38527,38529
38527,38531
38527,38532
38527,38533
38528,38529
38528,38531
38528,38532
38528,38533
38528,38534
38528,64344
38529,38531
38529,38532
38529,38533
38529,38534
38529,38548
38531,38532
38531,38533
38531,38534
38531,38548
38531,38550
38531,79254
38532,38533
38532,38534
38532,38550
38532,38558
38533,38534
38533,38548
38533,38558
38533,38561
38533,58532
38533,93431
38534,38548
38534,38558
38534,38561
38534,38567
38534,97138
38548,38558
38548,38561
38548,38567
38548,38569
38548,54496
38548,61388
38548,61306
38550,38558
38550,38561
38550,38567
38550,38569
38550,38570
38558,38561
38558,38567
38558,38569
38558,38570
38558,38572
38561,38567
38561,38569
38561,38570
38561,38572
38561,38576
38567,38569
38567,38570
38567,38572
38567,38576
38567,38581
38567,58738
38569,38570
38569,38572
38569,38576
38569,38581
38569,38588
38570,38572
38570,38576
38570,38581
38570,38588
38570,38590
38572,38576
38572,38581
38572,38588
38572,80957
38572,94834
38576,38581
38576,38588
38576,38590
38576,38594
38576,38595
38581,38588
38581,38590
38581,38594
38581,38595
38581,38597
38588,38594
38588,38595
38588,38597
38588,38600
38588,60481
38590,38594
38590,38595
38590,38597
38590,38600
38590,38605
38594,38597
38594,38600
38594,38605
38594,38608
38594,88548
38595,38597
38595,38600
38595,38605
38595,38608
38595,38609
38597,38600
38597,38605
38597,38608
38597,38609
38597,38618
38600,38605
38600,38608
38600,38609
38600,38618
38600,69304
38600,55407
38605,38608
38605,38609
38605,38618
38605,38619
38605,38621
38608,38609
38608,38618
38608,38619
38608,38621
38608,38629
38609,38618
38609,38619
38609,38621
38609,38629
38609,38631
38618,38619
38618,38621
38618,38629
38618,38631
38618,38635
38619,38629
38619,38631
38619,38635
38619,38641
38619,95803
38621,38629
38621,38631
38621,38635
38621,38641
38621,38648
38621,59561
38629,38631
38629,38635
38629,38648
38629,38651
38629,75483
38631,38635
38631,38641
38631,38648
38631,38656
38631,80236
38631,99547
38635,38641
38635,38648
38635,38651
38635,38656
38641,38648
38641,38651
38641,38656
38641,38669
38648,38651
38648,38656
38648,38660
38648,38669
38648,38671
38651,38656
38651,38660
38651,38669
38651,38671
38651,87659
38656,38660
38656,38671
38656,38672
38656,38675
38656,45929
38660,38669
38660,38671
38660,38672
38660,38675
38660,38677
38669,38671
38669,38672
38669,38675
38669,38677
38669,38678
38671,38672
38671,38675
38671,38677
38671,38678
38671,38681
38672,38675
38672,38677
38672,38678
38672,38681
38672,38693
38675,38677
38675,38678
38675,38681
38675,38693
38675,38698
38677,38678
38677,38693
38677,38698
38677,53161
38677,56463
38677,93918
38678,38681
38678,38693
38678,38698
38678,38700
38678,38706
38681,38693
38681,38698
38681,38700
38681,38706
38681,38709
38693,38698
38693,38700
38693,38706
38693,38709
38693,38710
38693,60195
38693,70842
38698,38700
38698,38709
38698,38710
38698,38711
38698,94929
38700,38706
38700,38709
38700,38710
38700,38711
38700,38713
38706,38709
38706,38710
38706,38711
38706,38713
38706,38714
38709,38710
38709,38713
38709,38714
38709,38718
38709,92794
38710,38711
38710,38713
38710,38714
38710,38726
38710,53745
38711,38714
38711,38718
38711,38726
38711,38731
38711,72671
38713,38714
38713,38718
38713,38726
38713,38731
38713,38733
38714,38718
38714,38726
38714,38731
38714,38733
38714,38734
38718,38726
38718,38731
38718,38734
38718,38735
38726,38731
38726,38733
38726,38734
38726,38735
38726,38736
38731,38733
38731,38734
38731,38735
38731,38736
38731,38739
38731,60772
38733,38734
38733,38735
38733,38736
38733,38739
38733,38745
38734,38735
38734,38736
38734,38745
38734,38748
38734,54502
38735,38736
38735,38745
38735,38748
38735,38762
38735,75261
38735,84069
38736,38739
38736,38745
38736,38748
38736,38762
38736,38765
38739,38745
38739,38748
38739,38762
38739,38765
38739,38773
38745,38748
38745,38762
38745,38765
38745,38773
38745,40219
38748,38762
38748,38765
38748,38775
38748,38785
38748,90748
38762,38765
38762,38773
38762,38775
38762,38785
38762,38798
38765,38773
38765,38775
38765,38785
38765,38798
38765,38800
38773,38775
38773,38785
38773,38798
38773,38808
38773,87261
38775,38785
38775,38798
38775,38800
38775,38808
38775,38811
38785,38798
38785,38800
38785,38808
38785,38811
38785,38812
38798,38800
38798,38808
38798,38811
38798,38812
38798,38815
38798,78213
38800,38808
38800,38811
38800,38812
38800,38815
38800,38818
38800,48473
38808,38811
38808,38812
38808,38815
38808,38818
38808,38819
38808,42926
38811,38812
38811,38815
38811,38818
38811,38819
38811,38823
38812,38815
38812,38818
38812,38823
38812,38826
38812,75238
38812,95308
38815,38818
38815,38819
38815,38823
38815,38826
38815,38830
38818,38819
38818,38823
38818,38826
38818,38830
38818,38831
38819,38823
38819,38826
38819,38831
38819,38833
38819,74150
38823,38826
38823,38830
38823,38831
38823,38833
38823,38834
38826,38830
38826,38831
38826,38834
38826,38838
38826,75088
38830,38831
38830,38833
38830,38834
38830,38838
38830,38840
38831,38833
38831,38834
38831,38838
38831,38840
38831,38843
38833,38834
38833,38838
38833,38840
38833,38843
38833,38845
38834,38838
38834,38840
38834,38843
38834,38845
38834,38846
38838,38840
38838,38845
38838,38846
38838,38849
38840,38843
38840,38845
38840,38846
38840,38849
38840,50270
38843,38845
38843,38846
38843,38849
38843,38850
38843,38851
38845,38846
38845,38849
38845,38850
38845,38851
38845,38854
38845,44445
38846,38849
38846,38850
38846,38851
38846,38854
38846,38855
38849,38850
38849,38851
38849,38854
38849,38855
38849,38856
38849,41953
38850,38851
38850,38854
38850,38855
38850,38856
38850,38857
38851,38854
38851,38855
38851,38856
38851,38857
38851,98685
38854,38856
38854,38857
38854,38859
38854,38862
38855,38856
38855,38857
38855,38859
38855,38862
38855,38864
38856,38857
38856,38859
38856,38862
38856,38864
38856,38866
38857,38859
38857,38862
38857,38864
38857,38866
38857,38869
38859,38864
38859,38866
38859,38869
38859,38872
38862,38864
38862,38866
38862,38869
38862,38874
38864,38866
38864,38869
38864,38872
38864,38874
38864,38877
38864,57220
38866,38869
38866,38872
38866,38874
38866,38877
38866,38878
38866,55494
38866,61230
38866,85639
38869,38872
38869,38874
38869,38877
38869,38878
38869,38882
38872,38877
38872,38878
38872,38882
38872,38884
38874,38877
38874,38878
38874,38882
38874,38884
38874,38891
38877,38878
38877,38882
38877,38884
38877,38891
38877,38894
38878,38882
38878,38884
38878,38891
38878,38894
38878,38913
38882,38884
38882,38891
38882,38913
38882,38920
38882,96931
38884,38894
38884,38913
38884,38923
38884,91931
38884,64216
38891,38894
38891,38924
38891,90314
38891,87610
38891,93599
38894,38913
38894,38920
38894,38923
38894,38924
38894,38926
38894,45731
38913,38920
38913,38923
38913,38924
38913,38926
38913,38928
38920,38923
38920,38924
38920,38926
38920,38928
38920,38946
38923,38926
38923,38928
38923,38946
38923,38953
38923,54805
38924,38926
38924,38928
38924,38946
38924,38953
38924,38955
38926,38928
38926,38946
38926,38953
38926,38955
38926,38957
38928,38946
38928,38953
38928,38955
38928,38957
38928,38963
38946,38953
38946,38955
38946,38957
38946,38963
38946,38967
38946,52578
38953,38955
38953,38957
38953,38963
38953,38967
38955,38957
38955,38963
38955,38967
38955,38969
38955,38974
38957,38963
38957,38969
38957,38974
38957,38975
38963,38967
38963,38969
38963,38974
38963,38975
38963,38977
38967,38969
38967,38974
38967,38975
38967,38977
38967,38993
38969,38975
38969,38977
38969,38993
38969,44393
38974,38975
38974,38977
38974,38993
38974,38995
38974,38999
38975,38977
38975,38993
38975,38995
38975,38999
38975,39004
38977,38993
38977,38995
38977,38999
38977,39015
38977,61573
38993,38995
38993,38999
38993,39004
38993,39015
38993,39018
38995,38999
38995,39004
38995,39015
38995,39018
38995,39032
38999,39004
38999,39018
38999,39032
38999,39033
38999,61824
38999,81321
39004,39015
39004,39032
39004,39033
39004,39036
39004,82521
39015,39018
39015,39032
39015,39033
39015,39036
39015,39037
39018,39032
39018,39033
39018,39036
39018,39037
39018,39041
39032,39033
39032,39036
39032,39041
39032,95514
39033,39036
39033,39037
39033,39041
39033,39043
39033,39046
39036,39037
39036,39041
39036,39046
39036,39048
39037,39041
39037,39043
39037,39046
39037,39054
39037,83912
39041,39043
39041,39046
39041,39048
39041,39056
39041,67875
39041,79239
39043,39046
39043,39048
39043,39054
39043,39056
39043,39059
39043,72627
39046,39054
39046,39059
39046,39061
39046,56951
39048,39054
39048,39056
39048,39059
39048,39061
39048,39062
39054,39056
39054,39059
39054,39061
39054,39062
39054,39064
39056,39059
39056,39061
39056,39062
39056,39064
39056,57038
39059,39061
39059,39062
39059,39064
39059,39072
39059,39073
39061,39062
39061,39064
39061,39072
39061,39073
39061,39074
39062,39064
39062,39072
39062,39073
39062,39074
39062,39076
39064,39072
39064,39073
39064,39074
39064,39076
39064,39078
39072,39073
39072,39074
39072,39076
39072,39078
39072,39081
39072,70127
39073,39074
39073,39076
39073,39078
39073,39081
39073,39083
39073,67806
39074,39076
39074,39081
39074,39083
39074,39086
39076,39078
39076,39081
39076,39083
39076,39086
39076,56638
39078,39081
39078,39083
39078,39086
39078,39093
39078,39098
39081,39083
39081,39086
39081,39098
39081,39101
39081,73868
39083,39086
39083,39093
39083,39098
39083,39103
39086,39093
39086,39098
39086,39101
39086,39103
39086,39104
39086,83032
39093,39098
39093,39101
39093,39104
39093,39107
39098,39104
39098,39107
39098,39108
39098,61271
39101,39103
39101,39104
39101,39107
39101,39108
39101,39110
39101,71947
39103,39104
39103,39107
39103,39108
39103,39110
39103,39113
39104,39107
39104,39108
39104,39110
39104,39113
39104,39124
39107,39108
39107,39110
39107,39113
39107,39124
39107,39128
39108,39110
39108,39113
39108,39124
39108,39128
39108,39129
39110,39113
39110,39124
39110,39128
39110,39129
39110,39132
39113,39124
39113,39128
39113,39129
39113,39132
39113,39133
39113,90832
39124,39128
39124,39129
39124,39132
39124,39134
39124,91915
39124,70705
39128,39129
39128,39132
39128,39133
39128,39134
39128,39137
39128,61322
39129,39134
39129,39137
39129,39143
39129,98817
39132,39133
39132,39137
39132,39143
39132,39144
39132,94681
39133,39134
39133,39137
39133,39143
39133,39144
39133,39149
39134,39137
39134,39143
39134,39144
39134,39149
39134,39153
39137,39143
39137,39144
39137,39153
39137,39157
39143,39144
39143,39149
39143,39153
39143,39157
39143,39163
39144,39149
39144,39153
39144,39157
39144,39163
39144,39164
39149,39157
39149,39163
39149,39164
39149,39168
39153,39157
39153,39163
39153,39164
39153,39168
39153,39170
39157,39164
39157,39168
39157,39170
39157,39172
39157,60447
39163,39164
39163,39168
39163,39170
39163,39172
39163,39180
39163,75471
39164,39168
39164,39170
39164,39172
39164,39189
39164,86045
39168,39170
39168,39172
39168,39180
39168,39189
39168,39192
39170,39172
39170,39180
39170,39189
39170,39192
39170,58460
39172,39180
39172,39189
39172,39192
39172,39194
39172,39197
39180,39189
39180,39192
39180,39194
39180,39197
39180,39199
39189,39192
39189,39194
39189,39197
39189,39199
39189,39200
39192,39194
39192,39200
39192,39202
39192,75790
39192,74047
39194,39197
39194,39199
39194,39200
39194,39202
39194,39205
39197,39199
39197,39202
39197,39205
39197,46874
39199,39200
39199,39202
39199,39205
39199,39206
39199,39212
39200,39205
39200,39206
39200,39212
39200,39222
39200,74545
39202,39205
39202,39206
39202,39212
39202,39222
39202,39226
39205,39206
39205,39212
39205,39222
39205,39226
39205,50851
39206,39212
39206,39222
39206,39226
39206,39231
39206,39245
39212,39222
39212,39226
39212,39231
39212,39245
39212,39259
39222,39226
39222,39231
39222,39245
39222,39259
39222,39274
39222,70270
39226,39231
39226,39245
39226,39259
39226,39274
39226,39283
39226,68873
39231,39245
39231,39259
39231,39274
39231,39283
39231,39287
39245,39259
39245,39274
39245,39283
39245,39287
39245,39288
39259,39274
39259,39287
39259,39288
39259,39298
39259,96926
39274,39283
39274,39287
39274,39288
39274,39298
39274,39300
39283,39287
39283,39288
39283,39298
39283,39300
39283,39302
39287,39288
39287,39298
39287,39300
39287,39302
39287,39303
39287,70812
39288,39298
39288,39300
39288,39303
39288,39306
39298,39300
39298,39302
39298,39303
39298,39306
39298,39307
39298,78496
39300,39303
39300,39306
39300,39309
39302,39303
39302,39306
39302,39307
39302,39309
39302,80887
39303,39307
39303,39309
39303,39311
39303,39324
39303,70143
39303,67137
39306,39307
39306,39309
39306,39311
39306,39324
39306,39330
39307,39309
39307,39311
39307,39324
39307,39330
39307,39335
39309,39311
39309,39324
39309,39330
39309,39336
39309,64468
39311,39324
39311,39330
39311,39335
39311,39336
39311,91047
39324,39330
39324,39336
39324,39338
39324,58473
39324,96823
39324,54028
39330,39335
39330,39336
39330,39338
39330,39342
39330,39343
39335,39336
39335,39338
39335,39342
39335,39343
39335,39348
39335,49154
39336,39338
39336,39342
39336,39343
39336,39348
39336,39355
39338,39342
39338,39343
39338,39348
39338,39355
39338,39356
39338,74523
39342,39348
39342,39355
39342,39356
39342,39361
39343,39348
39343,39355
39343,39361
39343,39365
39348,39355
39348,39356
39348,39361
39348,39365
39348,39376
39355,39356
39355,39361
39355,39365
39355,39376
39355,39383
39356,39361
39356,39365
39356,39376
39356,39383
39356,69002
39356,59674
39361,39365
39361,39376
39361,39386
39361,39387
39361,42622
39361,76511
39365,39376
39365,39383
39365,39386
39365,39387
39365,39389
39376,39383
39376,39386
39376,39387
39376,39389
39376,39392
39383,39386
39383,39387
39383,39389
39383,39392
39383,39396
39386,39387
39386,39389
39386,39392
39386,39396
39386,39397
39387,39389
39387,39392
39387,39396
39387,39397
39387,39402
39389,39392
39389,39396
39389,39397
39389,39402
39389,39405
39389,58191
39392,39396
39392,39397
39392,39402
39392,39405
39392,39410
39392,78901
39396,39397
39396,39402
39396,39405
39396,39410
39396,39412
39397,39402
39397,39405
39397,39410
39397,39412
39397,39426
39402,39405
39402,39410
39402,39412
39402,39426
39402,39428
39405,39410
39405,39412
39405,39428
39405,39431
39405,84552
39410,39412
39410,39426
39410,39428
39410,39431
39410,39439
39412,39426
39412,39428
39412,39431
39412,39439
39412,39441
39412,67998
39426,39439
39426,39441
39426,39442
39426,48906
39426,65095
39428,39431
39428,39439
39428,39441
39428,39442
39428,39443
39431,39441
39431,39442
39431,39443
39431,39444
39439,39441
39439,39443
39439,39444
39439,59400
39439,60627
39441,39442
39441,39443
39441,39444
39441,39447
39441,39450
39442,39443
39442,39444
39442,39447
39442,39459
39442,96515
39443,39444
39443,39450
39443,39459
39443,39461
39444,39450
39444,39461
39444,39463
39444,40238
39447,39450
39447,39459
39447,39461
39447,39463
39447,39473
39450,39459
39450,39463
39450,39473
39450,39475
39450,49618
39450,84147
39459,39461
39459,39463
39459,39473
39459,39475
39461,39463
39461,39473
39461,39475
39461,39477
39461,39480
39461,58895
39463,39473
39463,39475
39463,39477
39463,39480
39463,95915
39473,39475
39473,39483
39473,39492
39473,73563
39473,77127
39475,39477
39475,92939
39475,61230
39475,81535
39475,66897
39477,39480
39477,39483
39477,39492
39480,39483
39480,39492
39480,39494
39480,39496
39480,39498
39483,39492
39483,39494
39483,39498
39483,80226
39483,55136
39492,39494
39492,39496
39492,39498
39492,39510
39492,92424
39494,39496
39494,39498
39494,39506
39494,39510
39494,39511
39494,41825
39496,39506
39496,39510
39496,39511
39496,39516
39498,39506
39498,39510
39498,39511
39498,39516
39498,39518
39506,39511
39506,39518
39506,39520
39506,75154
39506,66637
39510,39511
39510,39518
39510,39520
39510,39521
39511,39516
39511,39520
39511,39521
39511,39522
39511,80220
39516,39518
39516,39520
39516,39521
39516,39522
39516,39534
39518,39520
39518,39521
39518,39534
39518,39539
39518,61671
39520,39521
39520,39522
39520,39534
39520,39539
39520,39542
39521,39522
39521,39534
39521,39539
39521,39542
39521,39544
39522,39534
39522,39539
39522,39542
39522,39544
39522,39546
39534,39539
39534,39542
39534,39544
39534,39546
39534,39552
39534,86610
39534,84246
39539,39542
39539,39544
39539,39546
39539,39554
39539,96456
39539,68692
39542,39544
39542,39546
39542,39552
39542,39554
39542,39555
39544,39546
39544,39552
39544,39555
39544,39562
39544,62327
39544,48545
39546,39552
39546,39554
39546,39555
39546,39562
39546,39569
39546,96369
39552,39555
39552,39562
39552,39569
39552,39570
39554,39562
39554,39569
39554,39570
39554,39572
39554,73729
39555,39562
39555,39569
39555,39570
39555,39572
39555,39587
39562,39569
39562,39570
39562,39572
39562,39587
39562,39590
39569,39570
39569,39572
39569,39587
39569,39590
39569,39592
39570,39572
39570,39587
39570,39590
39570,39592
39570,39597
39570,79829
39572,39590
39572,39592
39572,39597
39572,39603
39572,46663
39587,39590
39587,39592
39587,39597
39587,39603
39587,39608
39590,39592
39590,39597
39590,39603
39590,39608
39592,39597
39592,39603
39592,39608
39592,39611
39592,60768
39597,39608
39597,39611
39597,39625
39597,39626
39597,96245
39603,39608
39603,39611
39603,39625
39603,39626
39603,39629
39603,72180
39608,39625
39608,39626
39608,39629
39608,39631
39611,39625
39611,39626
39611,39629
39611,39631
39611,39632
39625,39626
39625,39629
39625,39632
39625,39634
39626,39629
39626,39631
39626,39632
39626,39634
39626,39639
39629,39631
39629,39632
39629,39634
39629,39640
39631,39632
39631,39634
39631,39639
39631,39646
39631,89614
39632,39640
39632,39646
39632,39647
39634,39639
39634,39640
39634,39646
39634,39647
39634,39650
39634,63301
39639,39640
39639,39646
39639,39647
39639,39650
39639,39654
39640,39646
39640,39647
39640,39650
39640,39654
39640,39667
39646,39650
39646,39654
39646,39667
39646,39673
39646,95423
39647,39650
39647,39654
39647,39667
39647,39673
39647,39676
39650,39654
39650,39667
39650,39673
39650,39676
39650,39683
39654,39667
39654,39673
39654,39676
39654,39683
39654,39684
39667,39676
39667,39683
39667,39684
39667,39686
39667,87677
39673,39676
39673,39684
39673,39686
39673,39691
39673,77517
39676,39683
39676,39684
39676,39686
39676,39691
39676,39692
39683,39684
39683,39691
39683,39692
39683,39693
39684,39686
39684,39691
39684,39692
39684,39696
39684,73333
39686,39691
39686,39692
39686,39693
39686,39696
39686,39698
39691,39693
39691,39699
39691,45055
39691,67510
39692,39693
39692,39696
39692,39698
39692,39699
39692,39700
39692,77659
39693,39696
39693,39698
39693,39699
39693,39701
39693,61822
39696,39698
39696,39699
39696,39700
39696,39701
39696,39704
39698,39699
39698,39700
39698,39701
39698,39704
39698,39705
39699,39700
39699,39701
39699,39705
39699,39707
39700,39701
39700,39705
39700,39707
39700,39711
39700,90237
39701,39704
39701,39707
39701,39711
39701,39712
39701,83586
39701,71242
39701,92151
39701,53966
39704,39705
39704,39707
39704,39711
39704,39712
39704,39713
39704,86510
39705,39711
39705,39712
39705,39726
39707,39711
39707,39712
39707,39713
39707,39726
39707,39729
39707,82905
39711,39712
39711,39713
39711,39726
39711,39729
39711,39734
39712,39713
39712,39726
39712,39729
39712,39734
39712,39738
39713,39729
39713,39738
39713,39739
39713,51966
39713,90171
39726,39729
39726,39734
39726,39738
39726,39739
39726,39745
39726,83254
39729,39734
39729,39738
39729,39739
39729,43393
39729,60804
39734,39738
39734,39739
39734,39745
39734,39748
39734,39753
39734,70722
39738,39739
39738,39745
39738,39748
39738,39753
39738,39755
39738,68329
39739,39745
39739,39748
39739,39755
39739,39756
39745,39748
39745,39753
39745,39755
39745,39756
39745,39762
39745,92540
39748,39755
39748,39756
39748,39762
39748,81334
39748,93837
39753,39755
39753,39756
39753,39762
39753,39764
39753,39769
39753,48518
39755,39756
39755,39762
39755,39764
39755,39769
39755,79119
39755,82156
39756,39762
39756,39764
39756,39769
39756,39770
39756,39805
39756,95405
39762,39764
39762,39769
39762,39770
39762,39805
39762,39809
39764,39769
39764,39770
39764,39805
39764,39809
39764,39814
39769,39770
39769,39805
39769,39809
39769,39814
39769,39815
39770,39805
39770,39814
39770,39815
39770,39817
39770,56245
39770,72592
39770,41913
39805,39809
39805,39814
39805,39815
39805,39817
39805,39828
39809,39814
39809,39815
39809,39817
39809,39828
39809,39833
39814,39815
39814,39817
39814,39828
39814,39833
39814,39844
39815,39817
39815,39828
39815,39833
39815,39844
39815,39845
39817,39833
39817,39844
39817,39845
39817,39848
39817,69307
39828,39833
39828,39845
39828,82734
39828,42384
39833,39844
39833,39848
39833,39849
39833,39850
39844,39845
39844,39848
39844,39849
39844,39850
39844,39856
39845,39848
39845,39849
39845,39850
39845,39856
39845,39858
39848,39849
39848,39850
39848,39856
39848,39858
39848,97089
39849,39850
39849,39856
39849,39858
39849,39862
39849,39863
39850,39856
39850,39858
39850,39862
39850,39863
39850,39866
39856,39858
39856,39862
39856,39874
39856,94978
39856,42636
39856,50838
39858,39863
39858,39866
39858,39874
39858,39880
39862,39863
39862,39866
39862,39880
39862,39881
39862,58758
39863,39866
39863,39874
39863,39880
39863,39881
39863,39891
39866,39874
39866,39880
39866,39881
39866,39891
39866,39895
39874,39880
39874,39881
39874,39895
39874,70607
39874,68648
39880,39881
39880,39891
39880,39895
39880,72627
39880,84424
39881,39891
39881,39895
39881,39896
39881,39900
39881,39901
39881,55294
39891,39895
39891,39896
39891,39900
39891,39901
39891,39902
39895,39896
39895,39900
39895,39901
39895,39902
39895,39903
39896,39900
39896,39901
39896,39902
39896,39903
39896,39905
39896,72158
39900,39901
39900,39902
39900,39905
39900,39907
39900,66710
39901,39902
39901,39903
39901,39905
39901,39907
39901,39909
39902,39903
39902,39905
39902,39907
39902,39909
39902,39910
39903,39905
39903,39907
39903,39909
39903,39910
39903,39912
39905,39907
39905,39909
39905,39910
39905,39915
39905,47886
39907,39909
39907,39910
39907,39915
39907,39920
39907,49100
39907,60956
39907,87538
39909,39912
39909,39915
39909,39920
39909,39922
39909,62716
39910,39912
39910,39915
39910,39920
39910,39922
39910,39925
39910,91628
39912,39915
39912,39925
39912,39935
39912,49691
39912,76461
39912,78624
39915,39920
39915,39922
39915,39925
39915,39948
39915,69327
39920,39922
39920,39925
39920,39935
39920,39948
39920,39960
39922,39925
39922,39935
39922,39948
39922,39960
39925,39935
39925,39948
39925,39960
39925,39961
39925,39964
39935,39964
39935,39965
39935,64626
39948,39960
39948,39961
39948,39964
39948,39965
39948,39966
39948,89419
39960,39961
39960,39964
39960,39965
39960,39966
39960,39968
39961,39965
39961,39966
39961,39968
39961,39969
39961,60400
39964,39965
39964,39966
39964,39968
39964,39971
39965,39966
39965,39968
39965,39969
39965,39977
39966,39968
39966,39969
39966,39971
39966,39977
39966,39978
39968,39969
39968,39971
39968,39977
39968,39978
39968,39979
39969,39971
39969,39977
39969,39978
39969,39979
39969,39985
39971,39977
39971,39978
39971,39979
39971,39985
39971,39991
39977,39978
39977,39979
39977,39991
39977,40005
39978,39979
39978,39985
39978,39991
39978,40005
39978,40012
39979,39985
39979,40005
39979,40012
39979,40015
39979,90012
39985,39991
39985,40015
39985,40016
39985,73454
39985,52727
39991,40012
39991,40015
39991,40016
39991,40019
39991,48655
40005,40012
40005,40015
40005,40019
40005,40020
40005,67318
40012,40015
40012,40016
40012,40019
40012,40020
40012,40023
40015,40016
40015,40019
40015,40020
40015,40023
40015,40027
40016,40019
40016,40020
40016,40023
40016,40027
40016,40030
40016,91416
40019,40020
40019,40023
40019,40030
40019,40043
40019,88289
40020,40023
40020,40027
40020,40030
40020,40043
40020,40046
40023,40027
40023,40030
40023,40043
40023,40046
40023,40048
40027,40030
40027,40043
40027,40046
40027,40048
40027,40055
40030,40043
40030,40046
40030,40055
40030,40062
40030,57501
40043,40046
40043,40048
40043,40055
40043,40062
40043,40065
40046,40048
40046,40055
40046,40065
40046,40069
40046,75709
40048,40055
40048,40062
40048,40065
40048,40069
40048,40079
40055,40065
40055,40069
40055,40079
40055,40083
40055,62246
40062,40065
40062,40069
40062,40083
40062,40088
40062,52185
40062,83417
40065,40069
40065,40083
40065,40088
40065,40093
40065,74200
40065,62532
40069,40079
40069,40083
40069,40088
40069,40093
40069,40095
40079,40088
40079,40093
40079,40099
40079,66101
40079,80620
40079,81346
40083,40088
40083,40093
40083,40095
40083,40099
40083,40101
40088,40093
40088,40095
40088,40099
40088,40101
40088,40102
40093,40095
40093,40099
40093,40101
40093,40102
40093,40103
40095,40099
40095,40101
40095,40102
40095,40103
40095,40107
40099,40101
40099,40102
40099,40107
40099,40117
40099,78885
40101,40102
40101,40103
40101,40107
40101,40117
40101,40119
40102,40103
40102,40107
40102,40117
40102,40119
40102,40121
40103,40107
40103,40117
40103,40119
40103,40121
40103,40123
40107,40117
40107,40119
40107,40121
40107,40123
40107,40125
40107,53261
40117,40119
40117,40121
40117,40123
40117,40140
40117,43532
40117,79330
40119,40121
40119,40123
40119,40140
40119,40153
40119,98424
40119,51418
40121,40123
40121,40125
40121,40140
40121,40153
40121,40159
40123,40125
40123,40140
40123,40153
40123,40159
40123,40167
40125,40140
40125,40153
40125,40159
40125,40167
40125,40181
40140,40153
40140,40159
40140,40167
40140,40181
40140,40184
40153,40159
40153,40181
40153,40184
40153,40186
40153,84491
40159,40167
40159,40181
40159,40184
40159,40186
40159,40188
40167,40181
40167,40184
40167,40186
40167,40188
40167,40190
40167,68500
40181,40184
40181,40186
40181,40188
40181,40199
40184,40186
40184,40190
40184,40199
40184,40203
40184,71512
40184,74358
40186,40188
40186,40190
40186,40199
40186,40203
40186,40208
40188,40190
40188,40199
40188,40203
40188,40208
40188,40209
40190,40199
40190,40203
40190,40208
40190,40209
40190,40211
40199,40203
40199,40208
40199,40209
40199,40211
40199,76829
40203,40208
40203,40211
40203,40218
40203,40219
40203,50772
40203,77025
40208,40209
40208,40211
40208,40219
40208,40220
40208,70937
40209,40211
40209,40218
40209,40220
40209,40221
40209,87746
40211,40218
40211,40219
40211,40220
40211,40221
40211,40228
40218,40221
40218,40228
40218,40230
40218,89881
40218,40327
40219,40220
40219,40221
40219,40228
40219,40230
40220,40221
40220,40228
40220,40230
40220,40238
40220,40240
40221,40228
40221,40230
40221,40238
40221,40240
40221,40242
40228,40230
40228,40238
40228,40240
40228,40242
40228,40244
40228,96402
40228,82563
40230,40238
40230,40240
40230,40242
40230,40244
40230,40253
40238,40240
40238,40242
40238,40244
40238,40253
40238,40261
40240,40242
40240,40253
40240,40261
40240,40271
40242,40244
40242,40253
40242,40261
40242,40271
40242,40273
40242,68650
40244,40253
40244,40261
40244,40271
40244,40273
40244,40280
40253,40261
40253,40271
40253,40273
40253,40280
40253,40286
40261,40271
40261,40273
40261,40280
40261,40286
40261,40288
40261,91575
40271,40273
40271,40288
40271,40291
40273,40280
40273,40288
40273,40291
40280,40286
40280,40288
40280,40291
40280,40300
40280,40302
40286,40288
40286,40291
40286,40300
40286,40302
40286,40305
40286,47419
40288,40291
40288,40300
40288,40302
40288,40305
40288,40310
40288,63615
40291,40300
40291,40302
40291,40305
40291,40310
40291,40316
40300,40302
40300,40305
40300,40310
40300,40316
40300,40318
40302,40310
40302,40316
40302,40318
40302,40322
40302,52771
40302,68236
40305,40310
40305,40316
40305,40318
40305,40322
40305,40324
40310,40316
40310,40318
40310,40324
40310,40327
40310,70326
40316,40318
40316,40322
40316,40324
40316,40327
40316,40329
40318,40322
40318,40324
40318,40327
40318,40343
40318,96384
40322,40324
40322,40327
40322,40343
40322,40346
40322,48732
40324,40329
40324,40343
40324,40346
40324,40354
40327,40329
40327,40343
40327,40346
40327,40356
40327,43998
40329,40343
40329,40354
40329,40356
40329,40364
40329,44824
40343,40354
40343,40356
40343,40364
40343,40372
40343,64353
40346,40356
40346,40372
40346,40375
40346,75483
40346,46314
40354,40364
40354,40372
40354,40375
40354,40377
40354,82610
40356,40364
40356,40372
40356,40375
40356,40377
40356,40379
40356,73133
40364,40372
40364,40375
40364,40377
40364,40379
40364,40381
40364,52119
40372,40375
40372,40377
40372,40379
40372,40381
40372,40387
40375,40379
40375,40381
40375,40387
40375,40389
40375,95555
40377,40379
40377,40381
40377,40387
40377,40389
40377,40390
40379,40381
40379,40387
40379,40389
40379,40390
40379,40398
40381,40387
40381,40389
40381,40390
40381,40398
40381,61840
40387,40389
40387,40390
40387,40399
40387,40405
40389,40390
40389,40398
40389,40399
40389,40405
40389,40406
40389,83567
40390,40398
40390,40399
40390,40405
40390,40406
40398,40399
40398,40405
40398,40406
40398,40408
40398,40409
40399,40405
40399,40406
40399,40408
40399,40409
40399,40413
40405,40408
40405,40409
40405,40415
40405,69120
40406,40408
40406,40413
40406,40419
40406,43972
40406,54104
40408,40409
40408,40413
40408,40415
40408,40431
40408,87427
40408,60414
40409,40415
40409,40419
40409,40431
40409,40433
40409,93778
40413,40415
40413,40419
40413,40431
40413,40433
40413,40434
40413,69206
40415,40419
40415,40431
40415,40433
40415,40434
40415,40437
40419,40433
40419,40434
40419,40437
40419,40443
40419,88920
40431,40433
40431,40434
40431,40437
40431,40443
40431,40448
40431,59311
40433,40434
40433,40437
40433,40443
40433,40448
40433,40450
40433,90623
40434,40437
40434,40443
40434,40450
40434,78447
40434,99052
40437,40443
40437,40448
40437,40452
40437,40454
40437,48914
40443,40448
40443,40450
40443,40452
40443,40454
40443,40456
40448,40450
40448,40454
40448,40456
40448,40466
40448,90666
40450,40452
40450,40456
40450,40473
40450,88817
40452,40454
40452,40456
40452,40466
40452,40474
40454,40456
40454,40466
40454,40473
40454,40474
40454,40475
40456,40466
40456,40473
40456,40474
40456,40475
40456,40476
40466,40473
40466,40474
40466,40475
40466,40476
40466,40489
40466,95941
40473,40474
40473,40475
40473,40476
40473,40489
40473,40495
40473,71717
40474,40475
40474,40476
40474,40489
40474,40495
40474,40498
40474,67525
40475,40476
40475,40489
40475,40495
40475,40498
40475,40501
40476,40489
40476,40495
40476,40498
40476,40501
40476,40503
40489,40495
40489,40498
40489,40501
40489,40503
40489,40512
40489,92109
40495,40498
40495,40501
40495,40503
40495,40516
40498,40501
40498,40503
40498,40512
40498,40527
40498,47409
40501,40503
40501,40512
40501,40527
40501,40528
40501,63323
40503,40512
40503,40516
40503,40527
40503,40528
40503,40538
40512,40516
40512,40527
40512,40538
40512,40540
40512,74363
40512,72441
40516,40527
40516,40528
40516,40538
40516,40540
40516,68130
40516,71578
40527,40528
40527,40538
40527,40540
40527,40542
40527,40543
40528,40538
40528,40542
40528,40543
40528,40546
40538,40542
40538,40546
40538,51829
40538,53381
40538,46915
40540,40542
40540,40543
40540,40546
40540,40558
40540,40561
40542,40543
40542,40546
40542,40558
40542,40561
40542,40564
40542,81030
40543,40546
40543,40558
40543,40561
40543,40564
40543,40565
40546,40558
40546,40561
40546,40564
40546,40568
40546,90430
40558,40561
40558,40564
40558,40565
40558,40568
40558,40570
40561,40564
40561,40565
40561,40568
40561,40570
40561,40573
40564,40565
40564,40568
40564,40570
40564,40573
40564,40575
40565,40568
40565,40570
40565,40573
40565,40575
40565,40576
40565,47436
40568,40570
40568,40573
40568,40575
40568,40576
40568,40580
40570,40573
40570,40575
40570,40576
40570,40580
40570,76340
40573,40575
40573,40576
40573,40580
40573,40582
40573,40588
40575,40576
40575,40580
40575,40582
40575,40588
40575,40591
40576,40580
40576,40582
40576,40588
40576,40591
40576,40593
40580,40582
40580,40588
40580,40591
40580,40593
40582,40588
40582,40591
40582,40593
40582,40596
40582,40607
40582,47393
40582,59480
40588,40591
40588,40593
40588,40596
40588,40607
40588,40612
40591,40593
40591,40607
40591,40612
40591,40620
40593,40607
40593,40612
40593,40620
40593,40627
40593,98233
40593,62181
40593,63276
40596,40607
40596,40620
40596,40627
40596,40629
40596,92846
40596,94509
40607,40620
40607,40627
40607,40629
40607,44190
40612,40620
40612,40627
40612,40629
40612,40630
40612,40631
40612,79515
40620,40627
40620,40629
40620,40630
40620,40631
40620,40632
40627,40631
40627,40632
40627,40635
40629,40630
40629,40631
40629,40632
40629,40635
40629,40640
40630,40631
40630,40632
40630,40635
40630,40640
40630,40648
40631,40632
40631,40635
40631,40640
40631,40648
40631,40653
40632,40635
40632,40640
40632,40648
40632,40655
40635,40640
40635,40648
40635,40653
40635,40655
40635,40659
40640,40648
40640,40653
40640,40655
40640,40659
40640,40671
40648,40655
40648,40659
40648,40671
40648,40680
40653,40655
40653,40659
40653,40671
40653,40680
40653,40682
40655,40659
40655,40671
40655,40680
40655,40682
40655,40685
40659,40671
40659,40680
40659,40682
40659,40685
40659,40686
40659,45269
40671,40680
40671,40682
40671,40685
40671,40686
40671,40687
40680,40682
40680,40685
40680,40686
40680,40687
40680,40690
40682,40685
40682,40686
40682,40690
40682,40692
40682,77186
40682,66477
40685,40686
40685,40687
40685,40690
40685,40692
40685,40705
40686,40687
40686,40690
40686,40692
40686,40705
40686,40707
40686,95213
40687,40690
40687,40692
40687,40705
40687,40707
40687,40716
40690,40692
40690,40705
40690,40716
40690,40719
40690,90528
40692,40705
40692,40707
40692,40716
40692,40719
40692,65110
40705,40707
40705,40719
40705,40721
40705,40723
40705,88951
40707,40716
40707,40719
40707,40721
40707,40723
40707,40726
40716,40719
40716,40721
40716,40723
40716,40726
40716,48353
40719,40721
40719,40723
40719,40726
40719,40728
40721,40723
40721,40726
40721,40728
40721,40735
40721,40740
40723,40735
40723,40740
40723,74865
40723,48315
40723,56012
40726,40728
40726,40735
40726,40740
40726,40742
40726,40752
40728,40735
40728,40742
40728,40752
40728,40760
40728,46881
40728,70149
40735,40740
40735,40742
40735,40752
40735,40760
40735,40764
40735,63066
40740,40742
40740,40752
40740,40760
40740,40764
40740,40766
40742,40752
40742,40760
40742,40764
40742,40766
40742,40781
40752,40760
40752,40764
40752,40766
40752,40781
40752,40788
40760,40764
40760,40766
40760,40781
40760,40788
40760,40793
40764,40766
40764,40781
40764,40788
40764,40793
40764,40799
40766,40781
40766,40788
40766,40793
40766,40799
40766,40803
40781,40788
40781,40793
40781,40799
40781,40803
40781,40805
40788,40793
40788,40799
40788,40805
40788,40807
40788,98140
40793,40799
40793,40803
40793,40805
40793,40807
40793,40812
40793,71195
40799,40803
40799,40805
40799,40807
40799,40812
40799,40820
40803,40805
40803,40807
40803,40812
40803,40822
40803,46511
40803,63800
40805,40807
40805,40812
40805,40820
40805,40822
40805,40824
40807,40812
40807,40820
40807,40822
40807,40824
40807,40830
40812,40820
40812,40822
40812,40824
40812,40830
40812,40834
40812,46319
40820,40822
40820,40824
40820,40830
40820,40834
40820,40835
40822,40824
40822,40834
40822,40835
40822,40838
40824,40830
40824,40834
40824,40835
40824,40838
40824,40840
40830,40834
40830,40835
40830,40838
40830,40840
40830,40842
40830,64174
40834,40835
40834,40838
40834,40840
40834,40842
40834,40843
40835,40838
40835,40840
40835,40843
40835,40844
40835,49395
40835,62969
40838,40840
40838,40842
40838,40847
40838,65832
40838,58077
40838,56336
40840,40842
40840,40843
40840,40847
40840,40852
40840,63414
40840,93403
40842,40843
40842,40844
40842,40847
40842,40852
40842,40862
40843,40844
40843,40847
40843,40852
40843,40862
40843,40866
40844,40847
40844,40852
40844,40862
40844,40866
40844,40868
40844,57029
40847,40852
40847,40862
40847,40866
40847,40868
40847,40875
40852,40862
40852,40866
40852,40868
40852,40875
40852,40881
40852,83134
40862,40868
40862,40875
40862,40881
40862,40889
40862,86824
40866,40868
40866,40875
40866,40881
40866,40889
40866,40894
40868,40875
40868,40881
40868,40889
40868,40894
40868,40896
40868,48897
40875,40881
40875,40889
40875,40894
40875,40896
40875,40899
40881,40889
40881,40894
40881,40896
40881,40899
40881,40909
40881,72957
40889,40894
40889,40896
40889,40899
40889,40909
40889,40919
40894,40896
40894,40899
40894,40909
40894,40919
40894,40920
40894,63672
40896,40899
40896,40909
40896,40919
40896,40920
40896,40925
40899,40909
40899,40920
40899,40925
40899,40926
40909,40919
40909,40920
40909,40925
40909,40926
40909,40929
40919,40920
40919,40925
40919,40926
40919,40929
40919,40933
40920,40925
40920,40926
40920,40929
40920,40933
40920,40940
40920,99447
40925,40926
40925,40929
40925,40933
40925,40940
40925,40941
40926,40929
40926,40933
40926,40940
40926,40941
40926,40946
40929,40933
40929,40940
40929,40941
40929,40946
40929,40953
40929,85182
40933,40940
40933,40941
40933,40946
40933,40953
40933,40966
40940,40941
40940,40946
40940,40953
40940,40966
40940,40967
40941,40946
40941,40953
40941,40966
40941,40967
40941,40969
40946,40953
40946,40966
40946,40967
40946,40969
40946,40970
40953,40966
40953,40967
40953,40969
40953,40970
40953,40971
40953,42304
40966,40967
40966,40969
40966,40970
40966,40971
40966,40972
40966,73073
40967,40969
40967,40970
40967,40971
40967,40972
40967,40973
40969,40971
40969,40972
40969,40973
40969,40975
40969,76976
40970,40971
40970,40972
40970,40973
40970,40975
40970,40979
40971,40972
40971,40973
40971,40975
40971,40979
40971,40992
40971,90881
40972,40975
40972,40979
40972,40992
40972,98680
40973,40975
40973,40979
40973,40992
40973,41006
40973,41010
40973,76375
40975,40979
40975,41006
40975,41010
40975,41016
40975,75940
40979,40992
40979,41006
40979,41010
40979,41016
40979,41026
40979,74351
40992,41006
40992,41010
40992,41016
40992,41026
40992,41031
41006,41010
41006,41016
41006,41026
41006,41031
41006,41035
41006,43608
41010,41026
41010,41031
41010,41035
41010,41038
41016,41026
41016,41031
41016,41035
41016,41038
41016,66586
41026,41031
41026,41035
41026,41038
41026,41044
41026,41050
41026,50748
41031,41035
41031,41038
41031,41044
41031,41050
41031,41051
41031,97069
41035,41044
41035,41050
41035,41051
41035,41053
41035,77707
41038,41044
41038,41050
41038,41051
41038,41053
41038,41054
41044,41050
41044,41051
41044,41053
41044,41054
41044,41063
41044,71761
41050,41051
41050,41053
41050,41054
41050,41063
41050,41067
41051,41053
41051,41054
41051,41063
41051,41067
41051,41070
41053,41054
41053,41063
41053,41067
41053,41073
41053,42378
41054,41067
41054,41070
41054,41073
41054,41087
41054,67798
41063,41067
41063,41070
41063,41073
41063,41087
41063,41094
41067,41070
41067,41073
41067,41087
41067,41101
41070,41073
41070,41087
41070,41094
41070,41101
41070,41110
41070,54680
41073,41087
41073,41094
41073,41101
41073,41110
41073,41116
41087,41094
41087,41101
41087,41110
41087,41124
41087,87111
41094,41101
41094,41110
41094,41116
41094,41124
41094,41136
41101,41110
41101,41116
41101,41124
41101,41136
41101,41139
41110,41116
41110,41124
41110,41136
41110,41139
41110,41142
41116,41124
41116,41136
41116,41142
41116,41144
41116,99507
41124,41136
41124,41139
41124,41144
41124,41150
41124,42041
41136,41142
41136,41144
41136,41150
41136,41154
41136,78737
41136,88425
41139,41142
41139,41144
41139,41150
41139,41154
41139,41157
41142,41144
41142,41150
41142,41154
41142,41157
41142,41161
41144,41150
41144,41154
41144,41157
41144,41161
41144,80645
41144,72251
41150,41157
41150,41161
41150,41168
41150,41172
41154,41157
41154,41161
41154,41172
41154,41173
41154,96623
41154,66946
41157,41161
41157,41172
41157,41174
41157,47973
41161,41168
41161,41172
41161,41174
41161,41176
41161,99646
41161,77814
41168,41172
41168,41173
41168,41174
41168,41176
41168,41179
41172,41173
41172,41174
41172,41179
41172,41181
41172,64575
41173,41174
41173,41176
41173,41179
41173,41181
41174,41176
41174,41179
41174,41181
41174,41182
41174,41186
41174,72121
41176,41179
41176,41181
41176,41186
41176,41189
41176,74719
41176,57523
41179,41181
41179,41182
41179,41186
41179,41189
41179,41190
41181,41182
41181,41186
41181,41189
41181,41190
41181,41200
41182,41186
41182,41189
41182,41190
41182,41200
41182,41201
41186,41189
41186,41190
41186,41200
41186,41201
41186,41203
41189,41190
41189,41200
41189,41201
41189,41203
41189,41204
41189,65742
41189,48026
41190,41200
41190,41203
41190,41204
41190,41217
41200,41201
41200,41204
41200,41217
41200,60029
41201,41203
41201,41204
41201,41217
41201,41223
41201,97176
41203,41204
41203,41217
41203,41218
41203,41223
41203,41231
41203,76572
41203,55572
41204,41217
41204,41218
41204,41223
41204,41235
41204,58030
41204,55930
41217,41218
41217,41223
41217,41231
41217,41235
41217,41238
41218,41223
41218,41231
41218,41235
41218,41238
41218,41249
41223,41231
41223,41235
41223,41238
41223,41254
41223,70892
41231,41235
41231,41238
41231,41249
41231,41254
41231,41255
41235,41238
41235,41249
41235,41254
41235,41261
41235,71157
41238,41249
41238,41254
41238,41255
41238,41261
41249,41254
41249,41255
41249,41274
41249,52787
41254,41255
41254,41261
41254,41264
41254,41274
41254,41278
41255,41261
41255,41264
41255,41274
41255,41278
41255,41284
41255,51872
41261,41264
41261,41274
41261,41278
41261,41284
41261,41285
41264,41274
41264,41278
41264,41284
41264,41285
41264,41288
41274,41278
41274,41284
41274,41285
41274,41288
41274,41292
41278,41284
41278,41285
41278,41288
41278,41292
41278,41299
41284,41285
41284,41288
41284,41292
41284,41299
41284,41301
41284,45790
41285,41288
41285,41292
41285,41299
41285,41302
41285,91516
41288,41292
41288,41299
41288,41301
41288,41302
41288,41304
41292,41299
41292,41301
41292,41302
41292,41304
41292,41313
41299,41301
41299,41302
41299,41304
41299,41313
41299,41316
41301,41302
41301,41304
41301,41313
41301,41316
41301,41317
41302,41304
41302,41313
41302,41316
41302,41317
41302,41324
41302,99656
41304,41313
41304,41316
41304,41317
41304,41324
41304,41335
41313,41316
41313,41317
41313,41324
41313,41335
41313,41344
41316,41317
41316,41324
41316,41335
41316,41344
41316,41345
41317,41324
41317,41335
41317,41344
41317,41345
41317,41347
41324,41345
41324,41347
41324,91935
41324,60449
41335,41344
41335,41345
41335,41347
41335,41348
41335,41356
41344,41345
41344,41347
41344,41348
41344,41356
41344,41357
41345,41347
41345,41348
41345,41356
41345,41357
41345,41358
41347,41348
41347,41356
41347,41357
41347,41358
41347,41362
41348,41356
41348,41357
41348,41362
41348,41364
41348,96838
41356,41357
41356,41358
41356,41362
41356,41364
41356,41366
41356,78654
41357,41364
41357,41366
41357,41368
41357,90918
41357,87177
41357,82247
41358,41362
41358,41364
41358,41366
41358,41368
41358,54773
41358,49805
41362,41364
41362,41366
41362,41368
41362,41373
41362,41374
41362,99790
41364,41366
41364,41368
41364,41373
41364,41374
41364,41375
41364,49321
41364,53975
41364,88031
41366,41368
41366,41373
41366,41374
41366,41375
41366,41378
41368,41373
41368,41374
41368,41378
41368,41381
41368,66666
41368,43577
41373,41374
41373,41375
41373,41381
41373,41386
41373,63588
41373,68510
41374,41375
41374,41378
41374,41381
41374,41386
41374,41392
41375,41378
41375,41381
41375,41386
41375,41392
41375,41404
41378,41381
41378,41386
41378,41404
41378,41408
41378,49864
41381,41386
41381,41404
41381,89931
41381,85502
41386,41392
41386,41404
41386,41408
41386,41413
41386,41416
41386,89476
41386,82193
41392,41404
41392,41408
41392,41413
41392,41416
41392,41417
41404,41408
41404,41413
41404,41416
41404,41417
41404,41421
41408,41413
41408,41416
41408,41417
41408,41421
41408,41426
41408,87625
41413,41416
41413,41417
41413,41421
41413,41427
41413,54399
41416,41417
41416,41421
41416,41426
41416,41427
41416,41429
41416,81029
41417,41426
41417,41427
41417,41429
41417,41430
41417,88800
41421,41426
41421,41427
41421,41429
41421,41430
41421,66666
41426,41427
41426,41429
41426,41430
41426,41437
41426,41441
41427,41429
41427,41430
41427,41437
41427,41441
41427,41451
41429,41437
41429,41441
41429,41451
41429,41452
41429,89603
41429,97691
41430,41437
41430,41441
41430,41451
41430,41452
41430,41454
41430,83745
41437,41441
41437,41451
41437,41452
41437,41467
41437,63241
41437,42369
41441,41451
41441,41452
41441,41454
41441,41467
41441,41471
41451,41452
41451,41454
41451,41467
41451,41471
41451,48103
41451,94158
41451,93778
41452,41467
41452,41471
41452,41484
41452,41487
41452,50858
41452,77108
41454,41467
41454,41471
41454,41484
41454,41487
41454,41490
41467,41471
41467,41487
41467,41497
41471,41484
41471,41487
41471,41490
41471,41497
41471,62440
41484,41487
41484,41490
41484,41497
41484,41505
41484,41506
41487,41490
41487,41497
41487,41505
41487,41506
41487,41514
41487,89341
41490,41497
41490,41506
41490,41514
41490,41522
41490,97969
41497,41505
41497,41506
41497,41514
41497,41522
41497,41529
41505,41506
41505,41514
41505,41522
41505,41532
41506,41514
41506,41529
41506,41532
41506,41534
41506,91997
41506,71356
41514,41522
41514,41529
41514,41534
41514,41539
41514,90086
41522,41529
41522,41532
41522,41534
41522,41540
41522,76516
41529,41532
41529,41534
41529,41539
41529,41540
41529,41542
41532,41534
41532,41539
41532,41540
41532,41542
41532,41546
41534,41539
41534,41540
41534,41542
41534,41546
41534,81558
41539,41540
41539,41542
41539,41546
41539,41547
41539,64687
41540,41542
41540,41546
41540,41547
41540,41550
41540,41557
41542,41546
41542,41547
41542,41550
41542,41557
41542,41558
41546,41550
41546,41561
41546,51388
41546,91978
41547,41550
41547,41557
41547,41558
41547,41561
41547,41563
41550,41557
41550,41558
41550,41563
41550,74805
41557,41558
41557,41561
41557,41564
41557,41566
41557,56127
41558,41561
41558,41563
41558,41564
41558,41566
41558,41575
41561,41563
41561,41564
41561,41575
41561,41578
41561,95357
41563,41564
41563,41566
41563,41575
41563,41578
41563,41579
41564,41566
41564,41575
41564,41578
41564,41579
41564,41582
41566,41575
41566,41578
41566,41579
41566,41582
41566,90497
41575,41578
41575,41579
41575,41582
41575,41585
41575,41586
41578,41579
41578,41582
41578,41586
41578,41589
41578,68257
41578,77364
41578,61252
41579,41582
41579,41585
41579,41586
41579,41589
41579,41594
41579,95552
41582,41585
41582,41586
41582,41594
41582,41597
41582,43153
41585,41586
41585,41589
41585,41594
41585,41597
41585,41599
41586,41589
41586,41594
41586,41597
41586,41599
41586,41600
41586,89261
41586,65663
41589,41594
41589,41597
41589,41599
41589,41600
41589,59454
41589,79392
41594,41597
41594,41599
41594,41600
41594,41604
41594,69469
41594,75141
41597,41599
41597,41600
41597,41604
41597,41605
41597,41607
41599,41600
41599,41605
41599,41607
41599,41613
41599,80188
41600,41604
41600,41605
41600,41607
41600,41613
41600,41614
41604,41605
41604,41613
41604,41614
41604,41622
41604,41953
41605,41607
41605,41614
41605,41622
41605,41623
41605,63582
41607,41613
41607,41622
41607,41623
41607,41624
41607,57493
41613,41614
41613,41622
41613,41623
41613,41624
41613,41633
41614,41622
41614,41623
41614,41633
41614,41641
41614,82202
41622,41623
41622,41624
41622,41633
41622,41641
41622,41642
41623,41624
41623,41633
41623,41641
41623,41642
41623,41645
41624,41633
41624,41641
41624,41642
41624,41645
41624,41648
41633,41641
41633,41642
41633,41648
41633,41651
41633,83273
41641,41642
41641,41645
41641,41648
41641,41651
41641,41653
41642,41645
41642,41648
41642,41651
41642,41655
41642,70967
41642,79659
41642,55969
41645,41648
41645,41651
41645,41653
41645,41655
41645,41656
41648,41651
41648,41653
41648,41655
41648,41656
41648,41666
41651,41653
41651,41655
41651,41666
41651,41672
41651,98253
41653,41655
41653,41656
41653,41674
41653,84754
41655,41656
41655,41666
41655,41672
41655,41674
41655,41676
41656,41674
41656,41676
41656,41677
41656,58769
41666,41672
41666,41674
41666,41676
41666,41677
41666,41682
41672,41676
41672,41677
41672,41682
41672,41684
41672,97606
41674,41676
41674,41677
41674,41682
41674,41684
41674,41687
41676,41677
41676,41682
41676,41684
41676,41687
41676,63672
41677,41682
41677,41684
41677,41687
41677,41688
41677,41698
41682,41684
41682,41687
41682,41688
41682,41698
41682,41704
41682,72006
41684,41687
41684,41688
41684,41698
41684,41704
41684,41706
41687,41688
41687,41698
41687,41704
41687,41709
41687,60261
41688,41698
41688,41704
41688,41706
41688,41709
41688,41715
41698,41704
41698,41706
41698,41709
41698,41715
41698,41717
41704,41706
41704,41709
41704,41715
41704,41717
41704,41725
41706,41709
41706,41715
41706,41717
41706,41725
41706,41726
41709,41715
41709,41717
41709,41725
41709,41726
41709,41731
41715,41717
41715,41725
41715,41726
41715,41731
41715,41732
41717,41725
41717,41726
41717,41731
41717,41732
41717,41736
41717,82894
41725,41726
41725,41731
41725,41732
41725,41736
41725,41738
41725,55714
41725,45348
41725,79199
41726,41731
41726,41732
41726,41736
41726,41738
41726,61305
41731,41732
41731,41738
41731,41741
41731,96182
41731,70135
41732,41736
41732,41738
41732,41742
41732,41749
41732,90337
41732,65380
41736,41738
41736,41741
41736,41742
41736,41749
41736,41758
41738,41741
41738,41742
41738,41749
41738,41760
41738,55153
41738,94594
41738,55564
41741,41742
41741,41749
41741,41758
41741,41760
41741,41765
41742,41758
41742,41760
41742,41765
41742,41775
41749,41758
41749,41760
41749,41765
41749,41775
41749,41776
41758,41760
41758,41765
41758,41775
41758,41776
41758,41779
41760,41765
41760,41775
41760,41791
41760,90606
41760,42912
41765,41779
41765,41791
41765,98446
41765,91274
41765,64255
41775,41776
41775,41779
41775,41791
41775,41793
41775,83839
41775,89892
41776,41779
41776,41791
41776,41792
41776,41793
41776,41799
41779,41791
41779,41792
41779,41793
41779,41799
41779,66394
41791,41792
41791,41793
41791,41799
41791,41809
41791,41811
41791,49253
41792,41793
41792,41799
41792,41809
41792,41813
41792,99290
41792,55076
41793,41799
41793,41809
41793,41811
41793,41813
41793,41814
41799,41811
41799,41813
41799,41815
41799,46959
41809,41811
41809,41813
41809,41814
41809,41815
41809,41818
41811,41813
41811,41814
41811,41815
41811,41818
41811,41823
41811,43018
41813,41814
41813,41815
41813,41823
41813,41825
41813,55770
41814,41815
41814,41818
41814,41823
41814,41825
41814,41828
41814,63826
41814,93819
41815,41818
41815,41823
41815,41825
41815,41828
41815,41841
41818,41823
41818,41825
41818,41828
41818,41841
41818,41845
41818,44221
41823,41825
41823,41828
41823,41845
41823,41849
41823,94229
41825,41828
41825,41841
41825,41845
41825,41851
41828,41841
41828,41845
41828,41851
41828,84231
41841,41845
41841,41849
41841,41851
41841,41859
41841,41861
41841,91793
41845,41849
41845,41861
41845,41864
41845,60549
41845,59251
41849,41864
41849,41865
41849,83372
41849,69160
41851,41859
41851,41861
41851,41864
41851,41865
41851,41870
41859,41861
41859,41864
41859,41865
41859,41870
41859,41873
41861,41865
41861,41870
41861,41873
41861,41874
41861,48178
41864,41865
41864,41870
41864,41873
41864,41874
41864,41875
41865,41870
41865,41873
41865,41874
41865,41875
41865,41883
41870,41873
41870,41874
41870,41875
41870,41883
41870,41886
41873,41874
41873,41875
41873,41883
41873,41886
41873,41890
41873,66776
41874,41875
41874,41883
41874,41886
41874,41890
41874,41896
41874,92780
41875,41883
41875,41886
41875,41896
41875,41897
41875,60488
41883,41890
41883,41896
41883,41897
41883,41899
41886,41890
41886,41896
41886,41897
41886,41899
41886,41900
41886,56283
41890,41896
41890,41897
41890,41899
41890,41900
41890,41902
41896,41897
41896,41899
41896,41900
41896,41903
41896,60250
41896,78377
41897,41899
41897,41900
41897,41903
41897,41907
41897,66627
41899,41900
41899,41902
41899,41903
41899,41907
41899,41913
41900,41902
41900,41903
41900,41907
41900,41913
41900,41919
41902,41903
41902,41907
41902,41913
41902,41919
41902,41922
41903,41907
41903,41913
41903,41919
41903,41922
41903,41936
41907,41913
41907,41922
41907,41936
41907,41948
41907,66411
41913,41919
41913,41922
41913,41948
41913,41953
41919,41922
41919,41936
41919,41948
41919,41953
41919,41960
41922,41936
41922,41948
41922,41953
41922,41960
41922,41965
41922,67924
41936,41948
41936,41953
41936,41960
41936,41965
41936,41984
41936,82301
41948,41960
41948,41965
41948,41984
41948,41993
41948,44214
41953,41960
41953,41993
41953,42000
41953,83110
41960,41965
41960,41984
41960,42000
41960,42001
41960,85049
41960,52051
41960,95746
41965,41984
41965,41993
41965,42000
41965,42001
41965,76580
41984,41993
41984,42000
41984,42009
41984,42016
41984,52069
41984,72539
41993,42000
41993,42001
41993,42009
41993,42023
41993,79639
42000,42001
42000,42009
42000,42016
42000,42023
42000,42027
42001,42009
42001,42023
42001,42031
42001,72443
42001,84824
42009,42016
42009,42023
42009,42027
42009,42031
42009,42035
42016,42023
42016,42027
42016,42031
42016,42035
42016,42036
42023,42027
42023,42031
42023,42035
42023,42036
42023,42040
42023,77968
42027,42031
42027,42035
42027,42036
42027,42040
42027,42041
42031,42035
42031,42036
42031,42041
42031,42049
42031,61475
42035,42040
42035,42041
42035,42049
42035,71081
42035,57501
42036,42040
42036,42041
42036,42049
42036,42053
42036,42058
42040,42041
42040,42049
42040,42053
42040,42058
42041,42053
42041,42058
42041,42059
42041,42065
42049,42053
42049,42058
42049,42059
42049,42065
42049,42067
42049,53669
42053,42058
42053,42059
42053,42065
42053,42067
42053,42070
42058,42059
42058,42065
42058,42067
42058,42070
42058,42071
42059,42065
42059,42067
42059,42070
42059,42071
42059,42073
42065,42067
42065,42070
42065,42071
42065,42073
42065,42075
42065,62213
42065,44819
42067,42070
42067,42071
42067,42073
42067,42075
42067,42085
42070,42071
42070,42073
42070,42085
42070,42088
42070,90373
42071,42073
42071,42075
42071,42085
42071,42088
42071,42089
42073,42075
42073,42085
42073,42088
42073,42089
42073,42093
42073,61160
42075,42085
42075,42088
42075,42089
42075,42093
42075,42096
42085,42088
42085,42089
42085,42093
42085,42096
42085,42099
42088,42089
42088,42093
42088,42099
42088,42102
42089,42093
42089,42096
42089,42099
42089,42102
42089,94953
42093,42096
42093,42099
42093,42102
42093,42106
42093,42109
42093,68282
42096,42099
42096,42102
42096,42106
42096,42109
42099,42102
42099,42106
42099,42109
42099,42110
42099,42119
42102,42106
42102,42109
42102,42110
42102,42119
42102,42125
42106,42109
42106,42110
42106,42119
42106,42125
42106,42126
42109,42110
42109,42119
42109,42125
42109,42127
42109,62493
42110,42119
42110,42125
42110,42126
42110,42127
42110,42134
42119,42125
42119,42126
42119,42127
42119,42134
42119,46910
42125,42126
42125,42127
42125,42134
42125,42147
42125,81102
42126,42127
42126,42134
42126,42144
42126,42150
42127,42134
42127,42144
42127,42147
42127,42150
42127,42153
42127,90052
42134,42144
42134,42147
42134,42150
42134,42153
42134,42154
42144,42147
42144,42150
42144,42153
42144,42154
42144,42155
42147,42150
42147,42153
42147,42154
42147,42155
42147,42156
42150,42153
42150,42154
42150,42155
42150,42156
42150,42162
42153,42154
42153,42155
42153,42156
42153,42162
42153,42167
42154,42155
42154,42156
42154,42162
42154,42167
42154,42172
42155,42156
42155,42162
42155,42167
42155,42172
42155,42173
42155,68009
42156,42162
42156,42167
42156,42172
42156,42174
42156,76991
42156,87101
42162,42167
42162,42172
42162,42173
42162,42174
42162,42179
42167,42172
42167,42173
42167,42174
42167,42179
42167,42183
42172,42173
42172,42174
42172,42179
42172,42183
42172,49219
42172,57772
42172,65535
42173,42174
42173,42179
42173,42183
42173,42184
42173,42185
42174,42179
42174,42183
42174,42184
42174,42185
42174,42187
42174,86265
42179,42183
42179,42184
42179,42185
42179,42187
42179,42193
42183,42184
42183,42185
42183,42187
42183,42193
42183,42198
42184,42187
42184,42193
42184,42198
42184,42199
42185,42187
42185,42198
42185,42199
42185,42204
42187,42193
42187,42198
42187,42199
42187,42204
42193,42199
42193,42204
42193,42205
42193,42206
42198,42199
42198,42204
42198,42205
42198,42206
42198,42222
42199,42204
42199,42205
42199,42206
42199,42222
42199,42223
42199,73126
42204,42206
42204,42222
42204,42223
42204,42237
42205,42206
42205,42222
42205,42223
42205,42237
42205,42238
42206,42222
42206,42237
42206,42238
42206,69816
42206,61266
42206,57254
42206,80577
42222,42223
42222,42237
42222,42238
42222,42240
42222,42248
42222,99529
42223,42237
42223,42238
42223,42240
42223,42249
42237,42238
42237,42240
42237,42248
42237,42249
42237,42250
42238,42240
42238,42248
42238,42249
42238,42250
42238,42257
42240,42248
42240,42249
42240,42250
42240,42257
42240,42258
42240,74679
42248,42249
42248,42250
42248,42257
42248,42258
42248,60073
42249,42250
42249,42258
42249,42260
42249,66127
42249,59554
42250,42257
42250,42258
42250,42260
42250,42261
42250,42269
42257,42258
42257,42260
42257,42261
42257,42269
42257,42271
42258,42260
42258,42261
42258,42269
42258,42271
42258,42272
42258,60750
42260,42261
42260,42269
42260,42272
42260,66127
42260,64028
42260,66477
42261,42271
42261,42272
42261,42274
42261,42281
42261,68500
42269,42272
42269,42274
42269,42281
42269,42290
42269,44279
42271,42272
42271,42274
42271,42281
42271,42300
42272,42274
42272,42281
42272,42290
42272,42300
42272,42301
42274,42281
42274,42290
42274,42300
42274,42301
42274,42304
42274,71520
42281,42290
42281,42300
42281,42301
42281,42304
42290,42300
42290,42301
42290,42304
42290,42309
42290,42311
42300,42301
42300,42304
42300,42309
42300,42311
42300,42315
42301,42304
42301,42309
42301,42311
42301,42315
42301,42317
42304,42309
42304,42311
42304,42315
42304,42317
42309,42311
42309,42315
42309,42317
42309,42320
42309,42333
42311,42315
42311,42317
42311,42320
42311,42333
42311,94434
42311,86905
42315,42320
42315,42333
42315,42338
42315,46624
42315,66713
42317,42320
42317,42333
42317,42335
42317,42338
42317,42344
42320,42333
42320,42335
42320,42338
42320,42344
42320,42346
42320,56124
42333,42335
42333,42338
42333,42344
42333,42349
42333,70997
42335,42338
42335,42344
42335,42346
42335,42349
42335,42351
42338,42344
42338,42346
42338,42349
42338,42351
42338,42353
42344,42346
42344,42349
42344,42351
42344,42353
42344,42362
42346,42349
42346,42351
42346,42353
42346,42362
42346,42365
42346,70413
42349,42351
42349,42353
42349,42362
42349,42365
42349,42369
42351,42353
42351,42362
42351,42365
42351,42369
42351,42371
42353,42362
42353,42365
42353,42369
42353,42371
42353,42377
42353,78083
42362,42365
42362,42369
42362,42371
42362,42377
42362,42378
42365,42369
42365,42371
42365,42377
42365,42378
42365,42381
42365,98875
42369,42371
42369,42377
42369,42378
42369,42381
42369,42383
42371,42377
42371,42378
42371,42381
42371,42384
42371,74645
42377,42378
42377,42381
42377,42384
42377,42387
42377,73310
42378,42381
42378,42383
42378,42384
42378,42387
42378,42391
42381,42383
42381,42384
42381,42387
42381,42391
42381,42394
42381,67608
42383,42384
42383,42387
42383,42391
42383,42394
42383,42398
42384,42387
42384,42394
42384,42398
42384,42404
42384,82563
42387,42391
42387,42394
42387,42398
42387,42404
42387,42409
42387,90139
42391,42394
42391,42398
42391,42404
42391,42409
42391,42411
42391,84995
42394,42404
42394,42409
42394,42411
42394,42414
42394,77462
42398,42404
42398,42409
42398,42411
42398,42416
42398,52866
42404,42409
42404,42411
42404,42414
42404,42416
42404,42420
42404,54754
42409,42411
42409,42414
42409,42416
42409,42420
42409,42428
42411,42414
42411,42416
42411,42420
42411,42428
42411,42429
42414,42416
42414,42420
42414,42428
42414,42429
42414,42431
42414,62500
42416,42420
42416,42428
42416,42431
42416,42432
42416,50035
42420,42429
42420,42431
42420,42432
42420,42435
42420,63615
42420,57107
42428,42431
42428,42432
42428,42435
42428,42437
42428,45483
42428,50600
42428,84276
42429,42431
42429,42432
42429,42435
42429,42437
42429,42443
42429,76375
42431,42432
42431,42435
42431,42437
42431,42443
42431,42452
42432,42435
42432,42437
42432,42443
42432,42452
42432,42455
42435,42437
42435,42443
42435,42455
42437,42452
42437,42463
42437,42470
42437,61540
42437,95181
42437,49626
42443,42452
42443,42455
42443,42463
42443,42470
42443,42479
42452,42455
42452,42479
42452,42482
42452,43858
42452,50786
42455,42463
42455,42470
42455,42479
42455,42482
42455,42492
42463,42470
42463,42479
42463,42482
42463,42492
42463,42496
42463,70321
42470,42482
42470,42492
42470,42496
42470,42507
42470,51562
42479,42482
42479,42507
42479,42517
42479,99947
42482,42492
42482,42496
42482,42507
42482,42517
42482,42519
42482,88581
42492,42496
42492,42507
42492,42517
42492,42519
42492,42523
42496,42507
42496,42517
42496,42519
42496,42523
42496,42531
42496,52635
42507,42517
42507,42519
42507,42523
42507,42531
42507,42538
42517,42519
42517,42523
42517,42538
42517,42541
42517,86522
42519,42523
42519,42531
42519,42538
42519,42541
42519,42549
42519,86248
42523,42531
42523,42538
42523,42541
42523,42549
42523,42551
42531,42538
42531,42541
42531,42549
42531,42551
42531,42557
42531,92234
42538,42541
42538,42549
42538,42551
42538,42557
42538,42561
42538,58294
42541,42549
42541,42557
42541,42561
42541,85000
42549,42551
42549,42557
42549,42561
42549,42563
42549,42568
42551,42557
42551,42561
42551,42563
42551,42568
42551,42571
42557,42561
42557,42563
42557,42568
42557,42571
42557,42576
42561,42563
42561,42568
42561,42571
42561,42576
42561,42577
42561,96443
42563,42568
42563,42571
42563,42576
42563,42577
42563,42579
42568,42571
42568,42576
42568,42577
42568,42579
42568,42583
42571,42576
42571,42577
42571,42579
42571,42583
42571,42586
42571,80261
42576,42577
42576,42579
42576,42583
42576,42589
42577,42579
42577,42583
42577,42586
42577,42589
42577,42590
42579,42583
42579,42590
42579,42593
42579,69335
42579,76990
42579,49521
42583,42586
42583,42590
42583,42593
42583,42600
42583,55788
42586,42589
42586,42590
42586,42593
42586,42600
42586,42601
42589,42590
42589,42593
42589,42600
42589,42601
42589,42606
42590,42593
42590,42600
42590,42601
42590,42606
42590,42608
42593,42601
42593,42606
42593,42608
42593,87258
42593,99962
42600,42601
42600,42606
42600,42608
42600,42610
42600,42614
42601,42606
42601,42610
42601,42614
42601,42616
42601,53091
42606,42608
42606,42610
42606,42614
42606,42616
42606,42618
42608,42610
42608,42614
42608,42618
42608,42622
42608,46689
42610,42614
42610,42616
42610,42618
42610,42622
42610,42624
42610,54420
42614,42616
42614,42618
42614,42622
42614,42624
42614,83281
42616,42618
42616,42622
42616,42624
42616,42627
42616,42632
42618,42622
42618,42624
42618,42632
42618,42634
42618,82555
42618,50805
42618,95390
42622,42632
42622,42634
42622,42636
42622,49102
42624,42627
42624,42632
42624,42634
42624,42636
42624,42638
42627,42632
42627,42634
42627,42636
42627,42638
42627,42640
42632,42634
42632,42636
42632,42638
42632,42640
42632,42649
42634,42636
42634,42638
42634,42640
42634,42649
42634,42668
42636,42638
42636,42640
42636,42649
42636,42668
42636,42673
42638,42640
42638,42649
42638,42673
42638,42679
42638,94018
42640,42649
42640,42668
42640,42681
42640,45927
42640,58286
42640,96257
42640,85416
42649,42668
42649,42673
42649,42679
42649,42683
42668,42681
42668,42683
42668,42685
42668,56342
42668,52591
42673,42679
42673,42681
42673,42683
42673,42685
42673,42691
42679,42681
42679,42683
42679,42685
42679,42691
42679,42693
42679,67042
42681,42691
42681,42693
42681,42694
42681,61334
42683,42691
42683,42693
42683,42694
42683,42696
42685,42691
42685,42693
42685,42694
42685,42696
42685,42698
42691,42693
42691,42694
42691,42696
42691,42698
42691,42707
42693,42694
42693,42696
42693,42707
42693,42712
42694,42696
42694,42698
42694,42707
42694,42712
42694,42714
42696,42698
42696,42712
42696,42714
42696,42715
42696,43185
42698,42707
42698,42714
42698,42715
42698,42717
42698,54348
42707,42712
42707,42714
42707,42715
42707,42717
42707,42720
42712,42714
42712,42715
42712,42717
42712,42720
42712,42725
42712,80479
42714,42715
42714,42717
42714,42720
42714,42725
42714,42726
42715,42717
42715,42720
42715,42725
42715,42726
42715,42733
42717,42720
42717,42725
42717,42726
42717,42733
42717,42747
42720,42725
42720,42726
42720,42733
42720,42747
42720,42754
42725,42726
42725,42733
42725,42747
42725,42754
42725,42758
42726,42733
42726,42747
42726,42754
42726,42758
42726,42760
42733,42754
42733,42758
42733,42760
42733,42762
42733,90728
42747,42758
42747,42760
42747,42762
42747,42763
42747,50522
42754,42758
42754,42760
42754,42762
42754,42763
42754,42768
42754,69006
42758,42760
42758,42762
42758,42763
42758,95870
42758,70829
42760,42763
42760,42768
42760,42770
42760,42775
42760,89940
42762,42763
42762,42768
42762,42770
42762,42775
42762,42777
42763,42768
42763,42770
42763,42775
42763,42777
42763,42779
42763,80817
42768,42770
42768,42775
42768,42777
42768,42779
42768,51636
42768,80894
42770,42775
42770,42777
42770,42790
42770,62244
42775,42779
42775,42790
42775,42791
42775,42799
42777,42779
42777,42790
42777,42791
42777,42799
42777,42802
42779,42790
42779,42791
42779,42799
42779,42802
42779,98644
42790,42791
42790,42799
42790,42802
42790,42810
42790,60009
42791,42799
42791,42802
42791,42810
42791,42811
42799,42802
42799,42810
42799,42811
42799,42812
42799,42817
42799,86887
42802,42810
42802,42811
42802,42812
42802,42817
42802,81939
42810,42811
42810,42812
42810,42817
42810,42818
42810,42826
42811,42812
42811,42817
42811,42818
42811,42826
42811,42827
42812,42817
42812,42818
42812,42827
42812,42829
42812,96969
42817,42818
42817,42826
42817,42827
42817,42829
42817,42830
42818,42827
42818,42829
42818,42830
42818,42833
42818,54612
42818,99167
42826,42827
42826,42829
42826,42830
42826,42833
42826,42836
42826,96146
42826,71056
42827,42830
42827,42833
42827,42836
42827,42837
42827,93411
42829,42830
42829,42833
42829,42836
42829,42846
42830,42833
42830,42836
42830,42837
42830,42846
42830,42850
42833,42846
42833,42850
42833,42852
42833,74283
42836,42837
42836,42846
42836,42850
42836,42852
42836,54282
42837,42846
42837,42850
42837,42852
42837,42856
42837,42857
42846,42850
42846,42852
42846,42856
42846,42857
42846,42858
42850,42856
42850,42857
42850,42858
42850,42860
42852,42856
42852,42857
42852,42858
42852,42860
42852,42862
42856,42857
42856,42858
42856,42860
42856,42862
42856,42863
42857,42858
42857,42860
42857,42862
42857,42863
42857,56089
42858,42860
42858,42863
42858,42864
42858,42871
42858,77738
42858,70232
42860,42862
42860,42864
42860,92782
42860,55573
42860,84537
42862,42863
42862,42864
42862,42871
42862,42874
42862,97033
42863,42864
42863,42871
42863,42874
42863,42881
42863,96860
42864,42871
42864,42873
42864,42881
42864,42885
42864,89859
42864,63371
42871,42873
42871,42874
42871,42881
42871,42885
42871,42889
42871,75563
42873,42874
42873,42881
42873,42885
42873,42889
42873,42896
42873,76394
42874,42881
42874,42885
42874,42889
42874,42896
42874,42903
42874,77077
42881,42885
42881,42889
42881,42896
42881,42903
42881,42907
42885,42889
42885,42896
42885,42903
42885,42907
42885,42912
42889,42896
42889,42903
42889,42907
42889,42912
42889,42913
42889,87502
42896,42903
42896,42907
42896,42912
42896,42917
42896,84675
42896,79267
42903,42907
42903,42912
42903,42919
42903,83845
42907,42912
42907,42913
42907,42917
42907,42919
42907,42923
42912,42913
42912,42917
42912,42919
42912,42923
42912,42926
42913,42917
42913,42919
42913,42923
42913,42926
42913,42927
42917,42919
42917,42923
42917,42926
42917,42927
42917,42929
42919,42923
42919,42926
42919,42927
42919,42929
42919,42930
42923,42926
42923,42927
42923,42929
42923,42930
42923,42932
42926,42929
42926,42930
42926,42933
42927,42929
42927,42930
42927,42932
42927,42933
42927,54437
42927,85039
42927,64994
42929,42930
42929,42932
42929,42934
42929,42939
42930,42932
42930,42933
42930,42934
42930,42939
42930,42941
42932,42933
42932,42934
42932,42939
42932,42941
42932,42942
42933,42939
42933,42941
42933,42942
42933,42943
42933,83032
42933,43434
42934,42939
42934,42942
42934,42944
42939,42941
42939,42942
42939,42943
42939,42944
42939,42947
42939,95272
42941,42942
42941,42943
42941,42944
42941,42951
42942,42943
42942,42944
42942,42947
42942,42951
42942,42953
42943,42944
42943,42947
42943,42951
42943,42953
42943,42959
42944,42947
42944,42951
42944,42953
42944,42959
42944,42966
42947,42951
42947,42953
42947,42959
42947,42966
42951,42953
42951,42966
42951,42970
42951,42979
42951,56091
42953,42959
42953,42966
42953,42979
42953,42983
42953,65576
42953,48484
42959,42966
42959,42970
42959,42979
42959,42983
42959,42991
42966,42970
42966,42979
42966,42983
42966,42991
42966,42993
42966,95707
42966,62972
42970,42979
42970,42983
42970,42993
42970,42999
42970,79040
42979,42983
42979,42991
42979,42993
42979,42999
42979,43000
42983,42991
42983,42993
42983,42999
42983,43000
42983,43001
42991,42993
42991,42999
42991,43000
42991,43001
42991,43004
42993,42999
42993,43000
42993,43001
42993,43004
42993,43005
42999,43001
42999,43004
42999,43005
42999,43006
43000,43001
43000,43004
43000,43005
43000,43006
43000,43011
43001,43004
43001,43005
43001,43006
43001,43011
43001,43016
43004,43005
43004,43006
43004,43011
43004,43017
43004,67902
43005,43006
43005,43011
43005,43016
43005,43017
43005,43018
43005,80866
43006,43011
43006,43016
43006,43017
43006,43018
43006,90990
43006,52961
43011,43016
43011,43017
43011,43018
43011,43021
43011,43025
43011,82560
43016,43017
43016,43018
43016,43021
43016,43025
43016,43027
43016,67551
43017,43018
43017,43021
43017,43025
43017,43027
43017,43029
43018,43025
43018,43027
43018,43029
43018,43030
43018,61495
43021,43025
43021,43027
43021,43029
43021,43030
43021,74369
43021,71927
43025,43027
43025,43029
43025,43030
43025,43035
43025,43041
43025,83534
43027,43029
43027,43030
43027,43035
43027,43041
43027,43045
43027,48614
43029,43030
43029,43035
43029,43041
43029,43045
43029,43052
43029,50455
43030,43035
43030,43045
43030,43052
43030,54959
43030,59256
43035,43041
43035,43045
43035,43052
43035,43057
43035,43063
43035,75739
43041,43045
43041,43057
43041,43063
43041,43067
43041,86465
43045,43052
43045,43057
43045,43063
43045,43067
43045,43068
43052,43063
43052,43067
43052,43068
43052,43074
43052,83016
43052,58608
43057,43063
43057,43067
43057,43068
43057,43074
43057,43079
43063,43067
43063,43068
43063,43074
43063,43079
43063,43081
43063,56426
43067,43068
43067,43074
43067,43079
43067,43081
43067,43095
43068,43074
43068,43079
43068,43081
43068,43095
43068,43096
43074,43079
43074,43081
43074,43095
43074,43096
43074,43100
43079,43095
43079,43100
43079,43106
43079,87032
43081,43095
43081,43096
43081,43100
43081,43106
43081,43109
43081,44614
43095,43096
43095,43100
43095,43106
43095,43109
43095,43118
43096,43100
43096,43106
43096,43109
43096,43118
43096,43119
43096,85229
43100,43106
43100,43109
43100,43118
43100,43119
43100,43124
43106,43109
43106,43118
43106,43119
43106,43124
43106,43135
43109,43118
43109,43119
43109,43124
43109,43135
43109,43142
43118,43119
43118,43124
43118,43142
43118,43150
43119,43124
43119,43135
43119,43142
43119,43150
43119,43153
43124,43135
43124,43142
43124,43150
43124,43153
43124,43154
43124,66920
43135,43142
43135,43150
43135,43153
43135,43154
43135,43161
43142,43150
43142,43153
43142,43154
43142,43161
43150,43153
43150,43154
43150,43161
43150,43163
43150,43166
43153,43154
43153,43161
43153,43163
43153,43166
43153,43168
43153,81021
43154,43161
43154,43163
43154,43166
43154,43168
43154,43169
43161,43166
43161,43168
43161,43169
43161,43173
43161,51481
43163,43166
43163,43168
43163,43169
43163,43173
43163,43185
43166,43168
43166,43169
43166,43173
43166,43185
43166,43186
43168,43169
43168,43173
43168,43185
43168,43186
43168,43191
43168,88664
43169,43173
43169,43185
43169,43186
43169,43191
43169,43195
43169,48027
43173,43185
43173,43186
43173,43191
43173,43195
43173,43205
43185,43186
43185,43191
43185,43195
43185,43205
43185,43211
43186,43191
43186,43205
43186,43211
43186,43212
43191,43195
43191,43205
43191,43211
43191,43212
43191,43216
43195,43205
43195,43212
43195,43216
43195,43218
43205,43212
43205,43218
43205,43220
43211,43212
43211,43216
43211,43218
43211,43220
43211,43222
43212,43216
43212,43218
43212,43222
43212,43224
43212,88031
43216,43220
43216,43222
43216,43224
43216,43226
43216,62054
43218,43220
43218,43222
43218,43224
43218,43226
43218,43231
43220,43222
43220,43224
43220,43226
43220,43231
43220,43233
43220,94616
43222,43224
43222,43226
43222,43231
43222,43233
43222,43234
43224,43226
43224,43231
43224,43233
43224,43234
43224,43236
43226,43231
43226,43233
43226,43234
43226,43236
43226,51393
43231,43233
43231,43234
43231,43239
43231,43242
43233,43234
43233,43236
43233,43239
43233,43242
43233,44803
43234,43236
43234,43239
43234,43242
43234,43245
43234,43251
43236,43239
43236,43242
43236,43245
43236,43251
43236,43254
43239,43242
43239,43251
43239,43254
43239,43255
43239,84057
43242,43245
43242,43251
43242,43254
43242,43255
43242,43259
43245,43251
43245,43254
43245,43255
43245,43259
43245,43263
43245,91425
43251,43254
43251,43255
43251,43259
43251,43263
43251,43264
43254,43255
43254,43263
43254,43264
43254,43268
43255,43259
43255,43263
43255,43264
43255,43268
43255,44461
43255,56595
43259,43263
43259,43264
43259,43268
43259,43270
43259,43279
43263,43264
43263,43268
43263,43270
43263,43279
43263,43280
43264,43268
43264,43270
43264,43279
43264,43280
43264,43283
43264,72760
43268,43270
43268,43279
43268,43280
43268,43283
43268,43289
43270,43279
43270,43280
43270,43283
43270,43292
43270,63881
43279,43280
43279,43283
43279,43289
43279,43292
43279,43295
43280,43283
43280,43289
43280,43292
43280,43295
43280,66331
43283,43289
43283,43292
43283,43295
43283,43296
43283,43305
43289,43292
43289,43295
43289,43296
43289,43305
43292,43295
43292,43296
43292,43307
43292,43309
43292,69985
43295,43296
43295,43305
43295,43307
43295,43309
43295,43310
43295,77764
43296,43305
43296,43307
43296,43309
43296,43310
43296,43323
43296,50772
43305,43307
43305,43310
43305,43323
43305,43336
43305,99534
43307,43309
43307,43323
43307,43336
43307,43338
43309,43310
43309,43336
43309,43338
43309,43341
43309,97497
43309,85120
43310,43323
43310,43336
43310,43338
43310,43341
43310,43342
43323,43336
43323,43338
43323,43341
43323,43342
43323,43351
43336,43338
43336,43341
43336,43342
43336,43351
43336,60128
43338,43341
43338,43342
43338,43351
43338,43361
43338,43362
43338,68981
43341,43342
43341,43351
43341,43361
43341,43362
43341,43370
43342,43351
43342,43362
43342,43370
43342,43372
43351,43361
43351,43362
43351,43370
43351,43372
43351,43373
43361,43362
43361,43370
43361,43372
43361,43373
43361,43375
43362,43372
43362,43373
43362,43375
43362,43376
43370,43372
43370,43373
43370,43375
43370,43377
43370,75992
43372,43373
43372,43375
43372,43376
43372,43377
43372,43385
43373,43375
43373,43376
43373,43377
43373,43385
43373,43386
43375,43376
43375,43377
43375,43385
43375,43389
43375,48855
43376,43377
43376,43385
43376,43386
43376,43389
43376,43390
43376,90562
43377,43385
43377,43386
43377,43389
43377,43390
43377,43393
43385,43386
43385,43389
43385,43390
43385,43393
43385,43401
43385,71636
43386,43389
43386,43390
43386,43393
43386,43405
43386,67453
43386,87555
43389,43393
43389,43401
43389,43405
43389,43407
43389,59190
43389,64058
43390,43393
43390,43401
43390,43405
43390,43407
43390,43411
43393,43401
43393,43405
43393,43407
43393,43412
43401,43407
43401,43411
43401,43412
43401,43414
43401,85699
43405,43407
43405,43411
43405,43412
43405,43414
43405,43415
43407,43411
43407,43414
43407,43415
43407,43416
43411,43412
43411,43415
43411,43416
43411,94658
43412,43415
43412,43416
43412,43418
43412,43421
43412,81013
43414,43415
43414,43416
43414,43418
43414,43421
43414,43423
43415,43416
43415,43418
43415,43421
43415,43423
43415,43426
43415,80969
43416,43418
43416,43421
43416,43423
43416,43426
43416,43429
43418,43421
43418,43423
43418,43426
43418,43429
43418,43434
43421,43423
43421,43426
43421,43429
43421,43434
43421,43461
43423,43426
43423,43434
43423,43461
43423,43462
43423,74297
43426,43429
43426,43434
43426,43462
43426,43463
43426,55788
43426,68287
43429,43434
43429,43462
43429,43472
43429,98625
43429,83797
43434,43461
43434,43462
43434,43472
43434,98587
43434,63822
43461,43462
43461,43463
43461,43472
43461,43477
43461,43479
43462,43463
43462,43472
43462,43477
43462,43479
43462,43480
43462,50541
43463,43472
43463,43477
43463,43479
43463,43480
43463,43482
43472,43477
43472,43479
43472,43480
43472,43482
43472,43496
43477,43479
43477,43480
43477,43482
43477,43496
43477,43497
43479,43480
43479,43482
43479,43496
43479,43497
43479,43501
43480,43482
43480,43497
43480,43501
43480,43509
43480,83405
43482,43496
43482,43497
43482,43501
43482,43509
43482,43511
43496,43497
43496,43501
43496,43509
43496,43512
43497,43501
43497,43509
43497,43511
43497,43512
43497,43515
43501,43509
43501,43511
43501,43512
43501,43515
43501,43517
43509,43512
43509,43515
43509,43517
43509,43521
43509,82550
43511,43512
43511,43515
43511,43517
43511,43521
43511,43527
43512,43515
43512,43517
43512,43521
43512,43527
43512,43529
43515,43517
43515,43521
43515,43527
43515,43532
43515,96693
43517,43521
43517,43527
43517,43529
43517,43532
43517,43537
43521,43527
43521,43529
43521,43532
43521,43537
43521,43541
43527,43529
43527,43532
43527,43537
43527,43541
43527,43547
43529,43532
43529,43537
43529,43541
43529,43547
43529,43554
43529,97631
43529,56665
43532,43547
43532,43554
43532,43562
43532,44465
43537,43541
43537,43547
43537,43554
43537,43562
43537,43563
43541,43547
43541,43554
43541,43562
43541,43563
43541,43566
43547,43554
43547,43563
43547,43566
43547,43571
43547,90711
43554,43562
43554,43563
43554,43566
43554,43571
43554,43577
43562,43563
43562,43566
43562,43571
43562,43587
43563,43566
43563,43571
43563,43577
43563,43587
43563,43589
43563,76765
43566,43571
43566,43577
43566,43587
43566,43589
43566,43590
43571,43577
43571,43589
43571,43590
43571,43592
43571,56713
43571,88425
43577,43587
43577,43589
43577,43592
43577,43594
43587,43589
43587,43590
43587,43592
43587,43594
43587,43596
43589,43590
43589,43592
43589,43594
43589,43596
43589,43604
43589,69274
43589,82992
43590,43592
43590,43594
43590,43604
43590,43605
43590,83024
43590,65229
43592,43594
43592,43596
43592,43605
43592,43608
43592,45309
43594,43596
43594,43604
43594,43605
43594,43608
43594,43612
43596,43604
43596,43608
43596,43612
43596,43616
43596,52057
43604,43605
43604,43608
43604,43612
43604,43616
43604,43618
43605,43608
43605,43612
43605,43616
43605,43618
43605,73342
43608,43612
43608,43616
43608,43618
43608,89198
43608,72436
43612,43616
43612,43618
43612,43626
43612,43631
43612,43633
43616,43618
43616,43626
43616,43631
43616,43633
43616,43636
43618,43626
43618,43631
43618,43633
43618,43636
43618,43646
43626,43631
43626,43633
43626,43636
43626,43646
43626,43647
43631,43633
43631,43636
43631,43647
43631,43652
43631,84397
43633,43636
43633,43646
43633,43647
43633,43652
43633,43654
43636,43646
43636,43647
43636,43652
43636,43656
43636,51901
43636,73575
43646,43652
43646,43654
43646,43656
43646,43665
43647,43652
43647,43654
43647,43656
43647,43665
43647,43667
43652,43654
43652,43656
43652,43665
43652,43667
43652,43673
43654,43656
43654,43665
43654,43667
43654,43673
43654,43674
43656,43665
43656,43667
43656,43673
43656,43676
43656,83697
43665,43667
43665,43673
43665,43674
43665,43676
43665,43682
43665,62958
43667,43673
43667,43674
43667,43676
43667,43682
43667,43683
43673,43674
43673,43676
43673,43682
43673,43683
43674,43676
43674,43682
43674,43683
43674,97263
43676,43682
43676,43683
43676,43694
43676,43695
43682,43683
43682,43687
43682,43694
43682,43695
43682,43698
43683,43687
43683,43694
43683,43695
43683,43698
43683,43699
43687,43694
43687,43695
43687,43698
43687,43699
43687,43704
43694,43695
43694,43698
43694,43699
43694,43704
43694,43709
43695,43698
43695,43699
43695,43704
43695,43709
43695,43716
43698,43699
43698,43704
43698,43709
43698,43716
43699,43704
43699,43709
43699,43719
43699,43720
43704,43709
43704,43716
43704,43719
43704,43720
43704,43721
43709,43716
43709,43719
43709,43720
43709,43721
43709,43722
43709,46845
43716,43719
43716,43720
43716,43721
43716,43722
43716,91372
43719,43720
43719,43721
43719,43722
43719,43723
43719,43728
43719,56469
43720,43721
43720,43723
43720,43728
43720,43746
43720,94105
43721,43722
43721,43723
43721,43728
43721,43746
43721,58673
43721,44553
43722,43723
43722,43728
43722,43746
43722,43753
43722,43754
43723,43728
43723,43746
43723,43753
43723,43754
43723,43757
43728,43746
43728,43753
43728,43754
43728,43757
43728,43764
43728,65462
43746,43753
43746,43754
43746,43757
43746,43764
43753,43754
43753,43757
43753,43764
43753,43768
43753,51354
43753,77667
43754,43757
43754,43764
43754,43768
43754,43771
43754,43785
43757,43768
43757,43771
43757,43785
43757,43787
43757,76993
43764,43768
43764,43771
43764,43785
43764,43787
43764,43788
43768,43771
43768,43785
43768,43787
43768,43788
43768,43790
43771,43785
43771,43787
43771,43790
43771,43793
43771,89137
43785,43787
43785,43790
43785,43793
43785,43796
43785,89232
43787,43788
43787,43790
43787,43793
43787,43796
43787,43798
43788,43790
43788,43793
43788,43796
43788,43798
43788,85155
43790,43793
43790,43796
43790,43798
43790,43801
43790,43803
43793,43798
43793,43801
43793,43803
43793,43807
43793,78388
43796,43798
43796,43801
43796,43803
43796,43807
43796,43809
43798,43801
43798,43803
43798,43807
43798,43809
43798,43811
43801,43803
43801,43807
43801,43809
43801,43811
43801,43816
43803,43807
43803,43809
43803,43811
43803,43816
43803,43817
43807,43809
43807,43811
43807,43816
43807,43817
43807,43821
43807,76127
43809,43816
43809,43817
43809,43821
43809,43822
43809,87334
43811,43816
43811,43817
43811,43821
43811,43822
43811,43824
43816,43817
43816,43821
43816,43822
43816,43824
43816,43831
43817,43821
43817,43822
43817,43824
43817,43831
43817,43836
43821,43822
43821,43831
43821,43836
43821,43839
43821,58852
43822,43824
43822,43831
43822,43836
43822,43839
43822,43840
43824,43831
43824,43836
43824,43839
43824,43845
43824,53056
43831,43836
43831,43839
43831,43840
43831,43845
43831,43856
43836,43840
43836,43845
43836,43856
43836,43858
43839,43840
43839,43856
43839,43859
43839,94830
43839,53472
43840,43845
43840,43856
43840,43858
43840,43859
43840,43863
43845,43856
43845,43858
43845,43859
43845,43863
43845,43865
43856,43858
43856,43859
43856,43865
43856,43869
43856,81020
43858,43859
43858,43863
43858,43865
43858,43869
43858,43884
43859,43863
43859,43865
43859,43869
43859,43884
43859,43885
43863,43865
43863,43869
43863,43884
43863,43894
43863,94311
43865,43869
43865,43884
43865,43894
43865,43895
43865,83859
43865,86802
43869,43884
43869,43885
43869,43894
43869,43895
43869,43898
43869,82414
43884,43885
43884,43894
43884,43895
43884,43898
43884,43904
43885,43895
43885,43898
43885,43904
43885,43910
43885,69010
43894,43895
43894,43898
43894,43910
43894,43926
43894,93043
43895,43898
43895,43904
43895,43910
43895,43926
43895,43927
43898,43904
43898,43910
43898,43926
43898,43927
43898,43929
43904,43910
43904,43926
43904,43929
43904,43930
43904,57486
43910,43926
43910,43927
43910,43929
43910,43930
43910,43933
43926,43927
43926,43930
43926,43934
43926,53354
43926,87762
43927,43929
43927,43930
43927,43933
43927,43934
43929,43930
43929,43933
43929,43934
43929,43938
43929,84003
43930,43933
43930,43934
43930,43935
43930,43938
43930,43939
43933,43934
43933,43935
43933,43938
43933,43939
43933,43941
43934,43938
43934,43941
43934,43945
43934,57140
43935,43938
43935,43939
43935,43941
43935,43945
43935,43946
43938,43939
43938,43941
43938,43945
43938,43946
43938,43961
43938,76609
43939,43941
43939,43946
43939,43961
43939,60206
43941,43945
43941,43946
43941,43961
43941,43963
43941,43972
43945,43946
43945,43961
43945,43963
43945,43972
43945,63062
43946,43961
43946,43963
43946,43972
43946,43973
43946,43974
43961,43963
43961,43972
43961,43973
43961,43974
43961,43977
43963,43972
43963,43973
43963,43974
43963,43977
43963,43978
43963,99613
43972,43973
43972,43977
43972,43978
43972,43980
43972,44708
43972,73650
43973,43974
43973,43977
43973,43978
43973,43980
43973,43984
43974,43977
43974,43978
43974,43984
43974,51618
43977,43978
43977,43980
43977,43984
43977,43986
43977,43988
43978,43980
43978,43984
43978,43986
43978,43988
43978,43997
43980,43984
43980,43986
43980,43988
43980,43997
43980,43998
43984,43986
43984,43988
43984,43997
43984,43998
43984,43999
43986,43988
43986,43997
43986,43998
43986,43999
43986,44002
43988,43997
43988,43998
43988,43999
43988,44002
43988,44005
43997,43998
43997,43999
43997,44002
43997,44005
43997,44010
43998,43999
43998,44002
43998,44005
43998,44010
43998,44011
43999,44002
43999,44005
43999,44010
43999,44011
43999,44025
44002,44005
44002,44010
44002,44011
44002,44025
44002,44026
44002,87990
44005,44010
44005,44011
44005,44025
44005,44026
44005,44036
44010,44011
44010,44025
44010,44040
44010,52544
44011,44025
44011,44026
44011,44040
44011,44044
44011,88126
44025,44036
44025,44040
44025,44044
44025,44049
44025,46205
44026,44036
44026,44040
44026,44044
44026,44049
44026,44054
44036,44040
44036,44049
44036,44054
44040,44044
44040,44049
44040,44054
44040,44057
44040,44059
44044,44049
44044,44054
44044,44057
44044,44059
44044,44063
44049,44054
44049,44057
44049,44059
44049,44063
44049,44064
44054,44057
44054,44059
44054,44063
44054,44064
44054,44067
44057,44059
44057,44063
44057,44064
44057,44067
44057,44079
44057,76947
44059,44064
44059,44079
44059,44082
44059,65471
44059,49108
44063,44064
44063,44067
44063,44079
44063,44082
44063,44086
44064,44067
44064,44079
44064,44082
44064,44086
44064,44088
44067,44079
44067,44088
44067,44089
44067,75893
44079,44082
44079,44086
44079,44088
44079,44089
44079,44095
44082,44086
44082,44088
44082,44089
44082,44095
44082,44098
44086,44088
44086,44089
44086,44095
44086,44098
44086,44100
44088,44089
44088,44095
44088,44098
44088,44100
44088,44102
44089,44095
44089,44098
44089,44100
44089,44102
44089,44105
44089,58618
44095,44100
44095,44102
44095,44105
44095,44106
44098,44105
44098,44106
44098,44109
44098,84715
44100,44102
44100,44105
44100,44106
44100,44109
44100,44113
44102,44106
44102,44113
44102,44123
44102,45137
44105,44106
44105,44109
44105,44113
44105,44123
44105,44126
44106,44109
44106,44113
44106,44123
44106,44126
44106,44133
44109,44113
44109,44123
44109,44126
44109,44133
44109,44137
44109,90641
44113,44123
44113,44126
44113,44133
44113,44137
44113,44147
44113,84830
44123,44126
44123,44137
44123,44147
44123,44148
44123,68916
44126,44133
44126,44137
44126,44147
44126,44148
44133,44137
44133,44147
44133,44148
44133,44156
44133,44162
44137,44147
44137,44148
44137,44156
44137,44162
44137,44174
44137,62076
44137,90327
44147,44148
44147,44156
44147,44162
44147,44174
44147,44177
44148,44156
44148,44162
44148,44174
44148,44177
44148,44178
44148,97134
44156,44162
44156,44174
44156,44177
44156,44178
44156,44182
44162,44174
44162,44177
44162,44182
44162,44188
44162,94018
44162,96279
44174,44177
44174,44178
44174,44188
44174,44189
44174,83388
44177,44182
44177,44188
44177,44189
44177,44190
44177,91926
44177,89789
44178,44182
44178,44188
44178,44189
44178,44190
44178,44193
44182,44188
44182,44189
44182,44190
44182,44193
44182,44204
44188,44189
44188,44190
44188,44193
44188,44209
44188,70184
44188,67284
44189,44190
44189,44193
44189,44204
44189,44209
44189,44214
44189,56111
44189,87218
44190,44204
44190,44209
44190,44221
44190,62752
44190,99429
44193,44204
44193,44209
44193,44214
44193,44221
44193,44222
44204,44209
44204,44214
44204,44221
44204,44222
44204,44224
44209,44214
44209,44221
44209,44222
44209,44224
44209,53337
44209,52057
44214,44221
44214,44231
44214,44235
44214,61918
44221,44222
44221,44231
44221,44235
44221,44249
44222,44224
44222,44231
44222,44235
44222,44249
44222,44250
44224,44231
44224,44235
44224,44249
44224,44250
44224,44251
44224,75899
44231,44235
44231,44249
44231,44250
44231,44251
44231,44262
44235,44249
44235,44250
44235,44251
44235,44262
44235,44267
44249,44250
44249,44251
44249,44262
44249,44267
44249,44274
44250,44251
44250,44262
44250,44274
44250,44279
44250,94811
44250,62991
44251,44262
44251,44267
44251,44274
44251,44279
44251,44283
44262,44267
44262,44274
44262,44279
44262,44285
44262,46388
44267,44279
44267,44283
44267,44285
44267,44302
44274,44279
44274,44283
44274,44285
44274,44302
44274,44306
44279,44283
44279,44285
44279,44302
44279,44306
44279,44307
44279,94694
44283,44285
44283,44302
44283,44306
44283,44311
44283,57388
44283,82360
44283,56238
44285,44302
44285,44307
44285,44311
44285,92022
44285,73871
44302,44306
44302,44307
44302,44311
44302,44318
44302,99790
44306,44307
44306,44311
44306,44318
44306,44323
44306,44325
44306,51556
44307,44311
44307,44318
44307,44323
44307,44325
44307,44333
44307,76963
44311,44318
44311,44323
44311,44325
44311,44333
44318,44323
44318,44325
44318,44333
44318,44335
44318,44337
44323,44333
44323,44335
44323,44337
44323,44338
44325,44333
44325,44335
44325,44337
44325,44338
44325,44340
44333,44335
44333,44337
44333,44340
44333,44346
44333,88840
44335,44337
44335,44338
44335,44340
44335,44346
44335,82584
44337,44338
44337,44340
44337,44346
44337,44349
44337,44354
44338,44340
44338,44346
44338,44349
44338,44354
44338,44359
44340,44346
44340,44349
44340,44354
44340,44359
44340,44360
44340,55872
44346,44349
44346,44354
44346,44359
44346,44360
44346,44368
44349,44354
44349,44359
44349,44360
44349,44388
44349,69385
44354,44359
44354,44360
44354,44368
44354,44388
44354,44389
44359,44360
44359,44368
44359,44388
44359,44389
44359,44391
44360,44388
44360,44389
44360,44391
44360,44393
44360,51793
44368,44388
44368,44389
44368,44391
44368,44393
44368,44396
44388,44391
44388,44393
44388,44396
44388,94667
44388,66514
44389,44391
44389,44393
44389,44396
44389,44408
44391,44393
44391,44396
44391,44402
44391,44408
44391,44410
44393,44396
44393,44402
44393,44408
44393,44410
44393,44412
44396,44402
44396,44408
44396,44410
44396,44412
44396,44413
44402,44408
44402,44410
44402,44412
44402,44413
44402,44418
44408,44410
44408,44412
44408,44413
44408,44418
44408,44438
44410,44412
44410,44413
44410,44418
44410,44445
44410,70128
44412,44418
44412,44438
44412,44445
44412,44450
44413,44438
44413,44445
44413,44450
44413,44451
44413,95843
44418,44438
44418,44445
44418,44450
44418,44451
44418,44453
44438,44445
44438,44451
44438,44453
44438,72966
44445,44450
44445,44451
44445,44453
44445,44456
44445,99640
44445,52047
44450,44451
44450,44453
44450,44454
44450,44456
44450,44461
44451,44461
44451,44462
44451,94440
44451,46859
44451,58261
44453,44454
44453,44456
44453,44461
44453,81810
44453,80649
44454,44456
44454,44461
44454,44462
44454,44463
44454,44465
44454,98376
44456,44461
44456,44462
44456,44463
44456,44465
44456,44472
44456,88816
44461,44462
44461,44465
44461,44472
44461,44474
44462,44463
44462,44465
44462,44472
44462,44474
44462,44475
44463,44465
44463,44472
44463,44474
44463,44485
44463,56301
44465,44472
44465,44474
44465,44475
44465,44494
44472,44474
44472,44475
44472,44485
44472,44494
44472,44497
44474,44475
44474,44485
44474,44494
44474,44497
44474,44503
44474,75139
44475,44485
44475,44494
44475,44503
44475,44505
44485,44494
44485,44497
44485,44503
44485,44506
44494,44497
44494,44503
44494,44505
44494,44506
44494,44507
44497,44503
44497,44505
44497,44506
44497,44511
44503,44505
44503,44506
44503,44507
44503,44511
44503,44514
44505,44506
44505,44511
44505,44514
44505,44516
44506,44507
44506,44511
44506,44514
44506,44517
44506,98863
44507,44511
44507,44514
44507,44517
44507,44520
44507,97873
44511,44514
44511,44517
44511,44520
44511,44521
44511,49116
44514,44516
44514,44517
44514,44520
44514,44521
44514,44526
44516,44520
44516,44521
44516,44530
44516,67049
44517,44520
44517,44521
44517,44526
44517,44530
44517,44531
44520,44521
44520,44526
44520,44530
44520,44531
44520,44535
44521,44526
44521,44530
44521,44535
44521,61041
44521,95376
44526,44530
44526,44531
44526,44535
44526,44536
44526,44541
44530,44531
44530,44535
44530,44536
44530,44541
44530,44547
44531,44535
44531,44536
44531,44541
44531,44547
44531,44549
44531,80832
44535,44541
44535,44547
44535,44549
44535,44553
44536,44541
44536,44547
44536,44549
44536,44553
44536,44555
44541,44547
44541,44549
44541,44553
44541,44555
44541,44557
44547,44549
44547,44553
44547,44555
44547,44557
44547,44565
44549,44553
44549,44555
44549,44557
44549,44565
44549,44569
44553,44555
44553,44557
44553,44565
44553,44569
44553,44571
44555,44557
44555,44565
44555,44571
44555,44573
44555,51740
44557,44565
44557,44569
44557,44571
44557,44573
44557,44574
44565,44569
44565,44573
44565,44574
44565,44578
44565,65980
44569,44571
44569,44573
44569,44574
44569,44578
44569,44579
44569,85294
44571,44573
44571,44574
44571,44578
44571,44579
44571,44581
44573,44574
44573,44578
44573,44579
44573,44581
44573,44588
44574,44578
44574,44581
44574,44588
44574,44594
44578,44579
44578,44588
44578,44594
44578,44595
44578,50543
44579,44581
44579,44588
44579,44594
44579,44601
44579,61160
44579,44914
44581,44588
44581,44594
44581,44595
44581,44601
44581,44602
44588,44594
44588,44595
44588,44601
44588,44602
44588,44604
44588,81866
44594,44601
44594,44604
44594,44607
44594,85699
44595,44601
44595,44602
44595,44604
44595,44607
44595,44608
44595,65150
44601,44602
44601,44604
44601,44607
44601,44608
44601,44614
44602,44607
44602,44608
44602,44614
44602,44628
44604,44607
44604,44608
44604,44614
44604,44636
44604,61074
44607,44608
44607,44614
44607,44628
44607,44636
44607,44640
44607,73588
44608,44614
44608,44628
44608,44636
44608,44640
44608,44642
44614,44628
44614,44636
44614,44642
44614,44651
44628,44636
44628,44640
44628,44651
44628,44652
44628,62259
44636,44640
44636,44642
44636,44651
44636,44652
44636,44653
44640,44642
44640,44652
44640,44653
44640,76481
44642,44651
44642,44652
44642,44653
44642,44654
44642,44658
44651,44652
44651,44653
44651,44654
44651,44658
44651,44667
44651,81435
44651,89825
44652,44653
44652,44654
44652,44658
44652,44667
44652,44687
44653,44654
44653,44658
44653,44667
44653,44687
44653,44692
44654,44658
44654,44667
44654,44687
44654,44692
44654,44694
44658,44667
44658,44687
44658,44692
44658,44694
44658,44698
44667,44687
44667,44692
44667,44698
44667,44704
44687,44692
44687,44694
44687,44698
44687,44704
44687,44708
44692,44694
44692,44698
44692,44704
44692,44708
44692,44709
44694,44698
44694,44704
44694,44708
44694,44709
44694,44713
44698,44704
44698,44708
44698,44713
44698,77083
44704,44708
44704,44713
44704,44715
44704,44717
44704,57905
44708,44709
44708,44715
44708,44717
44708,44720
44708,92495
44709,44713
44709,44715
44709,44717
44709,98335
44713,44715
44713,44717
44713,44720
44713,44722
44713,44726
44715,44717
44715,44720
44715,44722
44715,44726
44715,44727
44715,80978
44717,44720
44717,44722
44717,44726
44717,44727
44717,44731
44720,44722
44720,44726
44720,44727
44720,44731
44720,44737
44722,44726
44722,44727
44722,44731
44722,44737
44722,44739
44726,44727
44726,44731
44726,44737
44726,44739
44726,44744
44727,44731
44727,44737
44727,44739
44727,44744
44727,44750
44727,76010
44727,63486
44731,44737
44731,44739
44731,44744
44731,44750
44731,44756
44737,44739
44737,44744
44737,44750
44737,44756
44737,44758
44737,83932
44739,44744
44739,44750
44739,44756
44739,44758
44739,44764
44744,44750
44744,44756
44744,44764
44744,44769
44744,63654
44750,44756
44750,44758
44750,44764
44750,44769
44750,44773
44756,44758
44756,44764
44756,44769
44756,44775
44756,57259
44758,44764
44758,44769
44758,44773
44758,44775
44758,44793
44758,83859
44764,44769
44764,44773
44764,44775
44764,44793
44764,44794
44764,57689
44769,44773
44769,44775
44769,44793
44769,44794
44769,44801
44773,44775
44773,44793
44773,44794
44773,44801
44773,44803
44775,44793
44775,44794
44775,44801
44775,44803
44775,44806
44793,44801
44793,44803
44793,44806
44793,44814
44793,70446
44794,44801
44794,44806
44794,44814
44794,44818
44794,94840
44801,44803
44801,44806
44801,44814
44801,44818
44801,44819
44803,44806
44803,44814
44803,44818
44803,44819
44806,44814
44806,44818
44806,44819
44806,44820
44806,44824
44814,44818
44814,44819
44814,44820
44814,44824
44814,44825
44814,57523
44818,44819
44818,44820
44818,44824
44818,44825
44818,44827
44819,44820
44819,44825
44819,44827
44819,44837
44820,44824
44820,44825
44820,44827
44820,44837
44820,44839
44824,44825
44824,44827
44824,44837
44824,44839
44824,44840
44825,44827
44825,44837
44825,44839
44825,44854
44825,76591
44827,44839
44827,44840
44827,44854
44827,44855
44837,44839
44837,44840
44837,44854
44837,44855
44837,44856
44839,44840
44839,44854
44839,44855
44839,44856
44839,44860
44840,44854
44840,44855
44840,44860
44840,72822
44854,44855
44854,44856
44854,44860
44854,44871
44854,98191
44854,76672
44855,44856
44855,44860
44855,44870
44855,44871
44855,44880
44856,44860
44856,44870
44856,44871
44856,44880
44856,44881
44860,44870
44860,44871
44860,44880
44860,44881
44860,44882
44870,44871
44870,44880
44870,44881
44870,44882
44870,44888
44871,44880
44871,44881
44871,44882
44871,44888
44871,44889
44880,44881
44880,44882
44880,44888
44880,44889
44880,44898
44880,50099
44881,44882
44881,44888
44881,44889
44881,44898
44881,44912
44882,44888
44882,44889
44882,44912
44882,57333
44888,44889
44888,44912
44888,44914
44888,44917
44888,90377
44889,44898
44889,44912
44889,44914
44889,44917
44889,44923
44889,47216
44898,44912
44898,44914
44898,44917
44898,44923
44898,44929
44912,44914
44912,44917
44912,44929
44912,44933
44912,79998
44914,44917
44914,44923
44914,44929
44914,44943
44917,44929
44917,44933
44917,44943
44917,44944
44917,74343
44923,44929
44923,44933
44923,44943
44923,44944
44923,44947
44929,44933
44929,44943
44929,44944
44929,44947
44929,44951
44933,44943
44933,44947
44933,44951
44933,44953
44933,94224
44943,44944
44943,44947
44943,44951
44943,44953
44943,44954
44943,82344
44944,44947
44944,44951
44944,44953
44944,44954
44944,44960
44947,44951
44947,44954
44947,44960
44947,44962
44951,44953
44951,44954
44951,44960
44951,44962
44951,44965
44951,89908
44953,44954
44953,44960
44953,44962
44953,44965
44953,44980
44954,44960
44954,44962
44954,44965
44954,44980
44954,50838
44960,44962
44960,44965
44960,44980
44960,44982
44960,44984
44960,51938
44962,44965
44962,44980
44962,44982
44962,44984
44962,44987
44965,44980
44965,44982
44965,44984
44965,44987
44965,44997
44980,44982
44980,44984
44980,44987
44980,44997
44980,44998
44980,84474
44982,44984
44982,44987
44982,44997
44982,44998
44982,45002
44984,44987
44984,44998
44984,45002
44984,45007
44984,47330
44987,44997
44987,45002
44987,45007
44987,45008
44997,44998
44997,45002
44997,45008
44997,45009
44997,77019
44997,83956
44998,45002
44998,45007
44998,45008
44998,45009
44998,45018
45002,45007
45002,45008
45002,45009
45002,45018
45002,45019
45007,45008
45007,45009
45007,45018
45007,45019
45007,45023
45008,45009
45008,45018
45008,45019
45008,45023
45008,45024
45008,59253
45009,45018
45009,45019
45009,45023
45009,45024
45009,45025
45018,45019
45018,45023
45018,45024
45018,45025
45018,45026
45018,59988
45019,45023
45019,45025
45019,45026
45019,45033
45023,45024
45023,45025
45023,45026
45023,45033
45023,45046
45023,92050
45024,45025
45024,45026
45024,45033
45024,45046
45024,45048
45024,75505
45025,45026
45025,45033
45025,45046
45025,45048
45025,45054
45026,45033
45026,45046
45026,45048
45026,45054
45026,45055
45033,45046
45033,45048
45033,45054
45033,45055
45033,45067
45046,45048
45046,45055
45046,45067
45046,45071
45046,96992
45048,45054
45048,45055
45048,45067
45048,45071
45048,45076
45054,45067
45054,45071
45054,45076
45054,45079
45055,45067
45055,45071
45055,45076
45055,45079
45055,45083
45067,45071
45067,45076
45067,45079
45067,45086
45071,45076
45071,45083
45071,45086
45071,45090
45071,81030
45076,45083
45076,45086
45076,45090
45076,45101
45076,55989
45079,45083
45079,45086
45079,45090
45079,45101
45079,45102
45079,55544
45083,45086
45083,45090
45083,45101
45083,45102
45083,45107
45086,45090
45086,45101
45086,45102
45086,45107
45086,45112
45086,94151
45090,45101
45090,45102
45090,45107
45090,45112
45090,45120
45101,45102
45101,45107
45101,45112
45101,45120
45101,72466
45102,45107
45102,45112
45102,45129
45102,45131
45102,92037
45107,45120
45107,45129
45107,45137
45107,54407
45107,74839
45112,45120
45112,45129
45112,45131
45112,45137
45112,45147
45112,53190
45120,45129
45120,45131
45120,45137
45120,45147
45120,45149
45129,45131
45129,45137
45129,45147
45129,45149
45129,45152
45129,87812
45131,45137
45131,45147
45131,45149
45131,45152
45131,56498
45137,45147
45137,45152
45137,45156
45137,45158
45137,95565
45137,61320
45137,75383
45147,45149
45147,45156
45147,45158
45147,45159
45147,88346
45149,45152
45149,45156
45149,45158
45149,45159
45149,45168
45152,45156
45152,45158
45152,45159
45152,45168
45152,45175
45156,45158
45156,45159
45156,45168
45156,45176
45156,55568
45158,45168
45158,45175
45158,45176
45158,45179
45158,69304
45159,45168
45159,45175
45159,45176
45159,45179
45159,45180
45159,96841
45168,45175
45168,45176
45168,45179
45168,45180
45168,45181
45175,45176
45175,45179
45175,45180
45175,45181
45175,45189
45176,45180
45176,45181
45176,45189
45176,45194
45176,48196
45179,45180
45179,45181
45179,45189
45179,45194
45179,45197
45180,45181
45180,45189
45180,45194
45180,45197
45180,45206
45180,91490
45181,45194
45181,45197
45181,45206
45189,45194
45189,45197
45189,45206
45189,45211
45189,98101
45194,45197
45194,45206
45194,45207
45194,45214
45194,97767
45197,45206
45197,45207
45197,45211
45197,45214
45197,75689
45197,47886
45206,45207
45206,45211
45206,45214
45206,45215
45206,45225
45207,45211
45207,45215
45207,45225
45207,45226
45211,45214
45211,45215
45211,45225
45211,45226
45211,45232
45214,45225
45214,45226
45214,45232
45214,45235
45214,52973
45215,45225
45215,45226
45215,45232
45215,45235
45215,45240
45225,45226
45225,45232
45225,45235
45225,45240
45225,65995
45226,45232
45226,45235
45226,45240
45226,45241
45226,45243
45226,75816
45232,45235
45232,45241
45232,45243
45232,45250
45232,73815
45235,45240
45235,45241
45235,45243
45235,45250
45235,45259
45235,63941
45235,83183
45240,45241
45240,45243
45240,45250
45240,45259
45240,45261
45241,45243
45241,45259
45241,45261
45241,45267
45241,85133
45243,45250
45243,45269
45243,98066
45243,51562
45250,45259
45250,45261
45250,45269
45250,45270
45250,53097
45259,45261
45259,45267
45259,45269
45259,45270
45259,45273
45261,45267
45261,45269
45261,45273
45261,45278
45267,45269
45267,45270
45267,45278
45267,97074
45267,92047
45269,45270
45269,45273
45269,45283
45269,45284
45270,45273
45270,45283
45270,45284
45270,45285
45270,80733
45273,45278
45273,45283
45273,45284
45273,45285
45273,45288
45273,75187
45278,45283
45278,45284
45278,45285
45278,45288
45278,45289
45283,45284
45283,45285
45283,45288
45283,45289
45283,45298
45284,45288
45284,45298
45284,45299
45284,67203
45284,84781
45284,89302
45285,45288
45285,45289
45285,45298
45285,45299
45285,45302
45288,45302
45288,45306
45288,53829
45288,51976
45288,51106
45289,45298
45289,45299
45289,45302
45289,45306
45289,45309
45298,45299
45298,45309
45298,45318
45298,69199
45299,45302
45299,45306
45299,45309
45299,45328
45302,45306
45302,45309
45302,45318
45302,45328
45302,45330
45306,45309
45306,45318
45306,45328
45306,45330
45306,45336
45309,45328
45309,45330
45309,45336
45309,45339
45309,85355
45318,45328
45318,45330
45318,45336
45318,45339
45318,45341
45328,45336
45328,45339
45328,45341
45328,45348
45328,93543
45330,45336
45330,45339
45330,45341
45330,45348
45330,45351
45336,45339
45336,45341
45336,45348
45336,45351
45336,45353
45339,45348
45339,45351
45339,45353
45339,45354
45339,88062
45339,70948
45341,45348
45341,45351
45341,45353
45341,45354
45341,45366
45348,45351
45348,45353
45348,45354
45348,45366
45348,59146
45351,45353
45351,45354
45351,45366
45351,45372
45351,45376
45353,45354
45353,45366
45353,45372
45353,45376
45353,45380
45354,45366
45354,45372
45354,45376
45354,45381
45366,45372
45366,45376
45366,45380
45366,45381
45366,76079
45366,69640
45372,45376
45372,45380
45372,45381
45372,45382
45372,45388
45376,45380
45376,45381
45376,45382
45376,45388
45376,73657
45380,45381
45380,45382
45380,45388
45380,45390
45380,45397
45381,45382
45381,45388
45381,45390
45381,45397
45381,45399
45382,45388
45382,45390
45382,45397
45382,45399
45382,45404
45388,45397
45388,45404
45388,45405
45388,48902
45390,45397
45390,45399
45390,45405
45390,45410
45397,45399
45397,45404
45397,45405
45397,45412
45397,98342
45399,45404
45399,45405
45399,45410
45399,45412
45399,45414
45399,54903
45404,45405
45404,45410
45404,45412
45404,45414
45404,45415
45405,45410
45405,45412
45405,45414
45405,45415
45405,45416
45405,79984
45410,45412
45410,45414
45410,45415
45410,45416
45410,45417
45412,45414
45412,45415
45412,45416
45412,45417
45412,45420
45414,45415
45414,45416
45414,45417
45414,45420
45414,45421
45415,45416
45415,45417
45415,45420
45415,45421
45415,45422
45416,45417
45416,45420
45416,45422
45416,45424
45416,50467
45417,45420
45417,45421
45417,45422
45417,45424
45417,45425
45420,45421
45420,45422
45420,45424
45420,45425
45420,45428
45421,45422
45421,45424
45421,45425
45421,45428
45421,45429
45421,63843
45422,45424
45422,45425
45422,45428
45422,45429
45422,45430
45424,45425
45424,45428
45424,45429
45424,45430
45424,94492
45425,45428
45425,45429
45425,45430
45425,45434
45425,45440
45425,92230
45428,45429
45428,45430
45428,45434
45428,45440
45428,45443
45429,45430
45429,45434
45429,45440
45429,45443
45429,45445
45430,45434
45430,45440
45430,45443
45430,45445
45430,45449
45430,58016
45434,45440
45434,45443
45434,45449
45434,45450
45440,45443
45440,45445
45440,45449
45440,45450
45440,45458
45443,45445
45443,45449
45443,45450
45443,45458
45443,45464
45445,45449
45445,45450
45445,45458
45445,45469
45445,53155
45449,45450
45449,45458
45449,45464
45449,45469
45449,45473
45450,45458
45450,45464
45450,45469
45450,45473
45450,45474
45458,45464
45458,45469
45458,45473
45458,45474
45458,45483
45464,45473
45464,45474
45464,45483
45464,55491
45464,95213
45464,93692
45469,45473
45469,45474
45469,45483
45469,45487
45469,45489
45469,83518
45473,45474
45473,45483
45473,45487
45473,45489
45473,45497
45474,45487
45474,45489
45474,45497
45474,45498
45474,98548
45483,45487
45483,45497
45483,45498
45483,45499
45487,45489
45487,45497
45487,45498
45487,45499
45487,54849
45487,70324
45489,45497
45489,45498
45489,45500
45489,45502
45489,95514
45497,45498
45497,45499
45497,45500
45497,45503
45498,45499
45498,45500
45498,45502
45498,45503
45498,45507
45499,45500
45499,45502
45499,45503
45499,45507
45499,45515
45500,45502
45500,45503
45500,45507
45500,45515
45500,45518
45502,45507
45502,45515
45502,45518
45502,45519
45502,63087
45503,45507
45503,45515
45503,45518
45503,45519
45503,45521
45507,45515
45507,45518
45507,45519
45507,45521
45507,45525
45515,45518
45515,45521
45515,45530
45515,93333
45518,45519
45518,45521
45518,45525
45518,45535
45519,45521
45519,45525
45519,45530
45519,45535
45519,45539
45521,45530
45521,45539
45521,97540
45521,60559
45521,73036
45525,45530
45525,45535
45525,45539
45525,45542
45525,45546
45530,45535
45530,45539
45530,45546
45530,45551
45530,57227
45535,45539
45535,45542
45535,45546
45535,45551
45535,45553
45539,45542
45539,45546
45539,45551
45539,45553
45539,45562
45542,45546
45542,45551
45542,45553
45542,45562
45542,48790
45542,68313
45546,45551
45546,45553
45546,45562
45546,45567
45546,45572
45551,45553
45551,45562
45551,45567
45551,45572
45551,45573
45551,89931
45553,45562
45553,45572
45553,45573
45553,45574
45553,77930
45553,87792
45562,45567
45562,45572
45562,45573
45562,45575
45562,80616
45567,45573
45567,45574
45567,45575
45567,45579
45567,54600
45572,45573
45572,45574
45572,45575
45572,45579
45572,61543
45573,45574
45573,45579
45573,45585
45573,45594
45573,68213
45574,45575
45574,45585
45574,45594
45574,45610
45574,68156
45575,45579
45575,45585
45575,45594
45575,45610
45575,45613
45579,45585
45579,45594
45579,45610
45579,45613
45579,45614
45579,94523
45585,45594
45585,45610
45585,45613
45585,45614
45585,45620
45594,45610
45594,45613
45594,45614
45594,45620
45594,45622
45594,99022
45610,45613
45610,45614
45610,45620
45610,45627
45610,71884
45610,50012
45613,45614
45613,45620
45613,45622
45613,45627
45613,45628
45614,45620
45614,45622
45614,45628
45614,45633
45614,57078
45620,45622
45620,45628
45620,45633
45620,67207
45622,45627
45622,45628
45622,45650
45622,45651
45627,45628
45627,45633
45627,45650
45627,45651
45627,45653
45628,45650
45628,45651
45628,45653
45628,45657
45628,54849
45628,86029
45633,45651
45633,45653
45633,45657
45633,75258
45650,45651
45650,45653
45650,45662
45650,45663
45651,45653
45651,45657
45651,45662
45651,45663
45651,45667
45651,87759
45653,45657
45653,45662
45653,45663
45653,45667
45653,45671
45657,45663
45657,45667
45657,45671
45657,45680
45657,82411
45662,45663
45662,45667
45662,45671
45662,45680
45662,45682
45663,45671
45663,45680
45663,45682
45663,45684
45667,45671
45667,45680
45667,45682
45667,45684
45667,45694
45671,45680
45671,45682
45671,45684
45671,45694
45671,45696
45680,45682
45680,45684
45680,45694
45680,45696
45680,45697
45680,49747
45682,45684
45682,45694
45682,45696
45682,45697
45682,45699
45684,45694
45684,45696
45684,45699
45684,45705
45694,45696
45694,45699
45694,45705
45694,45706
45694,46141
45696,45697
45696,45699
45696,45705
45696,45706
45696,56713
45697,45699
45697,45705
45697,45706
45697,45711
45697,45713
45699,45705
45699,45711
45699,45713
45699,45721
45699,47356
45705,45706
45705,45711
45705,45713
45705,45721
45705,45722
45706,45711
45706,45713
45706,45721
45706,45722
45706,45724
45711,45713
45711,45721
45711,45722
45711,45724
45711,45725
45713,45721
45713,45724
45713,45725
45713,45726
45721,45722
45721,45724
45721,45725
45721,45726
45721,45731
45722,45724
45722,45725
45722,45726
45722,45731
45722,45742
45724,45726
45724,45731
45724,45742
45724,45749
45725,45726
45725,45731
45725,45750
45726,45731
45726,45742
45726,45749
45726,45750
45726,45751
45726,97496
45731,45742
45731,45750
45731,45751
45731,45752
45742,45749
45742,45750
45742,45751
45742,45752
45742,45755
45749,45750
45749,45751
45749,45752
45749,45755
45749,45756
45750,45751
45750,45752
45750,45755
45750,45756
45750,45757
45751,45752
45751,45755
45751,45756
45751,45761
45752,45755
45752,45756
45752,45757
45752,45761
45752,45766
45755,45756
45755,45757
45755,45761
45755,45766
45755,45771
45755,66408
45756,45757
45756,45761
45756,45766
45756,45771
45756,45783
45757,45761
45757,45766
45757,45771
45757,94547
45761,45766
45761,45771
45761,45783
45761,45784
45761,45790
45761,87207
45766,45771
45766,45783
45766,45784
45766,45790
45766,45792
45766,60532
45766,84490
45766,86373
45771,45783
45771,45784
45771,45790
45771,45792
45771,45793
45783,45784
45783,45790
45783,45792
45783,45793
45783,45795
45784,45790
45784,45792
45784,45793
45784,45795
45784,45803
45790,45793
45790,45795
45790,45803
45790,45804
45792,45793
45792,45795
45792,45803
45792,45804
45792,45806
45793,45795
45793,45803
45793,45804
45793,45806
45793,45816
45795,45803
45795,45806
45795,45816
45795,45820
45803,45804
45803,45806
45803,45816
45803,45820
45803,45824
45804,45806
45804,45816
45804,45820
45804,45824
45804,45831
45804,76976
45806,45816
45806,45820
45806,45824
45806,45831
45806,45832
45816,45820
45816,45824
45816,45831
45816,45834
45816,50227
45820,45824
45820,45831
45820,45832
45820,45840
45820,92088
45824,45831
45824,45832
45824,45834
45824,45840
45824,45844
45831,45832
45831,45844
45831,45850
45831,50640
45832,45834
45832,45840
45832,45844
45832,45850
45832,45853
45834,45840
45834,45844
45834,45850
45834,45853
45834,45856
45840,45844
45840,45850
45840,45853
45840,45856
45840,45865
45844,45850
45844,45853
45844,45856
45844,45865
45844,45869
45844,84686
45850,45853
45850,45856
45850,45865
45850,45872
45853,45856
45853,45865
45853,45869
45853,45872
45853,45873
45856,45865
45856,45869
45856,45872
45856,45873
45856,45875
45865,45869
45865,45872
45865,45873
45865,45875
45869,45872
45869,45875
45869,45879
45869,45880
45869,93272
45869,48666
45872,45873
45872,45875
45872,45879
45872,45880
45872,45882
45873,45875
45873,45880
45873,45882
45873,45888
45875,45879
45875,45888
45875,45905
45875,53860
45875,60227
45879,45880
45879,45882
45879,45888
45879,45905
45880,45882
45880,45888
45880,45905
45880,45907
45880,45909
45882,45888
45882,45905
45882,45909
45882,45921
45882,77887
45888,45905
45888,45907
45888,45909
45888,45921
45888,45927
45905,45909
45905,45921
45905,45927
45905,98479
45905,94123
45907,45909
45907,45921
45907,45927
45907,45929
45907,45938
45909,45921
45909,45927
45909,45929
45909,45938
45909,45940
45921,45929
45921,45938
45921,45940
45921,45943
45927,45929
45927,45940
45927,45943
45927,72858
45929,45938
45929,45940
45929,45943
45929,45944
45929,45946
45938,45940
45938,45944
45938,45946
45938,45947
45938,53303
45940,45943
45940,45944
45940,45946
45940,45947
45940,45963
45940,89612
45943,45944
45943,45946
45943,45947
45943,45963
45943,45976
45944,45946
45944,45947
45944,45963
45944,45976
45944,45987
45946,45963
45946,45976
45946,45987
45946,45988
45946,63136
45947,45963
45947,45976
45947,45987
45947,45988
45947,45995
45963,45976
45963,45987
45963,45988
45963,45995
45963,45999
45976,45987
45976,45988
45976,45995
45976,46000
45976,99135
45987,45988
45987,45995
45987,45999
45987,46000
45987,46003
45988,45995
45988,45999
45988,46000
45988,46003
45988,46008
45995,45999
45995,46000
45995,46003
45995,46008
45995,46011
45999,46003
45999,46008
45999,46011
45999,46012
45999,54844
46000,46003
46000,46008
46000,46011
46000,46012
46000,46020
46003,46008
46003,46011
46003,46012
46003,46020
46003,46041
46008,46011
46008,46012
46008,46020
46008,46041
46008,46050
46011,46012
46011,46020
46011,46041
46011,46050
46011,46051
46012,46020
46012,46041
46012,46050
46012,46051
46020,46050
46020,46051
46020,46052
46020,46053
46020,95999
46041,46050
46041,46051
46041,46052
46041,46053
46041,46057
46050,46051
46050,46052
46050,46053
46050,46057
46051,46052
46051,46053
46051,46057
46051,46063
46051,46064
46052,46053
46052,46057
46052,46063
46052,46064
46052,46065
46053,46057
46053,46063
46053,46064
46053,46065
46053,46075
46057,46063
46057,46064
46057,46065
46057,46075
46057,46076
46063,46064
46063,46065
46063,46075
46063,46076
46063,86812
46064,46075
46064,46076
46064,46081
46064,46084
46064,53985
46065,46075
46065,46076
46065,46081
46065,46084
46065,46087
46075,46076
46075,46081
46075,46087
46075,46088
46075,72877
46076,46081
46076,46084
46076,46088
46076,46095
46076,80577
46081,46084
46081,46087
46081,46088
46081,46095
46081,46098
46084,46087
46084,46088
46084,46095
46084,46098
46084,46113
46084,62694
46087,46088
46087,46095
46087,46098
46087,46113
46087,46121
46088,46095
46088,46098
46088,46113
46088,46121
46088,46127
46095,46098
46095,46113
46095,46121
46095,46127
46095,46129
46095,80188
46098,46113
46098,46121
46098,46127
46098,46129
46098,46130
46113,46121
46113,46127
46113,46129
46113,46130
46113,46131
46113,68756
46121,46127
46121,46129
46121,46130
46121,46135
46121,47218
46127,46129
46127,46130
46127,46131
46127,46135
46127,46139
46129,46130
46129,46131
46129,46135
46129,46139
46129,46140
46130,46135
46130,46140
46130,46141
46130,80195
46130,83653
46131,46135
46131,46139
46131,46141
46131,46143
46131,65966
46135,46139
46135,46140
46135,46141
46135,46143
46135,46145
46139,46140
46139,46141
46139,46143
46139,46145
46139,46150
46140,46141
46140,46143
46140,46150
46140,62526
46141,46143
46141,46145
46141,46150
46141,46154
46141,46155
46143,46145
46143,46154
46143,46155
46143,46157
46143,83337
46145,46150
46145,46154
46145,46155
46145,46157
46145,46158
46150,46154
46150,46155
46150,46157
46150,46158
46150,46163
46154,46155
46154,46157
46154,46158
46154,46163
46154,46164
46155,46157
46155,46158
46155,46164
46155,46165
46155,48688
46157,46158
46157,46164
46157,46165
46157,46178
46158,46163
46158,46165
46158,46178
46158,60481
46158,47923
46158,71534
46163,46164
46163,46165
46163,46180
46163,92398
46163,92396
46164,46165
46164,46178
46164,46186
46164,46187
46164,96594
46164,93686
46165,46178
46165,46180
46165,46186
46165,46187
46178,46186
46178,46187
46178,46189
46178,74831
46180,46186
46180,46187
46180,46191
46180,46193
46180,66946
46186,46187
46186,46189
46186,46191
46186,46193
46186,46195
46187,46189
46187,46191
46187,46193
46187,46198
46187,87706
46189,46193
46189,46195
46189,46198
46189,46203
46191,46193
46191,46195
46191,46198
46191,46203
46191,46204
46193,46195
46193,46198
46193,46203
46193,46204
46193,46205
46195,46203
46195,46204
46195,46208
46195,72458
46195,74737
46198,46203
46198,46204
46198,46205
46198,46209
46198,63187
46203,46204
46203,46205
46203,46208
46203,46209
46203,46220
46203,48272
46204,46205
46204,46208
46204,46209
46204,46220
46204,46222
46205,46208
46205,46209
46205,46220
46205,46222
46205,46227
46208,46209
46208,46220
46208,46222
46208,46227
46208,46229
46209,46220
46209,46222
46209,46227
46209,46229
46209,46234
46220,46222
46220,46227
46220,46238
46220,55854
46220,69452
46220,49831
46222,46227
46222,46234
46222,46238
46222,46242
46222,95277
46227,46229
46227,46234
46227,46238
46227,46242
46227,46253
46229,46234
46229,46238
46229,46242
46229,46253
46229,46261
46234,46238
46234,46242
46234,46253
46234,46261
46234,46272
46238,46242
46238,46253
46238,46261
46238,46272
46238,46274
46242,46253
46242,46261
46242,46272
46242,46274
46242,46275
46242,71660
46253,46261
46253,46272
46253,46274
46253,46275
46253,46278
46253,66370
46261,46272
46261,46275
46261,46278
46261,46287
46272,46275
46272,46278
46272,46287
46272,46292
46274,46275
46274,46278
46274,46287
46274,46292
46274,54245
46275,46278
46275,46287
46275,46292
46275,46296
46275,46298
46278,46292
46278,46296
46278,46299
46278,70149
46278,99858
46287,46292
46287,46296
46287,46298
46287,46299
46287,46305
46292,46296
46292,46298
46292,46299
46292,46305
46292,46311
46296,46298
46296,46299
46296,46305
46296,46311
46296,46314
46298,46299
46298,46305
46298,46311
46298,46314
46298,46318
46299,46305
46299,46311
46299,46314
46299,46318
46299,46319
46299,75217
46305,46311
46305,46314
46305,46318
46305,46319
46305,46323
46305,97057
46311,46314
46311,46318
46311,46319
46311,46323
46311,47085
46314,46318
46314,46319
46314,46326
46314,60529
46318,46319
46318,46323
46318,46326
46318,46349
46318,46351
46318,75469
46319,46323
46319,46326
46319,46349
46319,46351
46323,46326
46323,46349
46323,46351
46323,46376
46326,46351
46326,46368
46326,46376
46326,46377
46326,83990
46326,50432
46349,46351
46349,46377
46349,46378
46349,59663
46351,46368
46351,46376
46351,46377
46351,46378
46351,46381
46368,46376
46368,46377
46368,46378
46368,46381
46368,46382
46376,46377
46376,46378
46376,46381
46376,46382
46376,46388
46376,54694
46377,46378
46377,46381
46377,46382
46377,46388
46377,46392
46378,46381
46378,46382
46378,46388
46378,46392
46378,46399
46378,70705
46381,46382
46381,46388
46381,46392
46381,46399
46381,46406
46382,46388
46382,46392
46382,46399
46382,46406
46382,46409
46382,74708
46388,46392
46388,46399
46388,46406
46388,46409
46388,46411
46388,65625
46392,46399
46392,46406
46392,46409
46392,46411
46392,46414
46392,97725
46399,46406
46399,46409
46399,46411
46399,46414
46399,46415
46406,46409
46406,46411
46406,46414
46406,46415
46406,46419
46409,46414
46409,46415
46409,46419
46409,46420
46409,94085
46411,46414
46411,46415
46411,46419
46411,46420
46411,46424
46414,46415
46414,46419
46414,46420
46414,46424
46414,46429
46414,94131
46415,46419
46415,46420
46415,46424
46415,46429
46419,46420
46419,46424
46419,46429
46419,46434
46419,46445
46419,50685
46420,46424
46420,46429
46420,46434
46420,46445
46420,46449
46424,46429
46424,46434
46424,46445
46424,46449
46424,82360
46424,71040
46429,46434
46429,46445
46429,46449
46429,46456
46429,46459
46434,46445
46434,46456
46434,46459
46434,46461
46445,46449
46445,46456
46445,46459
46445,46461
46445,46464
46445,62872
46449,46459
46449,46461
46449,46464
46449,46465
46449,63252
46456,46459
46456,46461
46456,46464
46456,46465
46456,46466
46456,88098
46459,46464
46459,46466
46459,46469
46459,96056
46461,46465
46461,46466
46461,46469
46461,46472
46461,77767
46464,46465
46464,46466
46464,46469
46464,46472
46464,46481
46465,46466
46465,46469
46465,46472
46465,46481
46465,46485
46466,46469
46466,46481
46466,46485
46466,46493
46466,75029
46469,46472
46469,46481
46469,46485
46469,46493
46469,46495
46469,69306
46472,46481
46472,46485
46472,46493
46472,46495
46472,46501
46472,74831
46481,46485
46481,46493
46481,46495
46481,46501
46481,55193
46485,46493
46485,46495
46485,46507
46485,46510
46485,62772
46493,46495
46493,46501
46493,46507
46493,46510
46493,46511
46495,46501
46495,46507
46495,46510
46495,46511
46495,46516
46501,46507
46501,46510
46501,46511
46501,46516
46501,46520
46507,46510
46507,46511
46507,46516
46507,46520
46507,46522
46510,46511
46510,46516
46510,46520
46510,46522
46510,46528
46511,46520
46511,46522
46511,46528
46511,46529
46516,46520
46516,46522
46516,46528
46516,46529
46516,46536
46520,46522
46520,46528
46520,46529
46520,46536
46520,46537
46520,84292
46522,46528
46522,46529
46522,46536
46522,46537
46522,46539
46528,46529
46528,46536
46528,46537
46528,46539
46528,46542
46528,62463
46529,46536
46529,46537
46529,46539
46529,46542
46529,46544
46536,46537
46536,46539
46536,46542
46536,46544
46536,46546
46536,50342
46537,46539
46537,46542
46537,46546
46537,46548
46537,48196
46539,46542
46539,46544
46539,46546
46539,46548
46539,46549
46542,46544
46542,46546
46542,46548
46542,46549
46542,46551
46544,46546
46544,46548
46544,46549
46544,46551
46544,46553
46546,46548
46546,46549
46546,46551
46546,46553
46546,46555
46548,46549
46548,46551
46548,46553
46548,46555
46548,98794
46549,46551
46549,46553
46549,46555
46549,46563
46549,46564
46551,46553
46551,46563
46551,46564
46551,46567
46551,61957
46553,46555
46553,46563
46553,46564
46553,46567
46553,46568
46555,46563
46555,46564
46555,46567
46555,46568
46555,63794
46563,46564
46563,46567
46563,46568
46563,46569
46563,46571
46564,46567
46564,46568
46564,46569
46564,46572
46564,81591
46567,46568
46567,46569
46567,46571
46567,46572
46567,46573
46568,46569
46568,46571
46568,46573
46568,46579
46568,65382
46568,75328
46569,46571
46569,46572
46569,46573
46569,46579
46569,46584
46571,46572
46571,46573
46571,46579
46571,46588
46571,51132
46572,46573
46572,46579
46572,46584
46572,46588
46572,46596
46572,58238
46573,46579
46573,46584
46573,46588
46573,46596
46573,46599
46579,46584
46579,46596
46579,46605
46584,46588
46584,46596
46584,46599
46584,46605
46584,46614
46584,73770
46588,46596
46588,46599
46588,46605
46588,46614
46588,46615
46596,46599
46596,46605
46596,46614
46596,46615
46596,46617
46599,46605
46599,46614
46599,46615
46599,46617
46599,46618
46605,46614
46605,46615
46605,46617
46605,46618
46605,46623
46614,46615
46614,46617
46614,46618
46614,46623
46614,46624
46615,46617
46615,46623
46615,46624
46615,46632
46615,80367
46617,46623
46617,46624
46617,46632
46617,46633
46617,63211
46618,46623
46618,46624
46618,46632
46618,46633
46618,63255
46623,46624
46623,46632
46623,46633
46623,46634
46623,46636
46624,46632
46624,46634
46624,46636
46624,46641
46624,49198
46632,46633
46632,46634
46632,46636
46632,46641
46632,46643
46632,99539
46633,46634
46633,46636
46633,46641
46633,46643
46633,46648
46634,46636
46634,46641
46634,46648
46634,46656
46634,62265
46636,46641
46636,46643
46636,46648
46636,46657
46641,46643
46641,46648
46641,46656
46641,46657
46641,46663
46641,50297
46641,95555
46643,46648
46643,46656
46643,46657
46643,46663
46643,46666
46648,46656
46648,46657
46648,46663
46648,46668
46648,61237
46656,46663
46656,46666
46656,46668
46656,69458
46657,46663
46657,46666
46657,46669
46657,46670
46657,84877
46663,46666
46663,46669
46663,46670
46663,46675
46666,46668
46666,46669
46666,46670
46666,46675
46666,46676
46668,46669
46668,46670
46668,46675
46668,46676
46668,46677
46669,46670
46669,46675
46669,46676
46669,46677
46669,46681
46670,46675
46670,46676
46670,46677
46670,46682
46670,86253
46675,46676
46675,46677
46675,46681
46675,46682
46675,46685
46676,46681
46676,46682
46676,46685
46676,46688
46676,48178
46677,46681
46677,46682
46677,46685
46677,46688
46677,46689
46681,46682
46681,46685
46681,46688
46681,46689
46681,46697
46682,46685
46682,46688
46682,46689
46682,46697
46685,46688
46685,46689
46685,46697
46685,46698
46685,46699
46685,90459
46688,46689
46688,46698
46688,46699
46688,46701
46688,96656
46689,46697
46689,46698
46689,46699
46689,46701
46689,46702
46697,46698
46697,46699
46697,46701
46697,46702
46697,46703
46698,46699
46698,46701
46698,46702
46698,46703
46698,46707
46698,66389
46699,46701
46699,46702
46699,46703
46699,46707
46699,46712
46701,46702
46701,46703
46701,46707
46701,46712
46701,46717
46702,46703
46702,46707
46702,46712
46702,46717
46702,46720
46703,46707
46703,46712
46703,46717
46703,46722
46703,81316
46707,46712
46707,46717
46707,46720
46707,46722
46707,46726
46707,96744
46712,46717
46712,46720
46712,46722
46712,46726
46712,46727
46717,46720
46717,46722
46717,46726
46717,46727
46717,46731
46720,46722
46720,46726
46720,46727
46720,46731
46720,46734
46720,77957
46720,85325
46722,46726
46722,46727
46722,46731
46722,46734
46726,46727
46726,46731
46726,46734
46726,46737
46726,46739
46727,46731
46727,46734
46727,46737
46727,46739
46727,46741
46731,46734
46731,46737
46731,46741
46731,46742
46731,92075
46734,46737
46734,46739
46734,46741
46734,46742
46734,58919
46737,46739
46737,46741
46737,46742
46737,46745
46737,46751
46739,46741
46739,46745
46739,46751
46739,46755
46739,59010
46741,46742
46741,46751
46741,46755
46741,46756
46742,46745
46742,46751
46742,46755
46742,62660
46742,85060
46742,85196
46745,46755
46745,46756
46745,46763
46745,46776
46745,57272
46751,46755
46751,46756
46751,46763
46751,46776
46751,46778
46755,46756
46755,46763
46755,46776
46755,46778
46755,46780
46756,46763
46756,46776
46756,46778
46756,46780
46756,46782
46763,46776
46763,46778
46763,46780
46763,46782
46763,46787
46776,46778
46776,46780
46776,64795
46776,57492
46778,46780
46778,46782
46778,46787
46778,46792
46780,46782
46780,46787
46780,46792
46780,46795
46780,46798
46782,46787
46782,46792
46782,46795
46782,46798
46782,46799
46787,46792
46787,46795
46787,46798
46787,46799
46787,46801
46787,78737
46792,46795
46792,46798
46792,46801
46792,46805
46792,54173
46795,46798
46795,46801
46795,46805
46795,46806
46795,51922
46798,46799
46798,46801
46798,46805
46799,46801
46799,46805
46799,46806
46799,46807
46799,46815
46799,46914
46801,46805
46801,46806
46801,46807
46801,46815
46801,46816
46805,46806
46805,46807
46805,46815
46805,46816
46805,46822
46806,46807
46806,46816
46806,46822
46806,46824
46807,46815
46807,46816
46807,46822
46807,46824
46807,46825
46807,62598
46815,46816
46815,46822
46815,46824
46815,54277
46815,55005
46816,46822
46816,46825
46816,46826
46816,46831
46816,60832
46816,82698
46822,46824
46822,46825
46822,46826
46822,46832
46822,89066
46824,46826
46824,46831
46824,46832
46824,46835
46824,51593
46825,46826
46825,46831
46825,46832
46825,46837
46825,96082
46826,46831
46826,46832
46826,46835
46826,46837
46831,46832
46831,46835
46831,46839
46831,46845
46831,79615
46832,46835
46832,46837
46832,46839
46832,46845
46835,46839
46835,46845
46835,46850
46835,46856
46835,74005
46837,46839
46837,46845
46837,46856
46837,46859
46837,91584
46839,46845
46839,46850
46839,46859
46839,46863
46845,46850
46845,46856
46845,46863
46845,79672
46845,62228
46850,46856
46850,46859
46850,46863
46850,46865
46850,46867
46856,46859
46856,46863
46856,46865
46856,46867
46856,46870
46859,46867
46859,46870
46859,46872
46859,88852
46863,46865
46863,46867
46863,46870
46863,46872
46863,46874
46863,58959
46865,46867
46865,46872
46865,46874
46865,46880
46867,46872
46867,46880
46867,46881
46867,48084
46867,96721
46870,46874
46870,46880
46870,46881
46870,46886
46870,48745
46870,63427
46870,91641
46872,46874
46872,46880
46872,46881
46872,46886
46872,46889
46872,53815
46874,46880
46874,46881
46874,46886
46874,46889
46874,46899
46880,46881
46880,46886
46880,46889
46880,46899
46880,46901
46881,46886
46881,46889
46881,46899
46881,46901
46881,46903
46881,95595
46886,46889
46886,46899
46886,46901
46886,46903
46886,46910
46889,46899
46889,46901
46889,46903
46889,46910
46889,46914
46899,46901
46899,46903
46899,46910
46899,46914
46899,46915
46901,46903
46901,46910
46901,46914
46901,46915
46901,46919
46903,46910
46903,46914
46903,46915
46903,46919
46903,46921
46910,46914
46910,46915
46910,46919
46910,46921
46910,46937
46914,46919
46914,46937
46914,46941
46915,46919
46915,46921
46915,46941
46915,46943
46915,76684
46919,46921
46919,46937
46919,46941
46919,46943
46919,46944
46921,46937
46921,46941
46921,46943
46921,46944
46921,46950
46921,92540
46937,46941
46937,46943
46937,46950
46937,46951
46941,46943
46941,46944
46941,46950
46941,46951
46941,46954
46941,61562
46941,56996
46943,46950
46943,46951
46943,46954
46943,85570
46944,46950
46944,46951
46944,46954
46944,46956
46944,46957
46950,46951
46950,46954
46950,46956
46950,46959
46951,46954
46951,46956
46951,46959
46951,46961
46951,55823
46954,46956
46954,46957
46954,46959
46954,46961
46954,46966
46956,46959
46956,46961
46956,46966
46956,46967
46956,98834
46957,46959
46957,46961
46957,46966
46957,46967
46957,46969
46959,46961
46959,46966
46959,46967
46959,46969
46959,46970
46961,46966
46961,46967
46961,46969
46961,46970
46961,46972
46966,46967
46966,46969
46966,46970
46966,46972
46966,46977
46966,82339
46967,46972
46967,46977
46967,91873
46967,59179
46967,92406
46969,46970
46969,46972
46969,46977
46969,46986
46969,46987
46970,46977
46970,46986
46970,46987
46970,47002
46970,64605
46972,46977
46972,46986
46972,46987
46972,47002
46972,47012
46977,46986
46977,47002
46977,47012
46977,47013
46977,93589
46986,46987
46986,47002
46986,47012
46986,47013
46986,53951
46986,91418
46987,47002
46987,47013
46987,47016
46987,47017
47002,47012
47002,47013
47002,47016
47002,47017
47002,47020
47012,47013
47012,47016
47012,47017
47012,47020
47012,47022
47013,47016
47013,47017
47013,47020
47013,47022
47013,73107
47016,47017
47016,47020
47016,47022
47016,47038
47016,47039
47017,47022
47017,47038
47017,47039
47017,76010
47017,62924
47020,47022
47020,47038
47020,47039
47020,47042
47020,47046
47022,47038
47022,47039
47022,47042
47022,47046
47022,47047
47038,47039
47038,47042
47038,47047
47038,47052
47039,47042
47039,47046
47039,47047
47039,47052
47039,47055
47042,47046
47042,47047
47042,47052
47042,47055
47042,47056
47042,70956
47046,47047
47046,47052
47046,47055
47046,47056
47046,47058
47046,92076
47047,47052
47047,47055
47047,47056
47047,47058
47047,47066
47047,77667
47052,47055
47052,47056
47052,47058
47052,47066
47052,47070
47055,47056
47055,47058
47055,47066
47055,47073
47055,49353
47056,47058
47056,47066
47056,47070
47056,47073
47056,47076
47058,47066
47058,47070
47058,47073
47058,47076
47058,47080
47066,47070
47066,47073
47066,47076
47066,47080
47066,47085
47066,54281
47070,47073
47070,47076
47070,47080
47070,47085
47070,47087
47073,47080
47073,47085
47073,47087
47073,64312
47076,47080
47076,47085
47076,47087
47076,47090
47076,47094
47080,47085
47080,47087
47080,47090
47080,47094
47080,47099
47085,47087
47085,47090
47085,47099
47085,47102
47085,83637
47087,47090
47087,47094
47087,47099
47087,47102
47087,47105
47087,82817
47090,47094
47090,47099
47090,47102
47090,47116
47094,47099
47094,47102
47094,47105
47094,47116
47099,47102
47099,47105
47099,47116
47099,47118
47099,47132
47102,47105
47102,47116
47102,47118
47102,47132
47102,47139
47105,47118
47105,47132
47105,47139
47105,47144
47105,76055
47116,47118
47116,47132
47116,47139
47116,47144
47116,47145
47116,67726
47118,47132
47118,47139
47118,47144
47118,47145
47118,47147
47118,60488
47132,47139
47132,47144
47132,47145
47132,47147
47132,47163
47132,69086
47139,47145
47139,47147
47139,47163
47139,47166
47139,83625
47144,47145
47144,47147
47144,47163
47144,47166
47144,47171
47144,48165
47145,47147
47145,47163
47145,47166
47145,47171
47145,47178
47147,47163
47147,47166
47147,47171
47147,47178
47147,47184
47163,47184
47163,47185
47163,59165
47163,71884
47166,47171
47166,47178
47166,47184
47166,47185
47166,47189
47171,47178
47171,47184
47171,47189
47171,47191
47171,56085
47178,47184
47178,47185
47178,47189
47178,47191
47178,47192
47184,47185
47184,47189
47184,47191
47184,47197
47184,95024
47185,47191
47185,47192
47185,47197
47185,47201
47185,93500
47189,47191
47189,47192
47189,47197
47189,47201
47189,47216
47191,47192
47191,47197
47191,47201
47191,47216
47191,47218
47192,47197
47192,47216
47192,47218
47192,47219
47192,47283
47197,47201
47197,47218
47197,47219
47197,47220
47201,47218
47201,47219
47201,47220
47201,47224
47201,48194
47216,47219
47216,47220
47216,47224
47216,47225
47218,47219
47218,47220
47218,47224
47218,47225
47218,47232
47218,95334
47219,47220
47219,47224
47219,47225
47219,47232
47219,84464
47219,49759
47219,68074
47220,47224
47220,47225
47220,47232
47220,47239
47220,47243
47224,47225
47224,47232
47224,47239
47224,47243
47224,47244
47225,47232
47225,47239
47225,47243
47225,47250
47232,47239
47232,47243
47232,47244
47232,47251
47232,57772
47239,47243
47239,47244
47239,47251
47239,47256
47239,94233
47243,47244
47243,47250
47243,47251
47243,47256
47243,47278
47243,47950
47244,47251
47244,47256
47244,47278
47250,47251
47250,47256
47250,47278
47250,47280
47250,47283
47250,88460
47251,47256
47251,47278
47251,47280
47251,47283
47251,47285
47256,47278
47256,47280
47256,47283
47256,47285
47256,47286
47278,47280
47278,47283
47278,47285
47278,47286
47278,47290
47278,94468
47280,47283
47280,47285
47280,47286
47280,47290
47280,47298
47283,47285
47283,47286
47283,47290
47283,47298
47283,47301
47285,47286
47285,47290
47285,47298
47285,47301
47285,47307
47285,75713
47286,47290
47286,47298
47286,47307
47286,47311
47286,51932
47290,47298
47290,47301
47290,47307
47290,47311
47290,47317
47298,47301
47298,47307
47298,47311
47298,47317
47298,47321
47301,47307
47301,47311
47301,47317
47301,47321
47301,47325
47301,91782
47307,47311
47307,47317
47307,47321
47307,47325
47307,47326
47311,47321
47311,47326
47311,47330
47311,81321
47311,88509
47311,94454
47317,47321
47317,47325
47317,47326
47317,47330
47317,47352
47321,47325
47321,47326
47321,47352
47321,47356
47325,47326
47325,47352
47325,47356
47325,47359
47326,47330
47326,47352
47326,47356
47326,47359
47326,47361
47326,51935
47330,47352
47330,47356
47330,47359
47330,47361
47330,47371
47352,47356
47352,47359
47352,47361
47352,47371
47352,47379
47356,47359
47356,47361
47356,47371
47356,47379
47356,47380
47359,47361
47359,47371
47359,47379
47359,47380
47359,47381
47359,95449
47361,47371
47361,47379
47361,47380
47361,47381
47361,47383
47371,47379
47371,47381
47371,47383
47371,47386
47371,56469
47379,47380
47379,47381
47379,47383
47379,47386
47379,47390
47380,47381
47380,47383
47380,47386
47380,47390
47380,47391
47381,47383
47381,47386
47381,47390
47381,47391
47381,47393
47381,84754
47383,47386
47383,47390
47383,47391
47383,47398
47383,72713
47386,47390
47386,47391
47386,47393
47386,47403
47386,77002
47390,47391
47390,47393
47390,47398
47390,47403
47390,47409
47391,47393
47391,47398
47391,47403
47391,47409
47391,90575
47393,47398
47393,47409
47393,47416
47393,47419
47393,88352
47398,47403
47398,47409
47398,47416
47398,47419
47398,47431
47398,47998
47403,47409
47403,47419
47403,47431
47403,61404
47403,84362
47409,47416
47409,47419
47409,47431
47409,47436
47409,47447
47416,47431
47416,47436
47416,47447
47416,47460
47416,84716
47419,47431
47419,47436
47419,47447
47419,47460
47431,47436
47431,47447
47431,47460
47431,47463
47431,75393
47436,47460
47436,47463
47436,47464
47436,47467
47447,47460
47447,47463
47447,47464
47447,47467
47447,47481
47447,48859
47460,47463
47460,47464
47460,47467
47460,47481
47460,47484
47463,47467
47463,47481
47463,47484
47463,47491
47463,79251
47464,47467
47464,47481
47464,47484
47464,47491
47464,47501
47467,47481
47467,47484
47467,47491
47467,47501
47467,47503
47481,47484
47481,47491
47481,47501
47481,47503
47481,47506
47484,47491
47484,47503
47484,47506
47484,47512
47484,59721
47491,47501
47491,47503
47491,47506
47491,47512
47491,47514
47501,47503
47501,47506
47501,47512
47501,47517
47503,47506
47503,47512
47503,47514
47503,47517
47503,47521
47503,59505
47506,47512
47506,47514
47506,47517
47506,47521
47506,47523
47512,47517
47512,47521
47512,47523
47512,47526
47512,88658
47514,47517
47514,47521
47514,47523
47514,47526
47514,47544
47517,47521
47517,47523
47517,47526
47517,47544
47517,47550
47521,47523
47521,47526
47521,47544
47521,47550
47521,47567
47523,47526
47523,47544
47523,47550
47523,47567
47523,47575
47523,77822
47526,47544
47526,47567
47526,47575
47526,47581
47544,47550
47544,47567
47544,47575
47544,47581
47544,47592
47544,75471
47550,47567
47550,47575
47550,47581
47550,47592
47550,64098
47567,47575
47567,47581
47567,47592
47567,47597
47567,47598
47575,47581
47575,47597
47575,47598
47575,47613
47575,84315
47581,47592
47581,47597
47581,47598
47581,47613
47581,47616
47592,47597
47592,47598
47592,47613
47592,47616
47592,47617
47597,47598
47597,47613
47597,47616
47597,47620
47597,49178
47598,47613
47598,47616
47598,47617
47598,47620
47598,47623
47613,47616
47613,47617
47613,47620
47613,47623
47616,47617
47616,47620
47616,47623
47616,47635
47616,47645
47616,92882
47617,47620
47617,47623
47617,47635
47617,47645
47617,47662
47620,47635
47620,47645
47620,47662
47620,47669
47620,89708
47620,51238
47623,47635
47623,47645
47623,47662
47623,47669
47623,47680
47635,47645
47635,47662
47635,47669
47635,47680
47635,78053
47645,47662
47645,47669
47645,47680
47645,47682
47645,47687
47662,47669
47662,47680
47662,47682
47662,47694
47662,77584
47662,56366
47669,47680
47669,47682
47669,47687
47669,47694
47669,47703
47680,47682
47680,47687
47680,47694
47680,47703
47680,47705
47682,47687
47682,47694
47682,47705
47682,47716
47687,47694
47687,47703
47687,47705
47687,47716
47687,47718
47687,65921
47694,47703
47694,47705
47694,47716
47694,47718
47694,47719
47703,47705
47703,47716
47703,47718
47703,47719
47703,47721
47705,47716
47705,47718
47705,47719
47705,47721
47705,47722
47716,47718
47716,47719
47716,47721
47716,47722
47716,47723
47718,47719
47718,47721
47718,47723
47718,47728
47718,79365
47719,47721
47719,47722
47719,47723
47719,47728
47719,47732
47721,47722
47721,47723
47721,47728
47721,47732
47721,47740
47722,47723
47722,47728
47722,47732
47722,47748
47722,56546
47723,47728
47723,47732
47723,47740
47723,47748
47723,47760
47728,47740
47728,47748
47728,47760
47728,47764
47728,95712
47732,47740
47732,47748
47732,47760
47732,47764
47732,47766
47740,47748
47740,47760
47740,47764
47740,47766
47740,47769
47740,69991
47748,47760
47748,47764
47748,47766
47748,47769
47748,51132
47760,47764
47760,47766
47760,47769
47760,47775
47760,47782
47764,47766
47764,47769
47764,47775
47764,47782
47764,47796
47766,47769
47766,47775
47766,47782
47766,47799
47766,92288
47766,48625
47769,47775
47769,47796
47769,47799
47769,47800
47769,99947
47775,47782
47775,47796
47775,47799
47775,47800
47782,47796
47782,47799
47782,47800
47782,47802
47782,47807
47796,47799
47796,47800
47796,47802
47796,47807
47796,47808
47796,50062
47796,50270
47799,47800
47799,47802
47799,47807
47799,47808
47799,47812
47799,67324
47800,47802
47800,47807
47800,47808
47800,47812
47800,47813
47800,83594
47802,47807
47802,47808
47802,47812
47802,47813
47802,47814
47807,47808
47807,47812
47807,47813
47807,47814
47807,47818
47808,47812
47808,47813
47808,47814
47808,47818
47808,47819
47812,47813
47812,47814
47812,47818
47812,47819
47812,47826
47813,47814
47813,47818
47813,47819
47813,47826
47813,47827
47814,47818
47814,47819
47814,47826
47814,47827
47814,47828
47814,52383
47818,47819
47818,47826
47818,47827
47818,47828
47818,47837
47819,47826
47819,47827
47819,47828
47819,47837
47819,47841
47826,47827
47826,47828
47826,47837
47826,47843
47827,47828
47827,47837
47827,47841
47827,47843
47827,47844
47827,91793
47827,94920
47828,47837
47828,47841
47828,47843
47828,47844
47828,47845
47837,47841
47837,47843
47837,47844
47837,47845
47837,47846
47837,79739
47841,47843
47841,47844
47841,47845
47841,47846
47841,47853
47841,67642
47843,47845
47843,47853
47843,47859
47843,80059
47844,47845
47844,47846
47844,47859
47844,47865
47845,47846
47845,47853
47845,47859
47845,47865
47845,47876
47845,55747
47846,47853
47846,47865
47846,47876
47846,47885
47846,81934
47846,56841
47853,47865
47853,47876
47853,47885
47853,47886
47859,47865
47859,47876
47859,47885
47859,47886
47859,47889
47865,47876
47865,47885
47865,47886
47865,47894
47865,66411
47876,47885
47876,47886
47876,47889
47876,47894
47876,47900
47885,47886
47885,47889
47885,47894
47885,47900
47885,47903
47886,47889
47886,47894
47886,47900
47886,47908
47889,47894
47889,47900
47889,47903
47889,47908
47889,47917
47894,47900
47894,47903
47894,47908
47894,47917
47894,47923
47894,71501
47900,47903
47900,47908
47900,47917
47900,47923
47900,47931
47903,47908
47903,47917
47903,47923
47903,47931
47903,47936
47908,47917
47908,47923
47908,47931
47908,47936
47908,47938
47908,65331
47917,47923
47917,47931
47917,47936
47917,47939
47917,75355
47923,47931
47923,47939
47923,50124
47923,80698
47931,47936
47931,47938
47931,47939
47931,47941
47931,47943
47936,47938
47936,47939
47936,47943
47936,47944
47936,94736
47938,47939
47938,47941
47938,47943
47938,47944
47938,47950
47939,47943
47939,47944
47939,47950
47939,47952
47941,47943
47941,47944
47941,47950
47941,47952
47941,47956
47941,82194
47943,47944
47943,47950
47943,47952
47943,47956
47943,70126
47944,47950
47944,47952
47944,47956
47944,47962
47944,79829
47950,47952
47950,47961
47950,47962
47950,47973
47952,47956
47952,47961
47952,47962
47952,47973
47952,47978
47956,47961
47956,47962
47956,47973
47956,47978
47956,47984
47956,49666
47961,47962
47961,47978
47961,47984
47961,47991
47961,80105
47962,47973
47962,47978
47962,47984
47962,47991
47962,47998
47973,47978
47973,47984
47973,47991
47973,47998
47973,48002
47978,47984
47978,47991
47978,47998
47978,48002
47978,48004
47984,47991
47984,47998
47984,48002
47984,48004
47984,48010
47991,47998
47991,48004
47991,48010
47991,48012
47991,75609
47998,48002
47998,48010
47998,48012
47998,48014
48002,48004
48002,48010
48002,48012
48002,48014
48002,48016
48004,48010
48004,48012
48004,48014
48004,48016
48004,48017
48010,48012
48010,48014
48010,48016
48010,48017
48010,48020
48010,87224
48012,48014
48012,48016
48012,48017
48012,48026
48012,62921
48014,48017
48014,48020
48014,48026
48014,48027
48014,54050
48016,48017
48016,48020
48016,48026
48016,48027
48016,48030
48017,48020
48017,48027
48017,48030
48017,58179
48020,48026
48020,48027
48020,48030
48020,62740
48020,48363
48026,48027
48026,48030
48026,48034
48026,48043
48027,48043
48027,48052
48027,62805
48027,53467
48030,48033
48030,48034
48030,48043
48030,48052
48030,48063
48033,48034
48033,48043
48033,48052
48033,48063
48033,56449
48034,48043
48034,48063
48034,48064
48034,48066
48034,81558
48043,48052
48043,48063
48043,48064
48043,48066
48043,48073
48043,55137
48043,91072
48043,94006
48052,48063
48052,48064
48052,48066
48052,48073
48052,48074
48063,48064
48063,48066
48063,48073
48063,48074
48063,48075
48064,48066
48064,48073
48064,48074
48064,48075
48064,48080
48066,48073
48066,48074
48066,48075
48066,48080
48066,48081
48073,48074
48073,48075
48073,48080
48073,48081
48073,84019
48074,48075
48074,48080
48074,48081
48074,48082
48074,48083
48074,88471
48075,48080
48075,48081
48075,48082
48075,48083
48075,48084
48080,48081
48080,48082
48080,48083
48080,48084
48080,48085
48081,48082
48081,48083
48081,48084
48081,48085
48081,48092
48081,84938
48082,48083
48082,48084
48082,48085
48082,48092
48082,61800
48082,62656
48083,48084
48083,48085
48083,48092
48083,48097
48083,48103
48084,48085
48084,48092
48084,48097
48084,48103
48084,48113
48085,48092
48085,48103
48085,48113
48085,48117
48085,69291
48092,48097
48092,48103
48092,48113
48092,48117
48092,48119
48097,48103
48097,48113
48097,48117
48097,48122
48103,48113
48103,48119
48103,48122
48103,48129
48103,96711
48113,48117
48113,48119
48113,48122
48113,48129
48113,48131
48117,48119
48117,48122
48117,48129
48117,48131
48117,48133
48119,48122
48119,48131
48119,48133
48119,48136
48119,58664
48122,48129
48122,48131
48122,48133
48122,48136
48122,72967
48129,48131
48129,48133
48129,48136
48129,48137
48129,48140
48131,48133
48131,48136
48131,48137
48131,48140
48131,48144
48131,74419
48133,48137
48133,48140
48133,48144
48133,48148
48136,48137
48136,48140
48136,48144
48136,48148
48136,48149
48137,48140
48137,48144
48137,48148
48137,48149
48137,48152
48140,48144
48140,48148
48140,48149
48140,48152
48140,48157
48140,63255
48144,48148
48144,48149
48144,48157
48144,48159
48144,72264
48148,48149
48148,48152
48148,48157
48148,48159
48149,48152
48149,48157
48149,48159
48149,48165
48152,48159
48152,48161
48152,48165
48152,48169
48152,96824
48157,48159
48157,48161
48157,48165
48157,48169
48157,48171
48157,52119
48159,48165
48159,48169
48159,48171
48159,48172
48161,48165
48161,48171
48161,48172
48161,96439
48161,87727
48165,48171
48165,48172
48165,48178
48165,77483
48169,48171
48169,48172
48169,48176
48169,48178
48169,48188
48171,48176
48171,48178
48171,48188
48171,48191
48171,57486
48172,48176
48172,48178
48172,48188
48172,48191
48172,48192
48172,82917
48176,48178
48176,48188
48176,48191
48176,48192
48176,48193
48176,75173
48178,48188
48178,48191
48178,48193
48178,48194
48178,92075
48188,48191
48188,48192
48188,48193
48188,48194
48188,48196
48191,48192
48191,48196
48191,48201
48192,48193
48192,48194
48192,48196
48192,48201
48192,48207
48193,48194
48193,48196
48193,48201
48193,48211
48193,58315
48194,48196
48194,48201
48194,48207
48194,48211
48194,48215
48196,48201
48196,48207
48196,48211
48196,48215
48196,48220
48201,48207
48201,48211
48201,48215
48201,48220
48207,48211
48207,48215
48207,48220
48207,48225
48207,48227
48211,48215
48211,48220
48211,48225
48211,48227
48211,48243
48215,48225
48215,48227
48215,48243
48215,48246
48215,86305
48220,48225
48220,48227
48220,48243
48220,48246
48220,48253
48225,48227
48225,48243
48225,48246
48225,48253
48225,48260
48227,48243
48227,48246
48227,48253
48227,48261
48227,54875
48243,48246
48243,48253
48243,48260
48243,48261
48243,48262
48246,48253
48246,48260
48246,48261
48246,48262
48246,48272
48253,48260
48253,48261
48253,48262
48253,48272
48253,48273
48260,48261
48260,48262
48260,48272
48260,48273
48260,48274
48261,48262
48261,48272
48261,48273
48261,48274
48261,48276
48262,48272
48262,48273
48262,48274
48262,48276
48262,48285
48272,48274
48272,48276
48272,48285
48272,48289
48273,48274
48273,48276
48273,48285
48273,48302
48273,85677
48274,48276
48274,48285
48274,48289
48274,48302
48274,48303
48274,77702
48276,48285
48276,48302
48276,48303
48276,48307
48285,48289
48285,48302
48285,48303
48285,48307
48289,48302
48289,48303
48289,48307
48289,48315
48289,48320
48302,48303
48302,48307
48302,48315
48302,48320
48302,48324
48303,48307
48303,48315
48303,48320
48303,48328
48303,81645
48307,48315
48307,48320
48307,48324
48307,48328
48307,59775
48315,48320
48315,48324
48315,48328
48315,48330
48315,48341
48315,91845
48320,48324
48320,48328
48320,48341
48320,48352
48320,83897
48320,95608
48324,48328
48324,48330
48324,48341
48324,48352
48324,48353
48328,48341
48328,48352
48328,48353
48328,48356
48328,74011
48330,48341
48330,48353
48330,48356
48330,72385
48341,48352
48341,48353
48341,48356
48341,48357
48341,48361
48352,48353
48352,48357
48352,48361
48352,48363
48352,67261
48352,97774
48353,48356
48353,48361
48353,48363
48353,48364
48356,48357
48356,48361
48356,48364
48356,48368
48356,94049
48357,48361
48357,48363
48357,48368
48357,48372
48361,48363
48361,48364
48361,48368
48361,48372
48361,48373
48363,48364
48363,48368
48363,48372
48363,48381
48363,83162
48364,48368
48364,48372
48364,48373
48364,48381
48364,48388
48368,48372
48368,48373
48368,48381
48368,48388
48368,48391
48372,48373
48372,48381
48372,48388
48372,48391
48372,48395
48373,48381
48373,48388
48373,48391
48373,85476
48381,48391
48381,48395
48381,48402
48388,48391
48388,48403
48388,56206
48388,58017
48391,48395
48391,48399
48391,48402
48391,48403
48391,48405
48395,48399
48395,48403
48395,48405
48395,48407
48399,48402
48399,48403
48399,48405
48399,48407
48399,56641
48402,48403
48402,48405
48402,48410
48402,50272
48402,63692
48403,48405
48403,48410
48403,48412
48403,48416
48403,88229
48405,48407
48405,48410
48405,48412
48405,48416
48405,48424
48407,48412
48407,48424
48407,48432
48407,49519
48407,62745
48410,48412
48410,48416
48410,48424
48410,48432
48410,48433
48412,48416
48412,48424
48412,48432
48412,48433
48412,48434
48416,48424
48416,48432
48416,48433
48416,48445
48424,48432
48424,48433
48424,48434
48424,48445
48424,48446
48432,48433
48432,48434
48432,48445
48432,48446
48432,48455
48433,48434
48433,48445
48433,48446
48433,48455
48433,48456
48434,48445
48434,48455
48434,48456
48434,48473
48434,74509
48434,98224
48445,48446
48445,48455
48445,48456
48445,48473
48445,77017
48446,48455
48446,48456
48446,48473
48446,48474
48446,48478
48455,48456
48455,48473
48455,48474
48455,48478
48455,48484
48456,48473
48456,48474
48456,48478
48456,48484
48456,48489
48473,48474
48473,48478
48473,48489
48473,48490
48474,48478
48474,48484
48474,48489
48474,48493
48478,48484
48478,48489
48478,48490
48478,48493
48478,48494
48484,48489
48484,48490
48484,48494
48484,48496
48489,48490
48489,48494
48489,48496
48489,48498
48489,50868
48490,48493
48490,48496
48490,48498
48490,48501
48490,73756
48490,77837
48493,48494
48493,48496
48493,48498
48493,48502
48494,48496
48494,48498
48494,48501
48494,48502
48494,48505
48496,48501
48496,48502
48496,48505
48496,48508
48496,98019
48498,48501
48498,48502
48498,48505
48498,48508
48498,80282
48498,63030
48501,48502
48501,48505
48501,48508
48501,48511
48501,97047
48502,48505
48502,48508
48502,48509
48502,85171
48502,76386
48505,48508
48505,48509
48505,48511
48505,48518
48505,48521
48505,76122
48508,48509
48508,48511
48508,48518
48508,48521
48508,48525
48509,48511
48509,48518
48509,48521
48509,48525
48511,48518
48511,48525
48511,48529
48511,48530
48511,70456
48518,48525
48518,48530
48518,48538
48518,91426
48521,48525
48521,48530
48521,48538
48521,48545
48521,97697
48525,48529
48525,48530
48525,48538
48525,48545
48525,48547
48525,82009
48525,52943
48529,48530
48529,48538
48529,48545
48529,48551
48529,80065
48529,49335
48530,48538
48530,48545
48530,48547
48530,48551
48530,48552
48538,48545
48538,48547
48538,48551
48538,48552
48538,48558
48545,48547
48545,48551
48545,48552
48545,48558
48545,82741
48547,48551
48547,48552
48547,48558
48547,48561
48547,48568
48547,85964
48551,48552
48551,48558
48551,48561
48551,48568
48551,48569
48551,91804
48552,48558
48552,48561
48552,48568
48552,48569
48552,48573
48558,48561
48558,48568
48558,48569
48558,48573
48558,48575
48561,48568
48561,48569
48561,48573
48561,48575
48561,48576
48568,48569
48568,48573
48568,48576
48568,48582
48568,95651
48569,48573
48569,48575
48569,48576
48569,48582
48569,48583
48573,48575
48573,48576
48573,48583
48573,48584
48573,84414
48575,48582
48575,48583
48575,48584
48575,48587
48576,48582
48576,48583
48576,48584
48576,48589
48576,93836
48576,72606
48582,48583
48582,48584
48582,48587
48582,48589
48582,48599
48583,48584
48583,48587
48583,48589
48583,48599
48583,48602
48584,48587
48584,48589
48584,48599
48584,48602
48584,48607
48584,48876
48587,48589
48587,48599
48587,48602
48587,48607
48587,48612
48589,48599
48589,48602
48589,48607
48589,48612
48589,48613
48599,48602
48599,48607
48599,48612
48599,48613
48599,48614
48602,48607
48602,48612
48602,48613
48602,48614
48602,48621
48607,48612
48607,48613
48607,48614
48607,48621
48607,94857
48612,48613
48612,48614
48612,48621
48612,48625
48612,48627
48613,48614
48613,48621
48613,48625
48613,48627
48613,48634
48614,48625
48614,48627
48614,48634
48614,48635
48614,70752
48614,72921
48621,48625
48621,48627
48621,48634
48621,48635
48621,48644
48621,72884
48625,48627
48625,48634
48625,48635
48625,48644
48625,48645
48627,48634
48627,48644
48627,48645
48627,48647
48627,48819
48634,48635
48634,48644
48634,48645
48634,48647
48634,48653
48634,89435
48635,48644
48635,48645
48635,48647
48635,48653
48635,48655
48635,79254
48644,48645
48644,48647
48644,48655
48644,48656
48644,59874
48645,48647
48645,48653
48645,48655
48645,48656
48645,48664
48645,73084
48647,48653
48647,48655
48647,48656
48647,48664
48647,48665
48653,48655
48653,48664
48653,48665
48653,48666
48653,76747
48655,48665
48655,48666
48655,86908
48655,80220
48656,48664
48656,48665
48656,48666
48656,48670
48664,48665
48664,48666
48664,48667
48664,48670
48664,48679
48665,48667
48665,48670
48665,48679
48665,57501
48666,48667
48666,48670
48666,48681
48667,48679
48667,48681
48667,48688
48670,48679
48670,48681
48670,48688
48670,48696
48670,48700
48679,48681
48679,48688
48679,48696
48679,48700
48679,63059
48681,48688
48681,48696
48681,48700
48681,48702
48681,48703
48688,48696
48688,48700
48688,48702
48688,48704
48696,48700
48696,48702
48696,48703
48696,48704
48696,48705
48700,48702
48700,48703
48700,48705
48700,48714
48702,48703
48702,48704
48702,48705
48702,48714
48702,48725
48703,48704
48703,48705
48703,48714
48703,48725
48703,48726
48704,48705
48704,48725
48704,48726
48704,48727
48705,48714
48705,48725
48705,48726
48705,48727
48705,48730
48714,48725
48714,48726
48714,48727
48714,48730
48714,48731
48725,48726
48725,48727
48725,48730
48725,48731
48725,48732
48726,48727
48726,48731
48726,48732
48726,48733
48726,78377
48727,48730
48727,48732
48727,48735
48730,48731
48730,48732
48730,48733
48730,48735
48730,48740
48731,48732
48731,48733
48731,48735
48731,48740
48731,48742
48732,48733
48732,48735
48732,48740
48732,48742
48732,48743
48733,48735
48733,48740
48733,48742
48733,48745
48733,73725
48735,48740
48735,48742
48735,48743
48735,48745
48735,48755
48740,48743
48740,48745
48740,48755
48740,48758
48740,83860
48742,48743
48742,48745
48742,48755
48742,48758
48742,48766
48743,48745
48743,48755
48743,48758
48743,48766
48743,48767
48745,48755
48745,48758
48745,48766
48745,48767
48745,48788
48755,48758
48755,48766
48755,48767
48755,48788
48755,91192
48758,48766
48758,48767
48758,48788
48758,48789
48758,48790
48758,52142
48758,98791
48766,48767
48766,48788
48766,48789
48766,48790
48766,48791
48767,48788
48767,48789
48767,48790
48767,48791
48767,48799
48788,48790
48788,48791
48788,48799
48788,48810
48788,79885
48788,72256
48788,79147
48788,84782
48788,86500
48789,48790
48789,48791
48789,48799
48789,48810
48789,48812
48790,48791
48790,48810
48790,48812
48790,48819
48791,48799
48791,48810
48791,48812
48791,48819
48791,48824
48799,48812
48799,48819
48799,48824
48799,48829
48810,48812
48810,48819
48810,48824
48810,48829
48810,48835
48812,48819
48812,48824
48812,48835
48812,48837
48819,48824
48819,48829
48819,48835
48819,48837
48819,48844
48824,48829
48824,48837
48824,48844
48824,48846
48829,48835
48829,48844
48829,48846
48829,48847
48829,95087
48835,48837
48835,48846
48835,48847
48835,48853
48837,48844
48837,48847
48837,48853
48837,48855
48837,79016
48844,48846
48844,48847
48844,48853
48844,48855
48844,48857
48844,57190
48844,94358
48844,58695
48846,48847
48846,48853
48846,48855
48846,48857
48846,48858
48847,48853
48847,48855
48847,48857
48847,48858
48847,48859
48853,48855
48853,48857
48853,48858
48853,48868
48855,48857
48855,48858
48855,48859
48855,48868
48857,48858
48857,48859
48857,48868
48857,48870
48857,48874
48858,48859
48858,48868
48858,48870
48858,48874
48859,48868
48859,48870
48859,48876
48859,48880
48868,48870
48868,48874
48868,48876
48868,48880
48868,48882
48870,48874
48870,48876
48870,48880
48870,48882
48870,48883
48874,48876
48874,48880
48874,48882
48874,48883
48874,48893
48876,48880
48876,48883
48876,48893
48876,53841
48876,92760
48880,48883
48880,48893
48880,48895
48880,48896
48880,65056
48882,48883
48882,48893
48882,48895
48882,48896
48883,48893
48883,48895
48883,48896
48883,48897
48883,48898
48893,48895
48893,48896
48893,48897
48893,48902
48893,54508
48895,48896
48895,48897
48895,48898
48895,48902
48895,48906
48896,48897
48896,48898
48896,48902
48896,48908
48896,71652
48897,48898
48897,48906
48897,48912
48897,94684
48898,48902
48898,48906
48898,48908
48898,48914
48898,68448
48898,55829
48902,48906
48902,48908
48902,48912
48902,48914
48902,48915
48906,48908
48906,48914
48906,48915
48906,48927
48908,48912
48908,48914
48908,48915
48908,48932
48908,86990
48912,48914
48912,48915
48912,48927
48912,48933
48912,77659
48914,48915
48914,48933
48914,48939
48914,64136
48915,48927
48915,48939
48915,56515
48915,69591
48927,48932
48927,48933
48927,48939
48927,48944
48927,48950
48932,48939
48932,48944
48932,48950
48932,48951
48932,52652
48933,48939
48933,48944
48933,48950
48933,48952
48933,71652
48939,48944
48939,48950
48939,48951
48939,48952
48939,48963
48944,48950
48944,48951
48944,48952
48944,48963
48944,48967
48950,48951
48950,48952
48950,48963
48950,48967
48950,48974
48951,48952
48951,48963
48951,48967
48951,48974
48951,48975
48952,48963
48952,48967
48952,48974
48952,48975
48952,48976
48963,48967
48963,48974
48963,48975
48963,48976
48963,48980
48967,48974
48967,48975
48967,48976
48967,48994
48967,81312
48967,70602
48974,48975
48974,48976
48974,48980
48974,48998
48975,48976
48975,48980
48975,48994
48975,48998
48975,49004
48976,48980
48976,48994
48976,48998
48976,49004
48980,48994
48980,49004
48980,49006
48980,49014
48980,75199
48994,48998
48994,49004
48994,49006
48994,49014
48994,49016
48998,49004
48998,49006
48998,49014
48998,49016
48998,49018
49004,49006
49004,49014
49004,49016
49004,49018
49004,49025
49004,96754
49006,49014
49006,49018
49006,49025
49006,49026
49006,51928
49014,49016
49014,49018
49014,49025
49014,49026
49014,49033
49016,49018
49016,49025
49016,49033
49016,49037
49016,82290
49018,49025
49018,49026
49018,49037
49018,49041
49018,70130
49025,49033
49025,49037
49025,49041
49025,49042
49026,49033
49026,49037
49026,49042
49026,60315
49033,49037
49033,49041
49033,49042
49033,49044
49033,49396
49037,49041
49037,49042
49037,49044
49037,49053
49037,49057
49037,70295
49041,49042
49041,49044
49041,49053
49041,49057
49041,49063
49041,62570
49042,49044
49042,49053
49042,49057
49042,49063
49042,49065
49044,49053
49044,49057
49044,49063
49044,49065
49044,49068
49053,49057
49053,49063
49053,49068
49053,49073
49053,80152
49057,49063
49057,49073
49057,49074
49057,60876
49057,99572
49063,49065
49063,49068
49063,49073
49063,49074
49063,49077
49065,49068
49065,49074
49065,49077
49065,49078
49065,70317
49068,49073
49068,49074
49068,49077
49068,49078
49068,49089
49073,49074
49073,49077
49073,49078
49073,49089
49073,49098
49073,89579
49074,49077
49074,49078
49074,49089
49074,49098
49074,49099
49077,49078
49077,49089
49077,49098
49077,49099
49077,49100
49078,49089
49078,49098
49078,49099
49078,49100
49078,49101
49078,78972
49078,64940
49089,49098
49089,49099
49089,49100
49089,49101
49089,65325
49098,49099
49098,49100
49098,49101
49098,49102
49098,49104
49099,49100
49099,49101
49099,49102
49099,49104
49099,49108
49100,49101
49100,49104
49100,49108
49100,49113
49100,58457
49101,49102
49101,49104
49101,49113
49101,49116
49101,71384
49102,49104
49102,49108
49102,49113
49102,49116
49102,49124
49104,49108
49104,49116
49104,49124
49104,49125
49104,96087
49104,54587
49108,49113
49108,49116
49108,49124
49108,49125
49108,49131
49113,49116
49113,49124
49113,49125
49113,49131
49113,49137
49116,49124
49116,49125
49116,49131
49116,49137
49116,49145
49124,49125
49124,49131
49124,49137
49124,49145
49124,49147
49125,49131
49125,49145
49125,49147
49125,49153
49125,67888
49125,49427
49131,49137
49131,49145
49131,49147
49131,49153
49131,49154
49137,49145
49137,49147
49137,49153
49137,49154
49137,49156
49145,49147
49145,49153
49145,49154
49145,49156
49145,49162
49147,49153
49147,49154
49147,49156
49147,49162
49153,49156
49153,49162
49153,49176
49153,49178
49153,93829
49154,49162
49154,49176
49154,49178
49154,49180
49156,49162
49156,49176
49156,49178
49156,49180
49156,49186
49162,49176
49162,49180
49162,49186
49162,49187
49176,49180
49176,49186
49176,49187
49176,95735
49176,92746
49176,80329
49178,49186
49178,49187
49178,49190
49178,49191
49178,81316
49178,98497
49180,49186
49180,49190
49180,49191
49180,49194
49186,49187
49186,49190
49186,49191
49186,49194
49186,49198
49187,49190
49187,49194
49187,49198
49187,49199
49190,49191
49190,49194
49190,49198
49190,49199
49190,49201
49191,49194
49191,49198
49191,49199
49191,49201
49191,49203
49194,49198
49194,49199
49194,49201
49194,49204
49198,49199
49198,49201
49198,49203
49198,49204
49198,49207
49199,49201
49199,49203
49199,49204
49199,49207
49199,49213
49201,49204
49201,49207
49201,49219
49201,84287
49203,49204
49203,49207
49203,49213
49203,49219
49203,49220
49204,49207
49204,49213
49204,49219
49204,49226
49207,49219
49207,49226
49207,49227
49207,77111
49213,49220
49213,49226
49213,49227
49213,60880
49219,49226
49219,49227
49219,49228
49219,49229
49220,49226
49220,49227
49220,49228
49220,49229
49220,49233
49220,66999
49226,49227
49226,49228
49226,49233
49226,49235
49226,81104
49227,49228
49227,49229
49227,49233
49227,49235
49227,49237
49228,49229
49228,49233
49228,49235
49228,49237
49228,49244
49229,49233
49229,49235
49229,49237
49229,49244
49229,49247
49233,49235
49233,49237
49233,49244
49233,49247
49233,49249
49235,49237
49235,49244
49235,49247
49235,49249
49235,49253
49237,49244
49237,49247
49237,49249
49237,49253
49237,49258
49244,49247
49244,49249
49244,49253
49244,49258
49244,49260
49247,49249
49247,49253
49247,49258
49247,49260
49247,49265
49249,49253
49249,49258
49249,49260
49249,49265
49249,49268
49249,74459
49253,49258
49253,49260
49253,49268
49253,49272
49258,49260
49258,49265
49258,49268
49258,49272
49258,49275
49260,49265
49260,49268
49260,49272
49260,49275
49260,49279
49265,49268
49265,49272
49265,49275
49265,49279
49265,49283
49268,49272
49268,49275
49268,49279
49268,49283
49272,49275
49272,49279
49272,49283
49272,49288
49272,49289
49275,49279
49275,49288
49275,49294
49275,96109
49275,82629
49279,49283
49279,49288
49279,49289
49279,49294
49279,49297
49279,55049
49283,49288
49283,49289
49283,49294
49283,49298
49283,73381
49288,49289
49288,49294
49288,49297
49288,49298
49288,49301
49289,49294
49289,49297
49289,49298
49289,49301
49289,49311
49294,49297
49294,49298
49294,49301
49294,49311
49294,49321
49297,49301
49297,49311
49297,49321
49297,49333
49298,49301
49298,49321
49298,49333
49298,49335
49298,83021
49298,61251
49298,59672
49301,49311
49301,49321
49301,49333
49301,49335
49301,49336
49301,83603
49311,49321
49311,49333
49311,49335
49311,49336
49311,49342
49321,49335
49321,49343
49321,71025
49333,49335
49333,49336
49333,49342
49333,49343
49333,49346
49333,74603
49335,49336
49335,49342
49335,49343
49335,49346
49336,49342
49336,49343
49336,49346
49336,49351
49336,49353
49342,49343
49342,49346
49342,83409
49343,49346
49343,49351
49343,49353
49343,49362
49343,89818
49346,49351
49346,49353
49346,49362
49346,49363
49351,49357
49351,49362
49351,49363
49351,49364
49351,60736
49351,87985
49353,49357
49353,49362
49353,49363
49353,49364
49353,49368
49353,79322
49357,49362
49357,49363
49357,61047
49357,60655
49357,94849
49357,69486
49362,49363
49362,49364
49362,49368
49362,49374
49362,49375
49362,81850
49363,49364
49363,49368
49363,49374
49363,49375
49363,49378
49364,49368
49364,49374
49364,49375
49364,49378
49364,49388
49368,49374
49368,49375
49368,49378
49368,49388
49368,49393
49374,49375
49374,49388
49374,49393
49374,49395
49374,90365
49374,52020
49375,49378
49375,49388
49375,49393
49375,49395
49375,49396
49378,49388
49378,49393
49378,49395
49378,49396
49378,49397
49388,49393
49388,49395
49388,49396
49388,49405
49388,94799
49393,49395
49393,49396
49393,49397
49393,49405
49393,49407
49395,49397
49395,49405
49395,49407
49395,83664
49395,72552
49396,49397
49396,49405
49396,49407
49396,49408
49396,49415
49396,58776
49397,49405
49397,49407
49397,49408
49397,49415
49397,49416
49405,49407
49405,49408
49405,49415
49405,49416
49405,49422
49407,49408
49407,49415
49407,49416
49407,49422
49407,49427
49408,49415
49408,49416
49408,49422
49408,49427
49408,49428
49415,49416
49415,49422
49415,49427
49415,49428
49415,49429
49416,49422
49416,49427
49416,49429
49416,49438
49416,58297
49416,94246
49422,49427
49422,49428
49422,49429
49422,49438
49422,49443
49427,49428
49427,49429
49427,49443
49427,49446
49428,49429
49428,49443
49428,49446
49428,49447
49428,64490
49428,71167
49429,49438
49429,49443
49429,49446
49429,49448
49429,63489
49438,49443
49438,49446
49438,49447
49438,49448
49438,49449
49443,49446
49443,49447
49443,49448
49443,49449
49443,49451
49446,49447
49446,49448
49446,49449
49446,49451
49446,49462
49447,49448
49447,49449
49447,49462
49447,49467
49448,49449
49448,49451
49448,49462
49448,49467
49448,49471
49449,49451
49449,49462
49449,49467
49449,49471
49449,49474
49451,49462
49451,49467
49451,49471
49451,49474
49451,49505
49462,49467
49462,49474
49462,49505
49462,49507
49462,79897
49462,97249
49467,49471
49467,49474
49467,49505
49467,52741
49467,59991
49471,49474
49471,49505
49471,49507
49471,49509
49471,49511
49474,49507
49474,49509
49474,49511
49474,49519
49474,71696
49505,49507
49505,49509
49505,49511
49505,49519
49505,49521
49507,49509
49507,49519
49507,49521
49507,49523
49507,90043
49509,49511
49509,49519
49509,49521
49509,49523
49509,49529
49511,49519
49511,49521
49511,49523
49511,49529
49511,49530
49519,49521
49519,49529
49519,49530
49519,49531
49521,49523
49521,49529
49521,49531
49521,49532
49523,49529
49523,49530
49523,49531
49523,49532
49529,49530
49529,49531
49529,49532
49529,49536
49529,49538
49530,49531
49530,49532
49530,49536
49530,49538
49530,49539
49530,88437
49531,49532
49531,49536
49531,49538
49531,49539
49531,49544
49531,58588
49532,49538
49532,49539
49532,49544
49532,49547
49532,85465
49536,49538
49536,49539
49536,49544
49536,49550
49536,89713
49538,49539
49538,49544
49538,49547
49538,49550
49538,49551
49539,49544
49539,49547
49539,49550
49539,49551
49539,49552
49544,49547
49544,49550
49544,49551
49544,49552
49544,49559
49547,49551
49547,49552
49547,49559
49547,49560
49550,49551
49550,49552
49550,49559
49550,49560
49550,49561
49551,49552
49551,49560
49551,49561
49551,49563
49552,49560
49552,49561
49552,49568
49552,87836
49552,67488
49559,49560
49559,49561
49559,49563
49559,49568
49559,49569
49560,49561
49560,49563
49560,49568
49560,49569
49560,49575
49561,49563
49561,49568
49561,49569
49561,49575
49561,49581
49563,49568
49563,49569
49563,49575
49563,49581
49563,49583
49568,49569
49568,49575
49568,49581
49568,49583
49568,49584
49569,49575
49569,49581
49569,49583
49569,49584
49569,49587
49569,64801
49575,49581
49575,49583
49575,49584
49575,49605
49581,49583
49581,49587
49581,49605
49581,59476
49581,81171
49583,49584
49583,49587
49583,49605
49583,49608
49583,49618
49583,49875
49584,49587
49584,49605
49584,49618
49584,49621
49584,93892
49587,49605
49587,49608
49587,49618
49587,49621
49587,49626
49605,49608
49605,49618
49605,49621
49605,49626
49605,49630
49608,49618
49608,49621
49608,49630
49608,49652
49618,49621
49618,49626
49618,49630
49618,49652
49618,49660
49621,49626
49621,49630
49621,49652
49621,49660
49621,49666
49626,49630
49626,49682
49626,74195
49626,98794
49630,49652
49630,49660
49630,49666
49630,49682
49630,49686
49652,49660
49652,49666
49652,49682
49652,49686
49652,49691
49652,70221
49660,49666
49660,49682
49660,49686
49660,49691
49660,49705
49666,49682
49666,49686
49666,49705
49666,49706
49666,93589
49682,49686
49682,49691
49682,49705
49682,49706
49682,49707
49686,49691
49686,49705
49686,49706
49686,49707
49686,49712
49691,49706
49691,49707
49691,49712
49691,74073
49705,49706
49705,49707
49705,49718
49706,49707
49706,49712
49706,49714
49706,49718
49706,49721
49706,67448
49707,49712
49707,49714
49707,49718
49707,49721
49707,49722
49707,78659
49712,49714
49712,49718
49712,49721
49712,49738
49712,69247
49714,49718
49714,49721
49714,49722
49714,49738
49714,49745
49714,65301
49718,49721
49718,49722
49718,49738
49718,49745
49718,49746
49721,49722
49721,49738
49721,49745
49721,49746
49721,49747
49722,49746
49722,49747
49722,49749
49738,49745
49738,49746
49738,49747
49738,49749
49738,49752
49738,66583
49738,80871
49745,49746
49745,49747
49745,49749
49745,49757
49745,91719
49746,49747
49746,49749
49746,49752
49746,49757
49746,49759
49747,49749
49747,49752
49747,49757
49747,49762
49749,49752
49749,49757
49749,49759
49749,49767
49749,80479
49752,49757
49752,49759
49752,49762
49752,49767
49752,49781
49757,49759
49757,49762
49757,49767
49757,49781
49757,49782
49759,49762
49759,49767
49759,49781
49759,49782
49762,49767
49762,49782
49762,49784
49762,49788
49762,69492
49767,49781
49767,49782
49767,49784
49767,49788
49767,49790
49781,49782
49781,49784
49781,49795
49781,54682
49782,49784
49782,49788
49782,49795
49782,49796
49784,49788
49784,49790
49784,49795
49784,49796
49784,49805
49788,49790
49788,49795
49788,49796
49788,49805
49788,49808
49790,49795
49790,49808
49790,69000
49795,49796
49795,49805
49795,49808
49795,49809
49795,49811
49796,49808
49796,49809
49796,49822
49796,69449
49796,88442
49805,49808
49805,49809
49805,49811
49805,49824
49805,55572
49805,94684
49808,49809
49808,49811
49808,49822
49808,49824
49808,49825
49808,60880
49809,49811
49809,49822
49809,49824
49809,49825
49809,49830
49811,49822
49811,49824
49811,49825
49811,49830
49811,49831
49822,49824
49822,49825
49822,49830
49822,49831
49822,49833
49824,49825
49824,49830
49824,49831
49824,49833
49824,49835
49825,49831
49825,49833
49825,49835
49825,49839
49830,49831
49830,49835
49830,49839
49830,49846
49830,69882
49830,85215
49831,49833
49831,49835
49831,49839
49831,49846
49831,49859
49833,49835
49833,49839
49833,49846
49833,49859
49833,49864
49835,49839
49835,49846
49835,49859
49835,49864
49835,49875
49839,49846
49839,49859
49839,49864
49839,49875
49839,49885
49846,49859
49846,49864
49846,49875
49846,49885
49846,49887
49859,49864
49859,49875
49859,49885
49859,49887
49859,49892
49864,49875
49864,49885
49864,49887
49864,49892
49864,50131
49875,49885
49875,49887
49875,49892
49875,49896
49885,49887
49885,49892
49885,49896
49885,49903
49885,49908
49887,49892
49887,49896
49887,49903
49887,49908
49887,49916
49892,49903
49892,49908
49892,49916
49892,49922
49892,74116
49892,89908
49896,49903
49896,49908
49896,49916
49896,49922
49896,49925
49903,49908
49903,49922
49903,49925
49903,49928
49903,90593
49903,87807
49908,49922
49908,49925
49908,49928
49908,49929
49908,97046
49916,49922
49916,49925
49916,49928
49916,49929
49916,49930
49916,73546
49922,49929
49922,49930
49922,49937
49925,49928
49925,49929
49925,49930
49925,49937
49925,49939
49928,49929
49928,49930
49928,49939
49928,49940
49928,77148
49929,49930
49929,49937
49929,49939
49929,49940
49929,49945
49930,49937
49930,49939
49930,49940
49930,49945
49930,49948
49937,49939
49937,49940
49937,49945
49937,49948
49937,49955
49939,49940
49939,49945
49939,49948
49939,49955
49939,61689
49940,49945
49940,49948
49940,49955
49940,49960
49940,49962
49945,49948
49945,49955
49945,49960
49945,49962
49945,49968
49948,49955
49948,49960
49948,49962
49948,49968
49948,49971
49948,98406
49955,49960
49955,49962
49955,49968
49955,49971
49955,49972
49955,51578
49960,49962
49960,49968
49960,49971
49960,49972
49960,49973
49962,49971
49962,49972
49962,49973
49962,49977
49962,87704
49962,59480
49968,49971
49968,49972
49968,49973
49968,49977
49968,49978
49971,49972
49971,49973
49971,49977
49971,49978
49971,90610
49972,49973
49972,49977
49972,49978
49972,49980
49972,49986
49972,67782
49973,49977
49973,49978
49973,49980
49973,49986
49973,49987
49973,55213
49977,49978
49977,49980
49977,49986
49977,49987
49977,50001
49978,49980
49978,49986
49978,49987
49978,50001
49978,50004
49980,49986
49980,49987
49980,50001
49980,50004
49980,50006
49986,49987
49986,50004
49986,50006
49986,50009
49986,70891
49987,50001
49987,50004
49987,50006
49987,50009
49987,50010
50001,50004
50001,50006
50001,50009
50001,50010
50001,50012
50004,50006
50004,50009
50004,50010
50004,50012
50004,50014
50006,50009
50006,50010
50006,50012
50006,50014
50006,50016
50006,55520
50009,50010
50009,50012
50009,50014
50009,50016
50009,50017
50010,50012
50010,50014
50010,50016
50010,50019
50012,50014
50012,50016
50012,50017
50012,50022
50012,54508
50014,50016
50014,50019
50014,50022
50014,50026
50014,52399
50016,50019
50016,50022
50016,50030
50016,54065
50017,50019
50017,50022
50017,50026
50017,50030
50017,50032
50017,72327
50019,50022
50019,50026
50019,50030
50019,50035
50019,65204
50022,50026
50022,50030
50022,50032
50022,50036
50026,50030
50026,50032
50026,50035
50026,50036
50026,50042
50030,50032
50030,50035
50030,50036
50030,50042
50030,50043
50032,50035
50032,50036
50032,50042
50032,50043
50032,50045
50035,50036
50035,50043
50035,50045
50035,50051
50035,86456
50036,50042
50036,50060
50036,51075
50042,50043
50042,50045
50042,50051
50042,50060
50042,50062
50043,50045
50043,50051
50043,50060
50043,50062
50043,50067
50045,50051
50045,50060
50045,50062
50045,50067
50045,50068
50051,50060
50051,50062
50051,50067
50051,50068
50051,50077
50060,50062
50060,50067
50060,50068
50060,50077
50060,50084
50060,94988
50062,50068
50062,50077
50062,50084
50062,50085
50067,50068
50067,50077
50067,50084
50067,50085
50067,50090
50068,50077
50068,50084
50068,50085
50068,50090
50068,50096
50077,50084
50077,50085
50077,50090
50077,50096
50077,50098
50077,80280
50084,50085
50084,50090
50084,50098
50084,50099
50084,67624
50084,51436
50085,50090
50085,50096
50085,50098
50085,50099
50085,50105
50090,50098
50090,50099
50090,50105
50090,50109
50090,89989
50096,50098
50096,50099
50096,50105
50096,50109
50096,50112
50096,67520
50098,50099
50098,50109
50098,50112
50098,50121
50099,50105
50099,50109
50099,50112
50099,87852
50105,50109
50105,50112
50105,50121
50105,50123
50105,50124
50109,50112
50109,50121
50109,50123
50109,50124
50109,50127
50112,50121
50112,50123
50112,50124
50112,50127
50112,50131
50121,50123
50121,50124
50121,50127
50121,50131
50121,50135
50123,50124
50123,50131
50123,50135
50123,50136
50124,50127
50124,50131
50124,50135
50124,50136
50124,50138
50127,50131
50127,50135
50127,50136
50127,50138
50127,50139
50131,50135
50131,50136
50131,50138
50131,50139
50131,50151
50135,50138
50135,50139
50135,50151
50135,50155
50135,63308
50136,50138
50136,50155
50136,50157
50136,50190
50138,50139
50138,50151
50138,50155
50138,50157
50138,61556
50139,50151
50139,50155
50139,50163
50139,50164
50139,86016
50151,50155
50151,50163
50151,50164
50151,50165
50151,81220
50155,50157
50155,50163
50155,50164
50155,50165
50155,50167
50157,50163
50157,50164
50157,50165
50157,50177
50157,87434
50157,64205
50163,50164
50163,50165
50163,50167
50163,50179
50163,99578
50164,50165
50164,50167
50164,50177
50164,50179
50164,50180
50165,50167
50165,50177
50165,50179
50165,50180
50165,50185
50167,50177
50167,50179
50167,50180
50167,50185
50167,50187
50177,50179
50177,50180
50177,50185
50177,50187
50177,50188
50177,84311
50179,50180
50179,50185
50179,50187
50179,50188
50179,50190
50180,50185
50180,50187
50180,50188
50180,50190
50180,50193
50185,50187
50185,50188
50185,50190
50185,50193
50185,96120
50185,68673
50187,50188
50187,50190
50187,50193
50187,50206
50187,50215
50187,99798
50188,50190
50188,50193
50188,50215
50188,50217
50188,75799
50190,50193
50190,50206
50190,50215
50190,50217
50190,50218
50193,50206
50193,50215
50193,50217
50193,50218
50193,50219
50193,67704
50206,50215
50206,50217
50206,50218
50206,50219
50206,50227
50206,58848
50215,50217
50215,50218
50215,50219
50215,50227
50215,50236
50217,50218
50217,50219
50217,50227
50217,50236
50217,50239
50217,71490
50218,50219
50218,50227
50218,50236
50218,50239
50218,50244
50219,50227
50219,50236
50219,50239
50219,50244
50219,50245
50227,50236
50227,50239
50227,50244
50227,50245
50227,50255
50236,50239
50236,50244
50236,50245
50236,50255
50236,50257
50239,50245
50239,50255
50239,50257
50239,50258
50239,85443
50244,50245
50244,50255
50244,50258
50245,50255
50245,50258
50245,50264
50245,50270
50245,97418
50255,50257
50255,50258
50255,50264
50255,50270
50255,50272
50257,50258
50257,50264
50257,50270
50257,50272
50257,50273
50258,50272
50258,50273
50258,50284
50264,50270
50264,50272
50264,50273
50264,50284
50264,50288
50270,50272
50270,50273
50270,50284
50270,50288
50270,87461
50272,50273
50272,50284
50272,50288
50272,50292
50272,50295
50273,50284
50273,50288
50273,50292
50273,50295
50273,50297
50284,50288
50284,50292
50284,50295
50284,50297
50284,50298
50288,50292
50288,50295
50288,50297
50288,50298
50292,50295
50292,50297
50292,50298
50292,50299
50292,50306
50295,50297
50295,50298
50295,50306
50295,74036
50295,78006
50295,82977
50297,50298
50297,50306
50297,50309
50297,50312
50297,57833
50298,50299
50298,50306
50298,50309
50298,50312
50298,50313
50299,50306
50299,50309
50299,50312
50299,50313
50299,50315
50306,50309
50306,50312
50306,50313
50306,50315
50306,50320
50309,50312
50309,50313
50309,50315
50309,50320
50309,50325
50312,50313
50312,50315
50312,50325
50312,96608
50313,50315
50313,50320
50313,50325
50313,50326
50313,50332
50315,50320
50315,50325
50315,50326
50315,50332
50315,50335
50320,50325
50320,50326
50320,50340
50325,50326
50325,50332
50325,50335
50325,50340
50325,50342
50326,50332
50326,50335
50326,50342
50326,50348
50332,50335
50332,50340
50332,50342
50332,50348
50332,50350
50335,50340
50335,50342
50335,50348
50335,50350
50335,50353
50340,50342
50340,50348
50340,50369
50340,75896
50342,50348
50342,50350
50342,50369
50342,50370
50348,50350
50348,50353
50348,50369
50348,50370
50348,50373
50350,50353
50350,50369
50350,50370
50350,50373
50350,50381
50350,52843
50350,87600
50353,50369
50353,50373
50353,50381
50353,93447
50353,76478
50369,50370
50369,50373
50369,50388
50369,50391
50370,50373
50370,50381
50370,50388
50370,50391
50370,50394
50373,50381
50373,50388
50373,50391
50373,50394
50373,93014
50381,50388
50381,50391
50381,50397
50381,71943
50381,87985
50388,50391
50388,50394
50388,50398
50388,50399
50388,55445
50388,57409
50391,50394
50391,50398
50391,50399
50391,50408
50391,98647
50394,50398
50394,50399
50394,50421
50394,90532
50394,52222
50397,50398
50397,50399
50397,50408
50397,50421
50397,50422
50397,70770
50398,50399
50398,50408
50398,50421
50398,50422
50398,50424
50399,50408
50399,50421
50399,50422
50399,50424
50399,50427
50408,50421
50408,50424
50408,50427
50408,50429
50408,70222
50421,50422
50421,50424
50421,50427
50421,50429
50421,50432
50422,50424
50422,50427
50422,50429
50422,50437
50424,50427
50424,50429
50424,50432
50424,50437
50424,50441
50427,50429
50427,50432
50427,50441
50427,50442
50427,89210
50429,50432
50429,50437
50429,50441
50429,50442
50429,50444
50432,50437
50432,50441
50432,50442
50432,50449
50437,50441
50437,50442
50437,50444
50437,50449
50437,50453
50441,50442
50441,50444
50441,50449
50441,50453
50441,50454
50442,50444
50442,50449
50442,50453
50442,50454
50442,50455
50442,51530
50444,50449
50444,50453
50444,50454
50444,50455
50444,50466
50449,50453
50449,50454
50449,50455
50449,50467
50449,58140
50453,50454
50453,50466
50453,50467
50453,50468
50453,95638
50454,50467
50454,50468
50454,50470
50454,92643
50455,50466
50455,50467
50455,50470
50455,50478
50466,50467
50466,50468
50466,50470
50466,50478
50466,50485
50467,50468
50467,50470
50467,50478
50467,50485
50467,50486
50468,50470
50468,50478
50468,50485
50468,50486
50468,50497
50470,50478
50470,50485
50470,50486
50470,50497
50470,50498
50478,50485
50478,50486
50478,50497
50478,50498
50478,50499
50485,50486
50485,50497
50485,50498
50485,50499
50485,50509
50486,50498
50486,50499
50486,50509
50486,50515
50486,55682
50486,51936
50497,50498
50497,50499
50497,50515
50497,50518
50497,93893
50497,99546
50498,50499
50498,50509
50498,50515
50498,50518
50498,67328
50499,50515
50499,50518
50499,50519
50499,50520
50499,58645
50509,50515
50509,50518
50509,50519
50509,50520
50509,50522
50509,57947
50515,50518
50515,50519
50515,50520
50515,50522
50515,50524
50518,50519
50518,50520
50518,50522
50518,50524
50518,50525
50519,50520
50519,50522
50519,50524
50519,50525
50520,50522
50520,50524
50520,50525
50520,50528
50520,50534
50522,50528
50522,50534
50522,50537
50524,50525
50524,50528
50524,50534
50524,50537
50524,50540
50525,50528
50525,50534
50525,50537
50525,50540
50525,50541
50528,50534
50528,50537
50528,50540
50528,50541
50528,50543
50534,50537
50534,50540
50534,50541
50534,50543
50534,50544
50537,50540
50537,50541
50537,50543
50537,50544
50537,50545
50540,50541
50540,50543
50540,50544
50540,50545
50540,50554
50541,50543
50541,50544
50541,50545
50541,50558
50541,81676
50541,86783
50543,50544
50543,50545
50543,50574
50543,89341
50544,50545
50544,50574
50544,50579
50545,50554
50545,50558
50545,50574
50545,50579
50545,50583
50554,50558
50554,50574
50554,50579
50554,50583
50554,50585
50558,50574
50558,50579
50558,50583
50558,50585
50558,50587
50558,74079
50574,50583
50574,50585
50574,50587
50574,50592
50574,60615
50579,50583
50579,50585
50579,50587
50579,50592
50579,50597
50583,50585
50583,50587
50583,50592
50583,50597
50583,50599
50585,50587
50585,50592
50585,50597
50585,50599
50585,50600
50587,50592
50587,50597
50587,50599
50587,50600
50587,50603
50592,50597
50592,50599
50592,50600
50592,50603
50592,50605
50592,70661
50597,50599
50597,50600
50597,50603
50597,50605
50597,50607
50597,53977
50599,50600
50599,50603
50599,50605
50599,50607
50599,50608
50600,50603
50600,50607
50600,50608
50600,50609
50603,50605
50603,50607
50603,50608
50603,50609
50603,50611
50605,50607
50605,50608
50605,50609
50605,50611
50605,50615
50607,50609
50607,50611
50607,50615
50607,50619
50607,55164
50608,50609
50608,50611
50608,50615
50608,50619
50608,50623
50609,50611
50609,50615
50609,50619
50609,50629
50611,50615
50611,50619
50611,50623
50611,50629
50611,50631
50615,50619
50615,50623
50615,50629
50615,50631
50615,63521
50619,50623
50619,50629
50619,50631
50619,50635
50619,50637
50619,84622
50623,50629
50623,50631
50623,50635
50623,50637
50623,50639
50629,50631
50629,50635
50629,50637
50629,50640
50631,50635
50631,50637
50631,50639
50631,50640
50631,50647
50635,50637
50635,50639
50635,50647
50635,50649
50637,50639
50637,50640
50637,50649
50637,50650
50637,66827
50639,50647
50639,50649
50639,50650
50639,50652
50639,67481
50640,50647
50640,50649
50640,50650
50640,50652
50640,50654
50640,65793
50647,50649
50647,50650
50647,50652
50647,50654
50647,50655
50647,56998
50649,50650
50649,50652
50649,50654
50649,50682
50649,56297
50650,50652
50650,50654
50650,50655
50650,50682
50650,50684
50652,50654
50652,50655
50652,50682
50652,50684
50652,50685
50654,50682
50654,50684
50654,50685
50654,50687
50654,79805
50655,50682
50655,50684
50655,50685
50655,50688
50682,50684
50682,50685
50682,50687
50682,50688
50682,50692
50684,50685
50684,50687
50684,50688
50684,50692
50684,50697
50685,50688
50685,50692
50685,50697
50685,50699
50687,50688
50687,50692
50687,50697
50687,50699
50687,50703
50688,50692
50688,50697
50688,50699
50688,50703
50688,50722
50692,50697
50692,50722
50692,65925
50692,73089
50697,50699
50697,50703
50697,50722
50697,50728
50697,50732
50699,50703
50699,50728
50699,50732
50699,59118
50699,67555
50703,50728
50703,50743
50703,86349
50703,90055
50722,50728
50722,50732
50722,50739
50722,50743
50722,50748
50728,50732
50728,50739
50728,50743
50728,50748
50728,50751
50732,50739
50732,50748
50732,50751
50732,50752
50732,99008
50739,50748
50739,50751
50739,50757
50739,64165
50743,50748
50743,50751
50743,50757
50743,50760
50743,88629
50748,50751
50748,50752
50748,50757
50748,50768
50751,50752
50751,50757
50751,50768
50751,50771
50751,71374
50752,50757
50752,50760
50752,50768
50752,50771
50752,50772
50752,71978
50757,50760
50757,50768
50757,50771
50757,50772
50757,50778
50760,50768
50760,50771
50760,50778
50760,50783
50760,75835
50768,50771
50768,50772
50768,50778
50768,50783
50768,50785
50771,50772
50771,50778
50771,50783
50771,50785
50771,50786
50772,50778
50772,50785
50772,50786
50772,50788
50778,50783
50778,50785
50778,50786
50778,50788
50778,50790
50783,50785
50783,50786
50783,50788
50783,50790
50783,50804
50785,50786
50785,50788
50785,50804
50785,50805
50785,55258
50786,50788
50786,50804
50786,50805
50786,50811
50788,50790
50788,50804
50788,50805
50788,50812
50790,50804
50790,50805
50790,50811
50790,50813
50790,81733
50804,50811
50804,50812
50804,50814
50804,71130
50805,50811
50805,50812
50805,50813
50805,50814
50805,50910
50805,81031
50811,50813
50811,50814
50811,50815
50811,50817
50812,50813
50812,50814
50812,50815
50812,50817
50813,50814
50813,50815
50813,50829
50813,86534
50813,94944
50813,61103
50814,50815
50814,50817
50814,50822
50814,50829
50814,50835
50814,66835
50815,50822
50815,50829
50815,50835
50815,50838
50817,50822
50817,50829
50817,50835
50817,50838
50817,50840
50822,50829
50822,50838
50822,50840
50822,50841
50822,94657
50822,86765
50822,97026
50829,50835
50829,50838
50829,50840
50829,50841
50829,50846
50829,69117
50835,50840
50835,50841
50835,50851
50835,58738
50835,52052
50835,90643
50838,50840
50838,50841
50838,50846
50838,50851
50840,50841
50840,50846
50840,50852
50840,50853
50840,97040
50841,50846
50841,50851
50841,50853
50841,50858
50841,70065
50841,63500
50846,50851
50846,50852
50846,50853
50846,50858
50846,50868
50851,50852
50851,50853
50851,50858
50851,50868
50851,50872
50852,50853
50852,50858
50852,50868
50852,50872
50852,50875
50853,50858
50853,50868
50853,50872
50853,50875
50853,50878
50853,85587
50858,50868
50858,50872
50858,50875
50858,50878
50858,50880
50858,76466
50868,50872
50868,50875
50868,50878
50868,50880
50868,50886
50872,50875
50872,50878
50872,50880
50872,50886
50872,50889
50875,50878
50875,50880
50875,50886
50875,50889
50875,50907
50875,83475
50878,50880
50878,50886
50878,50889
50878,50907
50878,50908
50878,81454
50880,50886
50880,50889
50880,50908
50880,50909
50886,50889
50886,50907
50886,50908
50886,50909
50886,50910
50889,50907
50889,50908
50889,50909
50889,50910
50889,50912
50889,96439
50907,50908
50907,50909
50907,50912
50907,50913
50907,87300
50908,50910
50908,50912
50908,50913
50908,50915
50908,96619
50909,50910
50909,50912
50909,50913
50909,50918
50910,50912
50910,50913
50910,50915
50910,50918
50910,52050
50912,50913
50912,50915
50912,50918
50912,50921
50912,50925
50913,50915
50913,50918
50913,50921
50913,50925
50913,84284
50913,74577
50913,97199
50915,50918
50915,50921
50915,50925
50915,50931
50915,50937
50918,50921
50918,50925
50918,50931
50918,50937
50918,50940
50921,50925
50921,50931
50921,50937
50921,50940
50921,50944
50921,96835
50925,50931
50925,50937
50925,50940
50925,50944
50925,50948
50931,50937
50931,50940
50931,50948
50931,50955
50937,50940
50937,50944
50937,50948
50937,50955
50937,50960
50940,50944
50940,50948
50940,50955
50940,50960
50940,50966
50940,52738
50944,50948
50944,50955
50944,50960
50944,50966
50944,50968
50948,50960
50948,50966
50948,50968
50948,50972
50955,50960
50955,50966
50955,50968
50955,50972
50955,50982
50955,77519
50955,98591
50960,50966
50960,50968
50960,50972
50960,50982
50960,50987
50966,50968
50966,50972
50966,50982
50966,50987
50966,51006
50968,50972
50968,50982
50968,50987
50968,51006
50968,51010
50972,50982
50972,50987
50972,51006
50972,51010
50972,83409
50982,50987
50982,51006
50982,51010
50982,51011
50987,51006
50987,51010
50987,51011
50987,51023
50987,95608
51006,51010
51006,51011
51006,51017
51006,51023
51006,51025
51006,53151
51010,51011
51010,51017
51010,51023
51010,51025
51010,51029
51011,51017
51011,51023
51011,51025
51011,51029
51011,51030
51017,51023
51017,51025
51017,51030
51017,51034
51017,96014
51023,51025
51023,51029
51023,51030
51023,51034
51023,51036
51023,68701
51025,51029
51025,51030
51025,51034
51025,51036
51025,51045
51029,51030
51029,51034
51029,51036
51029,51045
51029,88367
51030,51036
51030,51047
51030,51051
51030,92465
51030,82848
51034,51045
51034,51047
51034,51051
51034,51052
51034,98591
51036,51045
51036,51047
51036,51053
51036,66087
51036,80514
51036,72904
51045,51047
51045,51051
51045,51052
51045,51053
51045,51054
51047,51051
51047,51052
51047,51053
51047,51054
51047,51057
51051,51052
51051,51053
51051,51054
51051,51057
51051,51063
51052,51053
51052,51054
51052,51057
51052,51063
51052,51070
51053,51054
51053,51057
51053,51063
51053,51070
51053,51071
51054,51063
51054,51070
51054,51071
51054,51073
51054,62944
51057,51063
51057,51070
51057,51071
51057,51073
51057,81318
51063,51070
51063,51071
51063,51073
51063,51075
51063,51080
51070,51071
51070,51073
51070,51075
51070,51080
51070,51081
51071,51073
51071,51075
51071,51080
51071,51081
51071,51082
51073,51080
51073,51081
51073,51083
51073,66184
51075,51080
51075,51081
51075,51082
51075,51083
51075,51086
51080,51082
51080,51083
51080,51090
51080,64746
51081,51082
51081,51083
51081,51086
51081,51090
51081,51091
51082,51083
51082,51086
51082,51091
51082,51100
51083,51086
51083,51090
51083,51091
51083,51100
51083,51102
51086,51090
51086,51091
51086,51100
51086,51102
51086,51105
51090,51091
51090,51100
51090,51102
51090,51105
51090,51106
51090,61722
51091,51100
51091,51102
51091,51105
51091,51106
51091,51114
51100,51102
51100,51105
51100,51106
51100,51114
51100,51121
51102,51105
51102,51106
51102,51114
51102,51121
51102,51129
51105,51106
51105,51114
51105,51121
51105,51129
51105,51132
51106,51114
51106,51121
51106,51132
51106,51143
51114,51121
51114,51129
51114,51132
51114,51150
51121,51129
51121,51132
51121,51143
51121,51150
51121,51155
51129,51132
51129,51143
51129,51150
51129,51155
51132,51150
51132,51155
51132,51160
51132,54540
51132,83273
51143,51150
51143,51159
51143,51160
51143,51165
51143,89044
51150,51155
51150,51159
51150,51160
51150,51165
51150,51168
51155,51160
51155,51165
51155,51168
51155,51170
51159,51160
51159,51165
51159,51168
51159,51170
51159,51178
51160,51165
51160,51168
51160,51170
51160,51178
51160,51184
51160,58916
51165,51168
51165,51170
51165,51178
51165,51184
51165,51187
51168,51170
51168,51184
51168,51187
51168,51189
51168,67647
51170,51178
51170,51184
51170,51187
51170,51189
51170,51190
51170,99766
51178,51184
51178,51187
51178,51189
51178,51190
51178,51194
51178,86465
51184,51187
51184,51189
51184,51190
51184,51194
51184,51197
51187,51189
51187,51190
51187,51194
51187,51197
51187,51217
51187,62581
51189,51190
51189,51194
51189,51197
51189,51217
51189,51223
51189,66514
51190,51194
51190,51197
51190,51217
51190,51223
51190,51227
51194,51197
51194,51217
51194,51223
51194,51233
51194,62785
51197,51217
51197,51223
51197,51227
51197,51233
51197,51237
51217,51223
51217,51227
51217,51237
51217,51238
51217,81524
51223,51227
51223,51233
51223,51237
51223,51238
51223,51246
51227,51233
51227,51237
51227,51238
51227,51246
51227,89169
51233,51237
51233,51238
51233,51246
51233,51247
51233,51255
51237,51238
51237,51246
51237,51247
51237,51257
51237,70494
51237,94132
51238,51246
51238,51247
51238,51257
51238,51268
51246,51247
51246,51255
51246,51268
51246,51270
51247,51255
51247,51257
51247,55230
51247,93343
51255,51257
51255,51268
51255,51270
51255,51271
51255,51274
51257,51270
51257,51271
51257,51274
51257,51276
51257,82629
51268,51270
51268,51271
51268,51274
51268,51276
51268,51278
51270,51271
51270,51274
51270,51276
51270,51278
51270,51280
51271,51274
51271,51276
51271,51278
51271,51280
51271,51282
51271,54020
51274,51276
51274,51280
51274,51282
51274,51284
51274,62605
51276,51278
51276,51280
51276,51282
51276,51284
51276,51290
51278,51280
51278,51282
51278,51284
51278,51290
51278,51291
51280,51284
51280,51290
51280,51291
51280,51292
51282,51290
51282,51291
51282,51292
51282,51294
51284,51290
51284,51291
51284,51292
51284,51294
51290,51291
51290,51292
51290,51294
51290,51295
51290,51300
51291,51292
51291,51294
51291,51295
51291,51300
51291,51301
51292,51294
51292,51295
51292,51300
51292,51301
51292,51306
51294,51295
51294,51300
51294,51301
51294,51306
51294,51307
51295,51300
51295,51301
51295,51306
51295,51307
51295,51309
51300,51301
51300,51306
51300,51309
51300,51310
51301,51306
51301,51307
51301,51309
51301,51310
51301,51313
51306,51307
51306,51309
51306,51310
51306,51313
51306,51337
51307,51309
51307,51310
51307,51313
51307,51337
51307,51338
51309,51310
51309,51313
51309,51337
51309,51338
51309,51341
51309,57331
51310,51313
51310,51337
51310,51338
51310,51341
51310,51343
51313,51337
51313,51338
51313,51341
51313,51343
51313,51346
51337,51338
51337,51341
51337,51343
51337,51346
51337,51351
51338,51341
51338,51346
51338,51351
51338,51354
51341,51343
51341,51346
51341,51351
51341,51354
51341,51356
51343,51346
51343,51351
51343,51354
51343,51356
51343,51375
51346,51351
51346,51356
51346,51375
51346,51376
51346,83924
51351,51354
51351,51356
51351,51375
51351,51376
51351,51377
51354,51356
51354,51377
51354,51386
51354,54694
51356,51375
51356,51376
51356,51377
51356,51386
51356,51387
51375,51376
51375,51386
51375,51387
51375,51388
51375,64205
51376,51386
51376,51387
51376,51391
51376,96496
51376,70270
51377,51386
51377,51387
51377,51388
51377,51391
51377,51393
51386,51387
51386,51388
51386,51393
51386,51398
51387,51388
51387,51391
51387,51393
51387,51399
51387,79448
51388,51391
51388,51398
51388,51399
51388,91347
51391,51393
51391,51398
51391,51399
51391,51415
51391,51416
51393,51398
51393,51415
51393,51416
51393,51417
51393,69104
51398,51399
51398,51415
51398,51416
51398,51417
51398,51418
51399,51415
51399,51416
51399,51417
51399,51418
51399,51421
51415,51417
51415,51418
51415,51421
51415,51424
51416,51417
51416,51418
51416,51421
51416,51424
51416,51435
51417,51418
51417,51421
51417,51424
51417,51435
51417,51436
51418,51421
51418,51424
51418,51436
51418,51440
51421,51424
51421,51435
51421,51436
51421,51440
51421,51443
51424,51436
51424,51443
51424,51444
51435,51436
51435,51440
51435,51443
51435,51444
51435,51452
51436,51440
51436,51443
51436,51444
51436,51452
51440,51443
51440,51452
51440,51454
51440,51456
51440,78933
51443,51444
51443,51452
51443,51456
51443,51462
51443,99535
51444,51452
51444,51454
51444,51456
51444,51462
51444,51474
51452,51454
51452,51456
51452,51462
51452,51474
51452,51479
51454,51456
51454,51462
51454,51479
51454,51481
51456,51462
51456,51474
51456,51479
51456,51481
51456,51484
51462,51474
51462,51479
51462,51481
51462,51484
51462,51486
51474,51479
51474,51484
51474,51486
51474,51487
51474,78220
51474,61530
51474,51659
51474,52792
51479,51481
51479,51484
51479,51486
51479,51487
51479,51488
51481,51484
51481,51486
51481,51487
51481,51488
51481,51496
51484,51486
51484,51487
51484,51488
51484,51496
51486,51487
51486,51496
51486,51498
51486,51503
51486,64930
51487,51488
51487,51496
51487,51498
51487,51503
51487,51514
51488,51496
51488,51498
51488,51503
51488,51514
51488,51527
51496,51498
51496,51503
51496,51514
51496,51527
51496,51528
51498,51503
51498,51514
51498,51527
51498,51528
51498,51530
51503,51514
51503,51527
51503,51528
51503,51530
51503,51534
51514,51527
51514,51528
51514,51530
51514,51534
51514,51538
51527,51530
51527,51534
51527,51538
51527,51544
51528,51530
51528,51534
51528,51538
51528,51544
51528,51551
51530,51534
51530,51538
51530,51544
51530,51552
51534,51538
51534,51544
51534,51551
51534,51552
51534,51554
51534,88885
51538,51544
51538,51551
51538,51552
51538,51554
51538,51556
51544,51551
51544,51552
51544,51554
51544,51556
51544,51562
51551,51554
51551,51556
51551,51562
51551,98086
51552,51554
51552,51556
51552,51562
51552,51568
51552,51573
51554,51556
51554,51562
51554,51568
51554,51573
51554,51575
51554,76794
51556,51562
51556,51573
51556,51578
51556,81895
51562,51568
51562,51573
51562,51578
51562,51580
51562,57391
51562,93069
51568,51573
51568,51575
51568,51578
51568,51580
51568,51584
51568,76935
51573,51575
51573,51578
51573,51580
51573,51584
51573,51593
51573,63813
51575,51578
51575,51580
51575,51584
51575,51593
51575,51595
51578,51580
51578,51584
51578,51593
51578,51598
51580,51584
51580,51593
51580,51595
51580,51598
51584,51593
51584,51595
51584,51598
51584,51601
51584,51604
51593,51595
51593,51601
51593,51604
51593,51609
51593,81107
51593,86387
51595,51601
51595,51604
51595,51616
51595,97378
51595,70243
51598,51601
51598,51604
51598,51609
51598,51616
51598,51618
51601,51604
51601,51609
51601,51616
51601,51618
51601,51619
51604,51609
51604,51616
51604,51618
51604,51619
51604,51621
51609,51616
51609,51618
51609,51619
51609,51621
51609,51622
51616,51618
51616,51619
51616,51621
51616,51622
51616,51625
51618,51619
51618,51621
51618,51622
51618,51630
51618,63702
51618,67624
51619,51621
51619,51622
51619,51625
51619,51630
51619,51633
51621,51622
51621,51625
51621,51633
51621,51634
51621,71194
51621,98817
51622,51625
51622,51633
51622,51634
51622,51636
51622,68622
51625,51633
51625,51634
51625,51636
51625,51642
51625,77585
51630,51633
51630,51634
51630,51636
51630,51642
51630,51647
51633,51634
51633,51636
51633,51647
51633,92230
51633,65581
51633,76413
51634,51642
51634,51647
51634,51650
51634,51653
51634,91568
51636,51642
51636,51647
51636,51650
51636,51656
51642,51647
51642,51650
51642,51653
51642,51656
51642,51659
51647,51650
51647,51653
51647,51656
51647,51660
51650,51656
51650,51659
51650,51660
51650,51662
51650,73992
51653,51656
51653,51659
51653,51660
51653,51665
51656,51659
51656,51660
51656,51662
51656,51665
51656,51669
51659,51660
51659,51662
51659,51669
51659,51673
51660,51662
51660,51665
51660,51673
51660,51674
51662,51665
51662,51669
51662,51673
51662,51674
51662,51676
51665,51669
51665,51673
51665,51674
51665,51676
51665,51692
51669,51673
51669,51674
51669,51692
51669,51698
51669,71212
51673,51674
51673,51692
51673,51698
51673,51700
51674,51692
51674,51698
51674,51700
51674,51706
51676,51698
51676,51700
51676,51706
51676,51707
51676,66716
51692,51698
51692,51700
51692,51707
51692,51708
51692,76282
51698,51700
51698,51706
51698,51707
51698,51708
51698,91010
51698,92163
51700,51706
51700,51707
51700,51708
51700,51709
51700,51712
51700,61103
51706,51707
51706,51708
51706,51709
51706,51712
51706,51733
51707,51708
51707,51712
51707,51733
51707,51734
51707,81677
51708,51709
51708,51712
51708,51733
51708,51734
51708,51739
51709,51712
51709,51733
51709,51734
51709,51739
51709,94680
51709,98472
51712,51733
51712,51734
51712,51739
51712,51740
51712,51743
51712,64997
51712,80730
51733,51734
51733,51739
51733,51740
51733,51743
51733,51744
51733,90209
51734,51739
51734,51740
51734,51743
51734,51744
51734,51747
51739,51740
51739,51743
51739,51744
51739,51747
51739,51752
51740,51743
51740,51744
51740,51747
51740,51752
51740,51768
51740,85409
51743,51744
51743,51747
51743,51768
51743,51771
51744,51752
51744,51768
51744,51771
51744,51772
51744,60124
51744,81353
51747,51752
51747,51768
51747,51772
51747,51773
51747,86551
51752,51768
51752,51771
51752,51772
51752,51773
51752,82246
51768,51771
51768,51772
51768,51773
51768,51775
51768,51783
51771,51772
51771,51773
51771,51775
51771,51783
51771,51785
51772,51773
51772,51775
51772,51783
51772,51785
51772,88939
51773,51775
51773,51783
51773,51793
51773,51794
51775,51783
51775,51785
51775,51793
51775,51794
51775,51802
51783,51785
51783,51793
51783,51794
51783,51802
51783,51809
51785,51793
51785,51794
51785,51802
51785,51809
51785,51823
51793,51794
51793,51802
51793,51809
51793,51823
51793,51824
51794,51802
51794,51809
51794,51824
51794,51829
51802,51809
51802,51823
51802,51824
51802,51829
51802,51834
51809,51823
51809,51824
51809,51829
51809,51834
51809,51837
51809,97742
51823,51824
51823,51829
51823,51834
51823,51837
51823,51838
51824,51829
51824,51834
51824,51837
51824,51838
51824,51855
51824,74531
51829,51837
51829,51838
51829,51855
51829,51872
51834,51837
51834,51838
51834,51855
51834,51872
51834,51888
51837,51838
51837,51855
51837,51888
51837,51889
51837,65858
51838,51855
51838,51872
51838,51888
51838,51889
51838,51895
51838,74241
51855,51872
51855,51888
51855,51889
51855,51895
51855,51898
51872,51888
51872,51889
51872,51898
51872,51901
51888,51889
51888,51895
51888,51898
51888,51901
51888,51905
51889,51895
51889,51901
51889,51905
51889,51909
51889,71520
51889,94315
51895,51898
51895,51901
51895,51905
51895,51909
51895,51915
51898,51901
51898,51905
51898,51909
51898,51915
51898,51917
51901,51905
51901,51909
51901,51915
51901,51917
51901,51919
51905,51909
51905,51915
51905,51917
51905,51919
51905,51922
51909,51915
51909,51917
51909,51919
51909,51923
51909,88033
51915,51917
51915,51919
51915,51922
51915,51923
51915,51928
51917,51919
51917,51922
51917,51923
51917,51928
51917,51930
51919,51922
51919,51923
51919,51928
51919,51930
51919,51932
51919,69000
51922,51923
51922,51930
51922,51932
51922,51935
51922,91287
51923,51928
51923,51930
51923,51932
51923,51935
51923,51936
51928,51930
51928,51932
51928,51935
51928,51936
51928,51938
51930,51932
51930,51935
51930,51936
51930,51938
51930,51944
51932,51935
51932,51936
51932,51938
51932,51951
51932,58955
51935,51938
51935,51944
51935,51951
51935,95118
51936,51938
51936,51944
51936,51951
51936,95467
51936,99953
51938,51944
51938,51951
51938,51958
51938,51966
51944,51951
51944,51953
51944,51958
51944,51966
51944,51972
51944,98148
51951,51953
51951,51958
51951,51966
51951,51972
51951,51976
51953,51958
51953,51966
51953,51972
51953,51976
51953,51978
51958,51966
51958,51972
51958,51976
51958,51978
51958,51982
51966,51972
51966,51976
51966,51978
51966,51983
51966,97196
51972,51976
51972,51978
51972,51982
51972,51983
51972,51995
51976,51978
51976,51982
51976,51983
51976,51995
51976,51999
51978,51982
51978,51983
51978,51995
51978,52002
51982,51983
51982,51995
51982,52002
51982,52003
51983,51995
51983,51999
51983,52002
51983,52003
51983,52009
51983,86887
51995,51999
51995,52002
51995,52003
51995,52012
51995,69685
51999,52002
51999,52003
51999,52009
51999,52012
51999,52014
52002,52003
52002,52009
52002,52012
52002,52014
52002,52016
52002,68624
52003,52009
52003,52012
52003,52014
52003,77676
52009,52012
52009,52014
52009,52016
52009,52020
52009,65525
52012,52014
52012,52016
52012,52020
52012,52024
52012,52028
52014,52016
52014,52020
52014,52024
52014,52028
52014,52030
52014,84976
52016,52020
52016,52024
52016,52028
52016,52030
52016,52032
52020,52024
52020,52028
52020,52030
52024,52028
52024,52032
52024,52040
52024,52045
52024,83451
52028,52030
52028,52040
52028,52045
52028,52047
52028,75471
52028,85105
52030,52032
52030,52040
52030,52045
52030,52047
52030,52050
52032,52040
52032,52045
52032,52047
52032,52050
52032,52051
52040,52045
52040,52047
52040,52050
52040,52051
52045,52047
52045,52050
52045,52051
52045,52052
52045,52057
52047,52051
52047,52052
52047,52069
52047,80347
52050,52052
52050,52057
52050,52069
52050,67705
52051,52052
52051,52057
52051,89931
52051,99656
52052,52057
52052,52069
52052,52070
52052,52071
52052,52072
52057,52070
52057,52071
52057,52072
52057,52079
52057,95500
52057,60552
52069,52070
52069,52072
52069,52079
52069,52080
52070,52071
52070,52072
52070,52079
52070,52080
52070,52099
52070,92828
52070,88143
52071,52072
52071,52079
52071,52080
52071,52099
52071,52101
52071,81570
52072,52079
52072,52080
52072,52099
52072,52105
52072,93756
52079,52080
52079,52099
52079,52101
52079,52108
52079,67481
52080,52099
52080,52101
52080,52105
52080,52108
52080,52111
52099,52101
52099,52105
52099,52108
52099,52111
52099,52115
52101,52105
52101,52111
52101,52115
52101,52117
52101,76125
52105,52108
52105,52111
52105,52115
52105,52117
52105,84194
52108,52111
52108,52115
52108,52117
52108,52118
52108,52119
52111,52115
52111,52117
52111,52118
52111,52119
52115,52117
52115,52118
52115,52119
52115,52120
52115,52125
52115,74196
52117,52118
52117,52120
52117,52125
52117,71888
52118,52119
52118,52120
52118,52125
52118,52128
52118,52130
52119,52120
52119,52128
52120,52125
52120,52128
52120,52130
52120,52132
52120,52135
52125,52128
52125,52130
52125,52132
52125,52135
52125,52136
52128,52130
52128,52132
52128,52135
52128,52136
52128,52138
52128,83362
52130,52132
52130,52135
52130,52136
52130,52138
52130,52139
52132,52135
52132,52136
52132,52138
52132,52139
52132,52142
52132,87574
52135,52136
52135,52138
52135,52139
52135,52142
52135,52149
52136,52138
52136,52139
52136,52142
52136,52150
52138,52139
52138,52142
52138,52149
52138,52150
52138,52152
52139,52142
52139,52149
52139,52150
52139,52152
52139,52155
52142,52149
52142,52150
52142,52152
52142,52155
52149,52150
52149,52152
52149,52156
52149,52157
52150,52152
52150,52155
52150,52156
52150,52157
52150,52159
52152,52155
52152,52156
52152,52159
52152,52160
52152,74817
52155,52156
52155,52157
52155,52159
52155,52160
52155,52161
52156,52157
52156,52159
52156,52160
52156,52161
52156,52166
52157,52159
52157,52160
52157,52166
52157,52167
52157,93331
52159,52160
52159,52161
52159,52167
52159,52171
52159,54450
52160,52161
52160,52166
52160,52167
52160,52171
52160,52172
52161,52166
52161,52167
52161,52171
52161,52172
52161,52175
52166,52167
52166,52171
52166,52172
52166,52175
52166,52178
52166,70186
52167,52171
52167,52172
52167,52175
52167,52178
52167,52179
52171,52172
52171,52175
52171,52178
52171,52179
52171,52185
52172,52175
52172,52178
52172,52179
52172,52185
52172,52189
52172,76947
52175,52178
52175,52179
52175,52185
52175,52189
52175,52192
52175,75843
52178,52179
52178,52185
52178,52189
52178,52192
52178,52193
52179,52185
52179,52189
52179,52192
52179,52193
52179,52194
52179,83903
52185,52189
52185,52194
52185,52199
52189,52192
52189,52193
52189,52194
52189,52203
52189,67882
52192,52193
52192,52194
52192,52199
52192,52205
52193,52194
52193,52199
52193,52203
52193,52205
52193,52212
52194,52199
52194,52212
52194,52213
52194,91830
52194,73564
52199,52203
52199,52205
52199,52212
52199,52213
52199,52216
52203,52205
52203,52212
52203,52213
52203,52216
52203,52217
52205,52212
52205,52213
52205,52216
52205,52217
52205,52222
52212,52213
52212,52216
52212,52217
52212,52222
52212,52224
52213,52216
52213,52217
52213,52222
52213,52224
52213,52225
52216,52217
52216,52222
52216,52224
52216,52233
52216,74430
52217,52222
52217,52224
52217,52225
52217,52233
52217,52251
52217,93002
52222,52225
52222,52233
52222,52251
52222,52253
52222,86522
52222,88615
52224,52225
52224,52233
52224,52251
52224,52253
52224,52254
52224,87149
52224,81559
52225,52233
52225,52251
52225,52253
52225,52254
52225,52256
52233,52251
52233,52253
52233,52254
52233,52256
52233,52270
52251,52253
52251,52254
52251,52256
52251,52270
52251,52284
52251,57836
52253,52254
52253,52256
52253,52270
52253,52284
52253,52289
52254,52256
52254,52270
52254,52284
52254,52289
52254,52294
52256,52270
52256,52284
52256,52289
52256,52294
52256,52297
52270,52284
52270,52289
52270,52294
52270,52297
52270,52299
52270,70257
52270,66453
52270,70763
52284,52289
52284,52294
52284,52297
52284,52299
52284,52301
52289,52294
52289,52299
52289,52301
52289,52302
52289,54160
52294,52297
52294,52299
52294,52301
52294,52302
52294,52304
52297,52299
52297,52301
52297,52302
52297,52304
52297,59097
52297,71719
52299,52301
52299,52304
52299,52306
52299,52308
52299,78159
52301,52302
52301,52304
52301,52306
52301,52308
52301,52309
52302,52304
52302,52306
52302,52308
52302,52309
52302,52315
52304,52306
52304,52308
52304,52309
52304,52315
52304,52323
52306,52308
52306,52309
52306,52315
52306,52323
52306,52324
52308,52309
52308,52315
52308,52323
52308,52324
52308,52326
52309,52315
52309,52323
52309,52324
52309,52326
52309,52343
52315,52324
52315,52326
52315,52345
52315,90478
52323,52324
52323,52326
52323,52343
52323,52345
52323,52346
52324,52326
52324,52343
52324,52345
52324,52346
52324,52354
52324,55434
52326,52343
52326,52346
52326,52354
52326,52357
52326,60829
52343,52345
52343,52346
52343,52354
52343,52357
52343,52359
52343,61266
52343,88079
52345,52346
52345,52357
52345,52366
52345,85565
52345,86140
52346,52354
52346,52357
52346,52366
52346,52373
52346,52710
52354,52357
52354,52359
52354,52366
52354,52373
52354,52383
52354,87950
52357,52359
52357,52366
52357,52373
52357,52383
52357,52386
52359,52366
52359,52373
52359,52383
52359,52386
52359,52389
52366,52373
52366,52383
52366,52386
52366,52389
52366,52394
52373,52383
52373,52386
52373,52389
52373,52394
52373,52398
52383,52386
52383,52394
52383,52399
52386,52389
52386,52394
52386,52398
52386,52400
52386,72324
52386,89802
52386,84587
52389,52394
52389,52399
52389,52400
52389,52402
52389,89045
52394,52398
52394,52399
52394,52400
52394,52402
52394,52408
52394,75684
52398,52399
52398,52400
52398,52402
52398,52408
52398,52419
52399,52400
52399,52402
52399,52408
52399,52419
52399,52423
52400,52402
52400,52408
52400,52423
52400,52433
52400,89802
52402,52408
52402,52419
52402,52423
52402,52434
52402,54297
52408,52419
52408,52433
52408,52434
52408,52438
52408,81169
52419,52423
52419,52438
52419,52442
52419,76513
52419,55214
52423,52433
52423,52434
52423,52438
52423,52442
52423,52443
52433,52434
52433,52442
52433,52443
52433,52447
52433,60876
52433,93756
52434,52438
52434,52442
52434,52443
52434,52448
52434,69079
52438,52442
52438,52447
52438,52448
52438,52461
52438,90770
52442,52443
52442,52447
52442,52448
52442,52461
52442,52472
52443,52447
52443,52448
52443,52461
52443,52472
52443,52479
52447,52448
52447,52461
52447,52472
52447,52479
52447,52482
52448,52461
52448,52472
52448,52479
52448,52482
52448,52484
52461,52472
52461,52479
52461,52482
52461,52484
52461,52485
52472,52479
52472,52482
52472,52484
52472,52485
52472,52490
52479,52482
52479,52484
52479,52485
52479,52490
52479,52495
52482,52484
52482,52485
52482,52490
52482,52495
52482,52502
52484,52485
52484,52490
52484,52495
52484,52502
52484,52515
52485,52490
52485,52495
52485,52515
52485,52517
52485,54638
52490,52502
52490,52515
52490,52517
52490,52521
52490,68189
52495,52502
52495,52515
52495,52517
52495,52521
52495,52523
52502,52517
52502,52521
52502,52527
52502,79226
52502,69505
52515,52517
52515,52521
52515,52523
52515,52527
52515,52529
52517,52521
52517,52523
52517,52527
52517,52529
52517,52531
52521,52523
52521,52527
52521,52529
52521,52531
52521,52541
52523,52527
52523,52529
52523,52541
52523,52542
52523,68560
52527,52529
52527,52531
52527,52541
52527,52542
52527,52544
52529,52531
52529,52541
52529,52542
52529,52544
52529,52548
52531,52541
52531,52542
52531,52544
52531,52548
52531,72788
52541,52542
52541,52544
52541,52548
52541,52549
52541,89634
52542,52544
52542,52548
52542,52549
52542,52552
52544,52548
52544,52549
52544,52552
52544,52560
52544,52565
52548,52549
52548,52552
52548,52560
52548,52565
52548,52570
52549,52552
52549,52560
52549,52565
52549,52570
52549,52572
52552,52560
52552,52565
52552,52570
52552,52572
52552,52574
52560,52565
52560,52570
52560,52574
52560,52575
52560,99312
52560,85112
52565,52570
52565,52572
52565,52575
52565,52578
52565,87533
52565,89922
52570,52574
52570,52575
52570,52582
52570,89122
52572,52574
52572,52575
52572,52578
52572,52582
52572,52583
52574,52575
52574,52582
52574,52583
52574,52587
52574,69427
52575,52578
52575,52582
52575,52583
52575,52587
52575,52588
52578,52587
52578,52588
52578,52589
52582,52583
52582,52587
52582,52589
52582,52591
52582,61218
52583,52587
52583,52588
52583,52589
52583,52591
52583,52602
52587,52588
52587,52589
52587,52591
52587,52602
52587,52603
52588,52589
52588,52602
52588,52603
52588,52608
52588,68131
52589,52591
52589,52602
52589,52603
52589,52608
52589,52610
52591,52602
52591,52603
52591,52608
52591,52610
52591,52614
52591,66853
52602,52603
52602,52608
52602,52610
52602,52614
52602,52615
52603,52608
52603,52610
52603,52614
52603,52615
52603,52619
52608,52610
52608,52614
52608,52615
52608,52619
52608,52624
52610,52614
52610,52615
52610,52619
52610,52624
52610,52625
52614,52615
52614,52619
52614,52624
52614,52625
52614,52635
52614,66446
52614,96304
52615,52619
52615,52625
52615,52635
52615,52639
52615,93893
52615,89818
52619,52624
52619,52625
52619,52635
52619,52639
52619,52640
52624,52625
52624,52635
52624,52639
52624,52640
52624,52642
52625,52635
52625,52639
52625,52640
52625,52642
52625,52643
52625,56068
52635,52640
52635,52642
52635,52649
52635,70825
52639,52640
52639,52643
52639,52649
52639,52652
52639,67701
52639,94424
52640,52642
52640,52643
52640,52649
52640,52652
52640,52653
52640,92386
52642,52643
52642,52649
52642,52652
52642,52653
52642,52656
52643,52649
52643,52652
52643,52653
52643,52656
52643,52658
52643,79805
52643,53386
52649,52652
52649,52653
52649,52658
52649,52659
52652,52653
52652,52659
52652,52662
52653,52656
52653,52658
52653,52659
52653,52662
52653,52668
52656,52658
52656,52659
52656,52662
52656,52668
52656,52670
52658,52659
52658,52662
52658,52668
52658,52670
52658,96189
52659,52662
52659,52668
52659,52670
52659,52672
52659,52683
52662,52668
52662,52670
52662,52672
52662,52683
52662,52689
52662,56531
52668,52670
52668,52683
52668,52689
52668,52693
52668,84782
52670,52672
52670,52689
52670,52693
52670,52695
52670,78134
52672,52683
52672,52689
52672,52693
52672,52695
52672,52705
52683,52689
52683,52693
52683,52695
52683,52705
52689,52695
52689,52705
52689,84712
52693,52695
52693,52705
52693,52706
52693,52707
52693,52708
52695,52705
52695,52706
52695,52708
52695,52710
52705,52706
52705,52708
52705,52710
52705,52713
52705,72492
52706,52707
52706,52708
52706,52710
52706,52713
52706,52720
52707,52708
52707,52710
52707,52720
52707,52724
52708,52710
52708,52720
52708,52724
52708,52727
52710,52713
52710,52720
52710,52724
52710,52727
52710,52728
52713,52720
52713,52724
52713,52727
52713,52728
52713,52731
52720,52727
52720,52728
52720,52731
52720,52738
52720,72669
52724,52727
52724,52728
52724,52731
52724,52741
52727,52728
52727,52731
52727,52738
52727,52741
52727,52743
52728,52731
52728,52738
52728,52741
52728,52743
52728,52754
52731,52738
52731,52741
52731,52754
52731,52758
52738,52741
52738,52754
52738,52758
52738,52762
52738,66978
52741,52743
52741,52754
52741,52758
52741,52762
52741,52766
52743,52754
52743,52758
52743,52762
52743,52766
52743,52771
52754,52758
52754,52762
52754,52766
52754,52774
52754,77439
52754,60261
52754,74803
52758,52762
52758,52766
52758,52771
52758,52774
52758,52776
52762,52766
52762,52771
52762,52774
52762,52776
52762,52784
52766,52771
52766,52774
52766,52776
52766,52787
52766,76543
52766,68449
52771,52776
52771,52784
52771,52787
52771,52792
52774,52776
52774,52784
52774,52787
52774,52792
52774,52793
52776,52784
52776,52787
52776,52794
52776,78311
52776,87150
52784,52787
52784,52792
52784,52793
52784,52794
52784,52804
52787,52793
52787,52804
52787,52807
52792,52793
52792,52794
52792,52807
52792,52808
52793,52794
52793,52804
52793,52807
52793,52808
52793,52816
52793,91114
52794,52804
52794,52807
52794,52808
52794,52816
52794,52821
52804,52807
52804,52808
52804,52816
52804,52821
52804,52825
52807,52808
52807,52816
52807,52821
52807,52825
52807,52827
52808,52816
52808,52825
52808,52827
52808,52828
52808,95954
52816,52821
52816,52825
52816,52827
52816,52828
52816,52829
52816,53487
52816,82825
52821,52825
52821,52827
52821,52828
52821,52829
52821,52831
52825,52827
52825,52828
52825,52829
52825,52831
52825,52834
52827,52829
52827,52831
52827,52834
52827,52835
52827,76820
52828,52829
52828,52831
52828,52834
52828,52835
52828,52839
52829,52831
52829,52834
52829,52835
52829,52839
52829,52843
52831,52834
52831,52835
52831,52839
52831,52843
52831,52846
52831,86795
52834,52835
52834,52839
52834,52843
52834,52846
52834,52848
52835,52839
52835,52843
52835,52848
52835,52851
52835,99329
52835,94320
52835,96706
52839,52843
52839,52846
52839,52848
52839,52851
52839,52866
52839,76118
52843,52846
52843,52851
52843,52866
52843,52867
52846,52848
52846,52851
52846,52866
52846,52867
52846,52870
52846,69788
52848,52851
52848,52867
52848,52870
52848,52871
52851,52866
52851,52867
52851,52870
52851,52871
52851,52876
52866,52867
52866,52870
52866,52871
52866,52876
52866,52877
52867,52871
52867,52876
52867,52877
52867,92451
52867,59666
52870,52871
52870,52876
52870,52877
52870,52888
52871,52876
52871,52877
52871,52886
52871,52888
52871,52893
52876,52886
52876,52888
52876,52902
52876,76257
52876,53533
52877,52888
52877,52902
52877,52907
52877,89110
52886,52888
52886,52902
52886,52907
52886,52908
52886,93602
52888,52893
52888,52902
52888,52907
52888,52908
52888,52916
52893,52902
52893,52907
52893,52908
52893,52916
52893,52926
52902,52907
52902,52908
52902,52916
52902,52926
52902,52928
52907,52908
52907,52916
52907,52926
52907,52928
52907,52930
52908,52916
52908,52926
52908,52928
52908,52930
52908,52938
52908,69328
52908,94950
52916,52928
52916,52930
52916,52938
52916,52939
52926,52928
52926,52930
52926,52938
52926,52943
52928,52930
52928,52938
52928,52939
52928,52943
52928,52949
52930,52938
52930,52939
52930,52943
52930,52949
52938,52939
52938,52943
52938,52949
52938,52960
52938,52961
52939,52943
52939,52949
52939,52960
52939,52961
52939,52962
52943,52949
52943,52960
52943,52962
52943,52967
52949,52960
52949,52961
52949,52962
52949,52967
52949,52969
52949,86086
52960,52961
52960,52962
52960,52967
52960,52973
52961,52962
52961,52967
52961,52969
52961,52973
52961,82818
52962,52969
52962,52973
52962,52979
52962,52995
52967,52969
52967,52973
52967,52979
52967,52995
52967,52996
52969,52973
52969,52979
52969,52995
52969,52996
52969,52998
52969,94199
52973,52979
52973,52995
52973,52996
52973,52998
52973,53000
52979,52995
52979,52996
52979,52998
52979,53000
52979,90497
52995,52996
52995,52998
52995,53000
52995,53011
52995,53020
52995,85558
52995,92406
52996,52998
52996,53000
52996,53011
52996,53020
52996,53024
52998,53000
52998,53011
52998,53020
52998,53024
52998,53026
52998,74250
52998,99446
53000,53011
53000,53020
53000,53026
53000,53032
53000,71902
53011,53020
53011,53024
53011,53026
53011,53032
53011,57872
53020,53024
53020,53026
53020,53032
53020,53033
53020,53034
53024,53026
53024,53032
53024,53033
53024,53034
53024,53042
53026,53032
53026,53033
53026,53034
53026,53042
53026,53043
53032,53033
53032,53034
53032,53042
53032,53043
53032,53044
53033,53034
53033,53042
53033,53043
53033,53044
53033,53046
53034,53043
53034,53044
53034,53046
53034,53051
53034,76318
53042,53043
53042,53044
53042,53046
53042,53051
53042,53056
53043,53044
53043,53046
53043,53051
53043,53056
53043,53071
53044,53046
53044,53051
53044,53056
53044,53071
53044,53075
53044,84259
53046,53051
53046,53056
53046,53071
53046,53075
53046,53082
53051,53056
53051,53071
53051,53075
53051,53082
53051,53084
53056,53071
53056,53082
53056,53086
53056,75247
53071,53075
53071,53082
53071,53084
53071,53086
53071,53091
53071,73877
53075,53082
53075,53084
53075,53086
53075,53091
53075,53095
53082,53084
53082,53086
53082,53091
53082,53095
53082,53097
53084,53086
53084,53091
53084,53097
53084,53104
53084,59174
53084,66043
53086,53091
53086,53095
53086,53097
53086,53106
53086,56105
53091,53095
53091,53097
53091,53104
53091,53106
53091,80358
53095,53097
53095,53104
53095,53106
53095,53107
53095,53116
53097,53104
53097,53106
53097,53116
53097,53124
53104,53106
53104,53116
53104,53124
53104,53125
53104,84250
53106,53107
53106,53116
53106,53124
53106,53125
53106,53127
53106,57768
53107,53116
53107,53124
53107,53125
53107,53127
53107,53130
53116,53124
53116,53127
53116,53130
53116,53132
53116,92091
53124,53125
53124,53127
53124,53130
53124,53132
53124,53135
53125,53127
53125,53135
53125,53138
53125,63391
53127,53132
53127,53135
53127,53138
53127,53148
53127,55274
53130,53132
53130,53135
53130,53138
53130,53148
53130,53151
53132,53135
53132,53138
53132,53148
53132,53151
53132,53155
53135,53138
53135,53148
53135,53159
53135,66094
53138,53148
53138,53151
53138,53155
53138,53159
53138,53161
53148,53151
53148,53155
53148,53161
53148,53167
53151,53155
53151,53159
53151,53161
53151,53167
53155,53159
53155,53161
53155,53167
53155,53179
53155,53184
53159,53161
53159,53167
53159,53179
53159,53184
53159,53187
53161,53167
53161,53179
53161,53184
53161,53190
53161,68271
53167,53179
53167,53184
53167,53187
53167,53190
53167,53193
53179,53187
53179,53190
53179,53193
53179,96810
53184,53187
53184,53193
53184,53194
53184,53200
53184,62629
53184,63136
53187,53190
53187,53193
53187,53194
53187,53203
53190,53193
53190,53200
53190,53203
53190,53212
53190,80945
53190,92674
53193,53194
53193,53200
53193,53203
53193,53212
53193,53216
53194,53200
53194,53203
53194,53212
53194,53216
53194,53223
53194,61727
53200,53212
53200,53216
53200,53223
53200,53225
53200,86598
53203,53212
53203,53216
53203,53223
53203,53225
53212,53223
53212,53225
53212,53226
53212,53236
53212,59268
53212,70011
53216,53223
53216,53226
53216,53236
53216,53239
53216,98233
53223,53225
53223,53226
53223,53236
53223,53246
53225,53226
53225,53236
53225,53239
53225,53247
53225,91130
53226,53236
53226,53239
53226,53246
53226,53247
53226,53248
53236,53239
53236,53246
53236,53247
53236,53248
53236,53253
53239,53246
53239,53247
53239,53248
53239,53253
53239,88095
53246,53247
53246,53248
53246,53253
53246,53257
53246,53258
53247,53248
53247,53253
53247,53257
53247,53258
53247,53261
53248,53253
53248,53257
53248,53258
53248,53261
53248,53265
53248,60829
53253,53257
53253,53258
53253,53261
53253,53265
53253,53272
53253,71381
53253,73620
53257,53258
53257,53261
53257,53265
53257,53272
53257,53275
53258,53261
53258,53265
53258,53272
53258,53275
53258,53276
53261,53272
53261,53275
53261,53281
53261,81612
53265,53272
53265,53275
53265,53276
53265,53281
53265,53282
53272,53275
53272,53281
53272,53282
53272,53284
53272,80721
53275,53276
53275,53281
53275,53282
53275,53284
53275,53287
53275,72166
53276,53281
53276,53282
53276,53284
53276,53287
53276,53297
53281,53284
53281,53287
53281,53297
53281,53303
53282,53284
53282,53287
53282,53297
53282,53303
53282,53306
53284,53287
53284,53297
53284,53303
53284,53306
53284,53316
53287,53297
53287,53303
53287,53306
53287,53316
53287,53318
53297,53303
53297,53306
53297,53316
53297,53318
53297,53320
53303,53306
53303,53316
53303,53318
53303,53320
53303,53325
53306,53316
53306,53318
53306,53320
53306,53325
53306,53326
53306,92794
53316,53318
53316,53320
53316,53326
53316,53327
53316,84837
53318,53325
53318,53326
53318,53327
53318,53329
53320,53325
53320,53326
53320,53327
53320,53329
53320,53337
53325,53326
53325,53327
53325,53337
53325,53346
53325,56604
53326,53327
53326,53329
53326,53337
53326,53346
53326,53348
53327,53329
53327,53346
53327,53348
53327,53352
53327,89954
53329,53337
53329,53346
53329,53348
53329,53352
53329,53354
53337,53346
53337,53348
53337,53354
53337,53364
53346,53348
53346,53352
53346,53354
53346,53364
53346,53370
53348,53354
53348,53364
53348,92916
53348,82301
53348,73517
53352,53354
53352,53364
53352,53375
53352,53376
53352,94658
53354,53370
53354,53375
53354,53376
53354,53378
53364,53375
53364,53376
53364,53378
53364,53381
53364,78421
53370,53375
53370,53376
53370,53378
53370,53381
53370,53386
53375,53376
53375,53381
53375,53386
53375,53390
53375,80112
53376,53378
53376,53381
53376,53386
53376,53390
53376,65325
53378,53386
53378,53390
53378,53391
53378,53400
53378,75107
53381,53386
53381,53390
53381,53391
53381,53400
53381,53402
53386,53390
53386,53391
53386,53402
53386,53410
53390,53391
53390,53400
53390,53402
53390,53410
53390,53414
53390,59064
53391,53400
53391,53402
53391,53410
53391,53414
53391,53419
53400,53402
53400,53410
53400,53419
53400,57220
53402,53410
53402,53414
53402,53419
53402,53431
53402,53433
53402,82682
53410,53414
53410,53419
53410,53433
53410,53438
53410,54506
53414,53419
53414,53431
53414,53433
53414,53438
53414,53439
53419,53431
53419,53433
53419,53438
53419,53439
53419,53445
53431,53438
53431,53445
53431,53450
53431,70375
53431,94592
53433,53438
53433,53439
53433,53445
53433,53450
53433,53451
53438,53439
53438,53445
53438,53450
53438,53451
53438,53457
53439,53445
53439,53450
53439,53451
53439,53457
53439,53464
53445,53450
53445,53451
53445,53457
53445,53464
53445,53467
53450,53451
53450,53457
53450,53464
53450,53467
53450,53469
53451,53464
53451,53467
53451,53469
53451,53472
53451,81477
53457,53464
53457,53467
53457,53469
53457,53478
53457,58954
53464,53467
53464,53469
53464,53472
53464,53478
53464,53481
53467,53472
53467,53478
53467,53482
53467,73192
53469,53478
53469,53481
53469,53482
53469,53487
53469,93931
53472,53478
53472,53481
53472,53482
53472,53487
53472,53489
53478,53482
53478,53487
53478,53489
53478,53491
53478,67141
53481,53482
53481,53487
53481,53489
53481,53491
53481,53492
53482,53487
53482,53489
53482,53492
53482,53498
53482,62995
53482,77847
53487,53491
53487,53492
53487,53498
53487,53504
53489,53491
53489,53492
53489,53498
53489,53504
53489,53509
53491,53492
53491,53498
53491,53504
53491,53514
53491,66825
53492,53504
53492,53509
53492,53514
53492,53517
53498,53504
53498,53509
53498,53514
53498,53517
53498,53524
53498,78859
53504,53509
53504,53514
53504,53517
53504,53524
53504,53525
53504,77981
53509,53514
53509,53517
53509,53524
53509,53525
53509,53528
53514,53517
53514,53524
53514,53525
53514,53528
53514,53533
53517,53524
53517,53525
53517,53528
53517,53533
53517,53535
53517,98983
53524,53525
53524,53528
53524,53533
53524,53535
53524,53541
53524,80482
53525,53528
53525,53533
53525,53535
53525,53541
53525,53543
53528,53533
53528,53541
53528,53543
53528,53545
53528,72536
53533,53535
53533,53541
53533,53549
53533,93313
53533,91319
53535,53541
53535,53543
53535,53545
53535,53549
53535,53551
53541,53543
53541,53545
53541,53549
53541,53551
53541,53555
53543,53545
53543,53549
53543,53551
53543,53555
53543,53559
53545,53549
53545,53551
53545,53555
53545,53559
53545,55109
53549,53555
53549,53559
53549,53563
53549,53564
53549,87281
53549,92189
53551,53563
53551,53564
53551,53571
53551,60067
53551,82404
53555,53559
53555,53563
53555,53564
53555,53571
53555,53573
53555,78031
53555,69811
53559,53563
53559,53564
53559,53571
53559,53573
53559,53580
53563,53564
53563,53571
53563,53573
53563,53580
53563,53581
53564,53571
53564,53573
53564,53580
53564,53581
53564,53584
53571,53573
53571,53580
53571,53581
53571,53588
53571,84872
53573,53580
53573,53581
53573,53584
53573,53588
53573,53590
53580,53581
53580,53588
53580,53590
53580,53594
53580,62060
53580,72628
53581,53584
53581,53588
53581,53590
53581,53594
53581,53595
53584,53590
53584,53594
53584,53595
53584,53597
53584,89720
53588,53590
53588,53594
53588,53595
53588,53597
53588,53598
53588,74945
53590,53594
53590,53595
53590,53597
53590,53598
53590,53605
53594,53595
53594,53597
53594,53608
53594,64467
53595,53597
53595,53598
53595,53605
53595,53608
53595,53614
53597,53598
53597,53605
53597,53614
53597,53615
53598,53605
53598,53608
53598,53615
53598,53640
53598,85201
53598,70092
53605,53608
53605,53614
53605,53615
53605,53640
53605,53642
53608,53614
53608,53615
53608,53640
53608,53642
53608,53650
53608,98291
53614,53615
53614,53640
53614,53642
53614,53650
53614,53655
53615,53640
53615,53642
53615,53650
53615,53655
53615,53659
53640,53642
53640,53650
53640,53659
53640,73389
53642,53655
53642,53660
53642,53661
53642,96467
53650,53655
53650,53659
53650,53661
53650,53667
53650,94139
53650,59552
53655,53659
53655,53660
53655,53661
53655,53667
53655,53669
53659,53660
53659,53661
53659,53667
53659,53669
53659,53677
53660,53667
53660,53669
53660,53677
53660,53684
53660,73633
53661,53667
53661,53677
53661,53684
53661,53691
53661,71655
53667,53669
53667,53684
53667,53691
53667,53694
53667,69915
53669,53677
53669,53684
53669,53694
53669,53698
53677,53684
53677,53691
53677,53694
53677,53698
53677,53710
53677,84109
53684,53691
53684,53694
53684,53698
53684,53710
53684,53720
53691,53694
53691,53698
53691,53710
53691,53720
53691,53725
53694,53698
53694,53710
53694,53720
53694,53725
53694,53726
53698,53720
53698,53725
53698,53726
53698,53730
53698,68693
53710,53720
53710,53725
53710,53726
53710,53730
53710,53732
53710,73798
53720,53725
53720,53726
53720,53730
53720,53734
53725,53726
53725,53730
53725,53732
53725,53736
53726,53730
53726,53732
53726,53734
53726,53736
53726,53737
53730,53732
53730,53734
53730,53736
53730,53737
53730,53742
53732,53734
53732,53736
53732,53737
53732,53742
53732,53744
53734,53736
53734,53742
53734,53744
53734,53745
53736,53737
53736,53742
53736,53744
53736,53745
53736,53746
53737,53742
53737,53744
53737,53745
53737,53746
53737,53755
53737,79947
53737,55076
53742,53744
53742,53745
53742,53746
53742,53755
53742,53758
53742,76280
53742,79226
53744,53745
53744,53746
53744,53755
53744,53760
53745,53746
53745,53755
53745,53758
53745,53760
53745,53764
53746,53755
53746,53758
53746,53760
53746,53764
53746,53765
53746,89316
53755,53758
53755,53760
53755,53764
53755,53765
53755,53779
53755,65287
53758,53760
53758,53764
53758,53765
53758,53779
53758,53788
53760,53764
53760,53765
53760,53779
53760,53788
53760,53789
53764,53765
53764,53779
53764,53788
53764,53789
53764,53801
53765,53779
53765,53788
53765,53789
53765,57773
53765,92268
53779,53788
53779,53789
53779,53801
53779,53802
53779,53810
53788,53789
53788,53801
53788,53802
53788,53810
53788,53815
53789,53801
53789,53802
53789,53810
53789,53815
53789,53820
53801,53802
53801,53810
53801,53815
53801,53820
53801,53824
53802,53810
53802,53815
53802,53820
53802,53824
53802,53825
53810,53815
53810,53820
53810,53824
53810,53825
53810,53829
53815,53820
53815,53825
53815,53829
53815,53830
53820,53824
53820,53825
53820,53829
53820,53830
53820,53831
53824,53825
53824,53829
53824,53830
53824,53831
53824,53833
53825,53829
53825,53830
53825,53831
53825,53833
53825,53834
53825,94583
53829,53830
53829,53831
53829,53833
53829,53834
53829,53841
53830,53831
53830,53833
53830,53834
53830,53841
53830,53849
53831,53833
53831,53834
53831,53841
53831,53849
53831,53860
53833,53834
53833,53841
53833,53849
53833,53860
53833,53862
53834,53841
53834,53849
53834,53860
53834,53862
53834,53864
53834,98148
53841,53849
53841,53862
53841,53864
53841,53866
53849,53862
53849,53864
53849,53866
53849,53867
53849,54050
53860,53862
53860,53866
53860,53867
53860,53870
53860,60736
53862,53864
53862,53866
53862,53867
53862,53870
53862,53874
53864,53866
53864,53870
53864,53874
53864,53875
53864,96623
53866,53867
53866,53870
53866,53874
53866,53875
53866,53876
53867,53870
53867,53874
53867,53875
53867,53876
53867,53880
53870,53874
53870,53875
53870,53876
53870,53880
53870,53883
53874,53875
53874,53876
53874,53880
53874,53883
53874,53885
53875,53876
53875,53880
53875,53883
53875,53885
53875,53886
53875,76101
53875,90757
53875,58297
53876,53880
53876,53883
53876,53886
53876,53890
53876,94659
53880,53883
53880,53886
53880,53890
53880,53893
53880,91372
53883,53885
53883,53886
53883,53890
53883,53893
53883,69871
53885,53886
53885,53890
53885,53893
53885,53894
53885,53895
53886,53890
53886,53893
53886,53896
53886,84682
53886,91841
53886,58473
53890,53893
53890,53894
53890,53895
53890,53896
53890,53905
53893,53894
53893,53895
53893,53896
53893,53905
53893,53909
53894,53895
53894,53896
53894,53905
53894,53909
53894,53915
53894,76050
53895,53905
53895,53909
53895,53915
53895,94454
53896,53905
53896,53909
53896,53915
53896,53916
53896,53921
53896,83787
53905,53909
53905,53915
53905,53916
53905,53921
53905,71639
53905,55642
53909,53915
53909,53916
53909,53921
53909,53929
53909,53934
53909,59284
53915,53916
53915,53929
53915,53934
53915,53950
53915,63149
53916,53921
53916,53934
53916,53950
53916,83028
53916,91157
53921,53929
53921,53934
53921,53950
53921,53951
53921,53958
53929,53934
53929,53950
53929,53951
53929,53958
53929,53961
53934,53950
53934,53951
53934,53958
53934,53964
53934,81262
53950,53951
53950,53958
53950,53961
53950,53964
53950,53966
53951,53958
53951,53964
53951,53966
53951,66277
53958,53961
53958,53964
53958,53966
53958,53971
53958,53975
53958,62550
53958,66040
53961,53971
53961,53975
53961,53976
53961,61536
53964,53966
53964,53971
53964,53975
53964,53976
53964,53977
53966,53971
53966,53975
53966,53977
53971,53975
53971,53976
53971,53977
53971,53984
53971,53985
53971,68064
53975,53976
53975,53977
53975,53984
53975,53998
53975,70657
53976,53977
53976,53984
53976,53985
53976,53998
53976,97234
53977,53984
53977,53998
53977,54002
53977,54004
53977,79540
53984,53985
53984,53998
53984,54002
53984,54004
53984,54008
53985,54002
53985,54004
53985,54008
53985,54012
53998,54002
53998,54004
53998,54008
53998,54012
53998,54020
54002,54004
54002,54008
54002,54012
54002,54020
54002,54021
54004,54008
54004,54012
54004,54020
54004,54021
54004,54023
54004,79789
54008,54012
54008,54021
54008,54023
54008,54025
54012,54020
54012,54021
54012,54023
54012,54025
54012,74475
54020,54021
54020,54023
54020,54028
54020,54029
54020,98319
54021,54023
54021,54025
54021,54028
54021,54029
54021,73562
54023,54025
54023,54028
54023,54029
54023,54031
54023,54035
54025,54028
54025,54029
54025,54031
54025,54035
54025,54037
54028,54029
54028,54031
54028,54035
54028,54037
54028,54050
54029,54031
54029,54035
54029,54050
54029,54057
54029,93874
54031,54035
54031,54037
54031,54050
54031,54057
54031,54064
54031,55989
54035,54037
54035,54050
54035,54057
54035,54064
54037,54050
54037,54057
54037,54064
54037,54065
54037,54067
54050,54057
54050,54064
54050,54065
54050,54067
54050,54073
54057,54065
54057,54067
54057,54073
54057,54076
54057,67526
54064,54065
54064,54067
54064,54073
54064,54076
54064,54081
54065,54067
54065,54076
54065,54081
54065,54086
54065,68929
54067,54073
54067,54076
54067,54081
54067,54086
54067,54088
54067,64789
54073,54076
54073,54081
54073,54086
54073,54104
54073,75438
54076,54081
54076,54088
54076,54104
54076,54114
54076,85608
54081,54086
54081,54088
54081,54104
54081,54114
54081,54117
54086,54088
54086,54104
54086,54114
54086,54123
54086,76072
54086,95422
54086,56785
54088,54104
54088,54114
54088,54117
54088,54123
54088,54127
54104,54114
54104,54117
54104,54123
54104,54129
54104,66208
54114,54117
54114,54123
54114,54127
54114,54129
54114,54131
54117,54123
54117,54127
54117,54131
54117,54134
54123,54129
54123,54131
54123,54134
54123,54141
54123,63363
54127,54129
54127,54131
54127,54134
54127,54141
54127,54145
54129,54131
54129,54134
54129,54145
54129,54148
54129,59533
54131,54134
54131,54141
54131,54145
54131,54148
54131,54151
54134,54141
54134,54145
54134,54148
54134,54151
54134,54157
54141,54145
54141,54148
54141,54151
54141,54157
54141,54160
54145,54148
54145,54151
54145,54157
54145,54160
54145,54161
54145,89550
54148,54151
54148,54157
54148,54160
54148,54161
54148,54167
54151,54157
54151,54161
54151,54167
54151,54170
54151,58541
54151,93098
54157,54160
54157,54161
54157,54170
54157,54173
54160,54161
54160,54167
54160,54170
54160,54173
54160,54178
54161,54167
54161,54170
54161,54173
54161,54178
54161,54192
54161,89051
54167,54170
54167,54173
54167,54178
54167,54192
54167,54193
54170,54173
54170,54178
54170,54193
54170,54194
54173,54178
54173,54192
54173,54194
54173,54198
54173,88035
54178,54192
54178,54193
54178,54198
54178,54203
54178,64578
54192,54193
54192,54194
54192,54198
54192,54204
54192,65778
54193,54194
54193,54198
54193,54203
54193,54204
54193,54205
54194,54198
54194,54203
54194,54205
54194,54211
54194,85453
54198,54203
54198,54204
54198,54205
54198,54211
54198,54212
54203,54204
54203,54211
54203,54218
54203,82170
54203,86213
54204,54205
54204,54212
54204,54218
54204,54223
54204,63641
54204,98587
54205,54211
54205,54212
54205,54218
54205,54223
54205,54228
54205,98909
54205,71707
54211,54212
54211,54218
54211,54228
54211,54231
54211,87334
54212,54218
54212,54223
54212,54228
54212,54231
54212,54234
54218,54223
54218,54231
54218,54234
54218,54235
54223,54228
54223,54231
54223,54234
54223,54235
54223,54238
54228,54231
54228,54234
54228,54235
54228,54238
54228,54242
54231,54234
54231,54235
54231,54238
54231,54242
54231,54245
54231,87104
54234,54235
54234,54238
54234,54242
54234,54245
54234,54250
54235,54238
54235,54242
54235,54245
54235,54250
54235,54253
54238,54242
54238,54245
54238,54250
54238,54253
54238,54255
54238,64745
54242,54245
54242,54250
54242,54253
54242,54255
54242,54257
54245,54250
54245,54253
54245,54255
54245,54257
54245,54267
54250,54253
54250,54255
54250,54257
54250,54267
54250,54269
54253,54255
54253,54257
54253,54267
54253,54269
54253,54274
54255,54257
54255,54267
54255,54269
54255,54274
54255,54275
54257,54267
54257,54269
54257,54274
54257,54275
54257,54277
54257,86958
54267,54269
54267,54275
54267,54277
54267,54281
54267,64769
54269,54274
54269,54275
54269,54277
54269,54281
54269,54282
54274,54275
54274,54277
54274,54281
54274,54282
54274,54289
54275,54277
54275,54281
54275,54289
54275,54297
54277,54281
54277,54282
54277,54289
54277,54297
54277,54298
54281,54289
54281,54297
54281,54298
54281,54303
54282,54297
54282,54298
54282,54303
54282,54304
54289,54297
54289,54298
54289,54303
54289,54304
54289,54305
54297,54298
54297,54303
54297,54304
54297,54305
54297,54308
54298,54303
54298,54304
54298,54305
54298,54308
54298,54324
54298,77239
54303,54304
54303,54305
54303,54308
54303,54324
54303,54325
54303,91562
54304,54305
54304,54324
54304,54325
54304,54330
54304,69760
54304,72263
54305,54308
54305,54324
54305,54330
54305,54342
54308,54324
54308,54325
54308,54330
54308,54342
54308,54343
54324,54325
54324,54330
54324,54342
54324,54343
54324,54345
54325,54330
54325,54342
54325,54345
54325,54348
54330,54342
54330,54343
54330,54345
54330,54348
54330,54352
54342,54343
54342,54345
54342,54348
54342,54352
54342,54354
54343,54345
54343,54348
54343,54352
54343,54354
54343,54355
54345,54352
54345,54354
54345,54355
54345,54361
54345,90363
54348,54352
54348,54354
54348,54361
54348,54362
54352,54354
54352,54355
54352,54361
54352,54369
54354,54355
54354,54362
54354,54369
54354,54371
54354,58685
54355,54361
54355,54362
54355,54369
54355,54371
54355,54374
54361,54362
54361,54369
54361,54371
54361,54374
54361,54377
54362,54369
54362,54371
54362,54374
54362,54377
54362,54379
54362,71849
54369,54371
54369,54374
54369,54377
54369,54385
54369,68976
54371,54374
54371,54377
54371,54379
54371,54387
54374,54377
54374,54379
54374,54385
54374,54389
54374,68021
54377,54385
54377,54387
54377,54389
54377,54390
54377,54581
54379,54385
54379,54387
54379,54389
54379,54397
54379,94636
54385,54387
54385,54389
54385,54390
54385,54397
54385,54399
54387,54389
54387,54390
54387,54397
54387,54399
54387,54401
54389,54390
54389,54397
54389,54401
54389,54406
54389,68184
54390,54397
54390,54399
54390,54401
54390,54406
54390,54407
54397,54399
54397,54401
54397,54406
54397,54407
54397,54409
54397,83990
54399,54401
54399,54406
54399,54407
54399,54409
54399,54412
54401,54406
54401,54407
54401,54409
54401,54412
54401,54415
54401,63564
54401,96384
54406,54407
54406,54412
54406,54415
54406,79630
54406,92668
54407,54412
54407,54415
54407,54420
54407,54421
54407,66946
54409,54412
54409,54415
54409,54420
54409,54421
54409,54422
54412,54415
54412,54420
54412,54422
54412,54433
54415,54420
54415,54421
54415,54422
54415,54433
54415,54434
54420,54433
54420,54434
54420,54435
54420,80356
54421,54422
54421,54433
54421,54434
54421,54435
54421,54437
54422,54433
54422,54434
54422,54435
54422,54437
54422,54442
54433,54434
54433,54435
54433,54437
54433,54442
54433,54444
54434,54435
54434,54437
54434,54442
54434,54444
54434,54447
54435,54437
54435,54442
54435,54447
54435,54450
54435,60719
54437,54442
54437,54447
54437,54451
54442,54444
54442,54447
54442,54450
54442,54451
54442,54452
54444,54447
54444,54450
54444,54452
54444,54455
54447,54450
54447,54451
54447,54452
54447,54455
54447,54457
54450,54451
54450,54452
54450,54455
54450,54457
54450,54463
54451,54452
54451,54455
54451,54457
54451,54463
54451,54468
54452,54455
54452,54463
54452,54468
54452,54474
54455,54457
54455,54463
54455,54468
54455,54474
54455,54477
54457,54463
54457,54474
54457,54477
54457,54484
54463,54468
54463,54474
54463,54477
54463,54484
54463,54487
54463,84136
54468,54474
54468,54477
54468,54484
54468,54490
54468,75014
54474,54477
54474,54484
54474,54487
54474,54490
54474,54491
54474,97271
54477,54484
54477,54487
54477,54490
54477,54491
54477,54496
54484,54487
54484,54490
54484,54491
54484,54496
54487,54490
54487,54491
54487,54496
54487,54502
54487,54506
54487,55411
54487,59365
54490,54491
54490,54496
54490,54502
54490,54506
54490,54508
54491,54496
54491,54502
54491,54506
54491,54508
54491,54509
54496,54502
54496,54506
54496,54508
54496,54509
54496,54511
54502,54506
54502,54508
54502,54513
54502,95055
54502,61337
54506,54508
54506,54509
54506,54511
54506,54513
54506,61722
54508,54509
54508,54511
54508,54513
54508,54525
54509,54511
54509,54513
54509,54514
54509,54525
54509,54530
54511,54514
54511,54525
54511,54530
54511,54533
54511,55021
54513,54514
54513,54525
54513,54530
54513,54533
54513,54540
54513,70346
54514,54525
54514,54533
54514,54540
54514,54543
54514,75642
54525,54530
54525,54533
54525,54540
54525,54543
54525,54545
54530,54533
54530,54540
54530,54543
54530,54548
54533,54540
54533,54543
54533,54545
54533,54548
54533,54557
54533,88394
54540,54545
54540,54548
54540,54557
54540,54562
54543,54545
54543,54548
54543,54557
54543,54562
54543,54563
54543,93224
54545,54548
54545,54557
54545,54562
54545,54564
54548,54557
54548,54562
54548,54563
54548,54564
54548,54573
54557,54562
54557,54563
54557,54564
54557,54573
54557,54581
54562,54563
54562,54573
54562,54581
54562,54582
54562,93355
54563,54564
54563,54573
54563,54581
54563,54582
54563,54585
54564,54573
54564,54581
54564,54582
54564,54585
54564,54586
54573,54581
54573,54582
54573,54585
54573,54586
54573,54587
54581,54582
54581,54585
54581,54586
54581,54587
54581,54589
54582,54585
54582,54586
54582,54587
54582,54589
54582,54591
54585,54587
54585,54589
54585,54591
54585,54596
54585,82203
54586,54587
54586,54591
54586,54596
54586,54598
54586,73688
54587,54589
54587,54591
54587,54596
54587,54598
54587,54600
54589,54591
54589,54596
54589,54598
54589,54600
54589,54610
54589,71401
54591,54596
54591,54598
54591,54600
54591,54610
54591,54611
54591,82241
54596,54598
54596,54600
54596,54610
54596,54611
54596,54612
54598,54600
54598,54610
54598,54611
54598,54612
54598,54614
54600,54610
54600,54611
54600,54612
54600,54614
54600,54619
54610,54611
54610,54612
54610,54619
54610,89879
54611,54612
54611,54614
54611,54619
54611,54621
54611,54632
54612,54619
54612,54621
54612,54632
54612,54638
54612,56484
54614,54619
54614,54621
54614,54632
54614,54638
54614,54640
54614,83102
54614,69534
54619,54632
54619,54638
54619,54640
54619,54642
54619,65745
54621,54632
54621,54638
54621,54640
54621,54642
54621,54652
54632,54638
54632,54640
54632,54642
54632,54652
54632,54658
54632,61656
54632,65966
54638,54640
54638,54642
54638,54658
54638,54662
54640,54642
54640,54652
54640,54662
54640,54675
54640,71381
54642,54652
54642,54658
54642,54662
54642,54675
54642,54680
54652,54658
54652,54662
54652,54675
54652,54680
54652,54681
54658,54662
54658,54675
54658,54680
54658,54681
54658,54682
54662,54675
54662,54680
54662,54681
54662,54682
54662,54689
54675,54680
54675,54681
54675,54682
54675,54689
54675,54690
54675,92083
54680,54681
54680,54689
54680,54690
54680,54694
54681,54682
54681,54689
54681,54690
54681,54694
54681,97328
54682,54690
54682,54694
54682,54699
54682,54702
54689,54690
54689,54694
54689,54699
54689,54702
54689,54704
54690,54694
54690,54699
54690,54702
54690,54704
54690,54709
54694,54699
54694,54702
54694,54704
54694,54710
54699,54702
54699,54704
54699,54709
54699,54710
54699,54712
54702,54704
54702,54709
54702,54710
54702,54712
54702,54713
54704,54709
54704,54710
54704,54712
54704,54713
54704,54716
54709,54710
54709,54712
54709,54713
54709,54716
54709,54722
54710,54712
54710,54713
54710,54716
54710,54722
54710,54728
54712,54713
54712,54716
54712,54722
54712,54728
54712,96886
54713,54716
54713,54722
54713,54728
54713,54743
54716,54722
54716,54728
54716,54737
54716,54743
54716,54746
54716,82326
54722,54728
54722,54737
54722,54743
54722,54746
54722,54754
54728,54737
54728,54743
54728,54746
54728,54754
54728,54755
54737,54743
54737,54746
54737,54754
54737,54755
54737,54763
54743,54754
54743,54755
54743,54763
54743,54770
54746,54754
54746,54755
54746,54763
54746,54773
54746,61977
54754,54755
54754,54774
54754,83528
54754,65543
54754,90291
54755,54763
54755,54770
54755,54773
54755,54774
54755,54776
54763,54770
54763,54773
54763,54774
54763,54776
54763,54777
54770,54773
54770,54774
54770,54776
54770,54777
54770,54784
54773,54776
54773,54777
54773,54784
54773,54791
54774,54776
54774,54777
54774,54784
54774,54791
54774,54793
54776,54784
54776,54791
54776,54793
54776,54794
54777,54784
54777,54791
54777,54793
54777,54794
54777,54796
54784,54791
54784,54793
54784,54794
54784,54796
54784,54805
54791,54793
54791,54796
54791,54812
54791,72199
54793,54794
54793,54796
54793,54805
54793,54812
54793,54821
54794,54796
54794,54805
54794,54812
54794,54821
54794,54829
54796,54812
54796,54821
54796,54829
54796,54833
54805,54812
54805,54829
54805,54833
54805,72449
54805,63482
54812,54821
54812,54829
54812,54833
54812,54841
54821,54829
54821,54833
54821,54841
54821,54844
54821,54845
54829,54833
54829,54841
54829,54845
54829,54846
54829,95851
54833,54841
54833,54844
54833,54845
54833,54846
54833,79128
54833,80672
54841,54844
54841,54845
54841,54849
54841,54850
54844,54845
54844,54846
54844,54850
54844,54851
54844,64687
54845,54846
54845,54849
54845,54850
54845,54851
54845,54854
54846,54849
54846,54850
54846,54851
54846,54854
54849,54850
54849,54854
54849,54857
54849,79789
54850,54851
54850,54854
54850,54856
54850,54857
54850,54861
54851,54854
54851,54856
54851,54857
54851,54861
54851,54862
54854,54856
54854,54857
54854,54861
54854,54875
54854,73321
54856,54857
54856,54861
54856,54862
54856,54875
54856,54876
54857,54861
54857,54862
54857,54875
54857,54876
54857,54884
54861,54862
54861,54875
54861,54876
54861,54884
54861,54889
54862,54875
54862,54876
54862,54884
54862,54889
54862,54890
54875,54876
54875,54884
54875,54889
54875,54893
54875,87510
54876,54884
54876,54889
54876,54890
54876,54893
54876,54903
54884,54889
54884,54890
54884,54893
54884,54903
54884,54905
54889,54890
54889,54893
54889,54903
54889,54905
54889,54906
54889,62099
54889,77715
54889,83855
54890,54893
54890,54903
54890,54905
54890,62346
54893,54903
54893,54905
54893,54906
54893,54915
54893,54916
54903,54906
54903,54915
54903,54916
54903,54941
54905,54906
54905,54915
54905,54916
54905,54941
54906,54915
54906,54916
54906,54941
54906,54948
54906,54952
54915,54916
54915,54941
54915,54948
54915,54952
54915,54959
54916,54941
54916,54948
54916,54952
54916,54959
54916,54965
54941,54948
54941,54952
54941,54959
54941,54965
54941,54967
54948,54952
54948,54959
54948,54965
54948,54967
54948,54974
54952,54959
54952,54967
54952,54974
54952,54976
54959,54965
54959,54967
54959,54974
54959,54976
54959,54980
54965,54967
54965,54974
54965,54976
54965,54980
54965,54981
54965,81107
54967,54974
54967,54976
54967,54980
54967,54981
54967,54985
54974,54976
54974,54980
54974,54981
54974,54985
54974,54987
54974,85419
54974,97143
54976,54980
54976,54981
54976,54985
54976,54987
54976,55005
54980,54981
54980,54985
54980,54987
54980,55005
54981,54985
54981,54987
54981,55005
54981,55009
54981,55012
54985,54987
54985,55005
54985,55012
54985,55015
54987,55005
54987,55009
54987,55012
54987,55015
54987,55021
54987,63549
55005,55009
55005,55012
55005,55015
55005,55021
55005,55023
55009,55012
55009,55015
55009,55023
55009,55024
55012,55015
55012,55021
55012,55023
55012,55024
55012,55030
55015,55021
55015,55024
55015,55030
55015,55031
55015,86883
55021,55023
55021,55024
55021,55030
55021,55032
55021,90768
55023,55030
55023,55031
55023,55032
55023,69302
55023,60592
55024,55030
55024,55031
55024,55032
55024,55039
55024,55045
55030,55031
55030,55032
55030,55039
55030,55045
55030,55049
55031,55032
55031,55039
55031,55045
55031,55049
55031,87805
55032,55039
55032,55045
55032,55049
55032,55050
55032,55070
55039,55045
55039,55049
55039,55050
55039,55070
55045,55049
55045,55050
55045,55070
55045,55076
55045,55089
55049,55050
55049,55070
55049,55089
55049,84583
55050,55070
55050,55076
55050,55089
55050,55090
55050,98288
55070,55076
55070,55089
55070,55090
55070,55095
55070,55103
55076,55089
55076,55090
55076,55095
55089,55090
55089,55095
55089,55103
55089,55104
55089,55107
55090,55095
55090,55104
55090,55107
55090,55109
55095,55103
55095,55104
55095,55107
55095,55109
55095,55114
55103,55104
55103,55107
55103,55109
55103,55114
55103,55119
55104,55107
55104,55109
55104,55114
55104,55126
55104,99513
55107,55109
55107,55114
55107,55119
55107,55126
55107,55128
55107,83085
55107,97873
55107,72072
55109,55114
55109,55119
55109,55126
55109,55128
55109,55133
55109,63243
55114,55119
55114,55126
55114,55128
55114,55133
55114,55136
55119,55126
55119,55128
55119,55133
55119,55136
55119,55137
55119,99958
55126,55128
55126,55133
55126,55136
55126,55137
55128,55133
55128,55136
55128,55137
55128,55138
55128,55139
55128,56567
55128,97069
55133,55136
55133,55137
55133,55138
55133,55139
55133,55142
55136,55137
55136,55142
55136,55143
55136,76108
55137,55142
55137,55143
55137,55148
55138,55139
55138,55142
55138,55143
55138,55148
55138,93530
55138,58948
55139,55142
55139,55143
55139,55153
55139,55155
55139,71982
55142,55143
55142,55148
55142,55153
55142,55159
55143,55153
55143,55155
55143,55159
55143,55164
55143,57216
55148,55153
55148,55155
55148,55159
55148,55164
55148,55166
55153,55155
55153,55159
55153,55164
55153,55166
55153,55170
55153,63497
55155,55159
55155,55166
55155,55170
55155,55182
55155,84321
55159,55164
55159,55166
55159,55170
55159,55182
55159,55183
55164,55166
55164,55182
55164,55183
55164,55190
55164,93800
55166,55170
55166,55182
55166,55183
55166,55190
55166,55193
55170,55183
55170,55190
55170,55193
55170,55207
55170,92053
55170,94547
55182,55207
55182,55212
55183,55190
55183,55193
55183,55207
55183,55212
55183,55213
55190,55207
55190,55212
55190,55213
55190,55214
55193,55207
55193,55212
55193,55213
55193,55214
55207,55212
55207,55213
55207,55214
55207,55220
55207,55222
55212,55213
55212,55214
55212,55220
55212,55222
55212,55229
55212,72071
55213,55214
55213,55220
55213,55229
55213,55230
55214,55220
55214,55222
55214,55229
55214,55230
55214,55232
55220,55222
55220,55229
55220,55230
55220,55232
55220,55236
55222,55229
55222,55230
55222,55232
55222,55236
55222,55254
55229,55230
55229,55232
55229,55236
55229,55254
55229,55255
55230,55232
55230,55236
55230,55254
55230,55255
55230,55257
55232,55236
55232,55254
55232,55255
55232,55257
55232,55258
55236,55254
55236,55255
55236,55257
55236,55258
55236,55261
55254,55255
55254,55257
55254,55258
55254,55261
55254,55262
55255,55257
55255,55258
55255,55261
55255,55262
55255,55266
55257,55258
55257,55261
55257,55262
55257,55266
55257,55268
55258,55261
55258,55262
55258,55268
55258,55274
55258,60124
55261,55266
55261,55268
55261,55274
55261,55277
55261,84667
55262,55266
55262,55268
55262,55274
55262,55277
55262,55278
55266,55268
55266,55277
55266,55278
55266,55280
55266,58078
55266,75940
55268,55274
55268,55277
55268,55278
55268,55280
55268,55286
55274,55277
55274,55280
55274,55286
55274,55287
55277,55278
55277,55280
55277,55286
55277,55287
55277,55288
55278,55280
55278,55286
55278,55287
55278,55288
55278,95551
55280,55286
55280,55287
55280,55288
55280,55294
55280,55301
55286,55287
55286,55288
55286,55294
55286,55301
55286,55302
55286,96471
55287,55294
55287,55301
55287,55302
55287,55313
55288,55294
55288,55301
55288,55302
55288,55313
55288,55314
55294,55301
55294,55302
55294,55314
55294,55315
55301,55302
55301,55313
55301,55314
55301,55315
55301,55319
55302,55313
55302,55314
55302,55315
55302,55319
55302,55335
55313,55314
55313,55315
55313,55319
55313,55335
55313,55337
55314,55315
55314,55319
55314,55335
55314,55337
55314,55339
55314,94246
55315,55319
55315,55335
55315,55337
55315,55339
55315,55348
55319,55335
55319,55337
55319,55339
55319,55348
55335,55337
55335,55339
55335,55348
55335,55355
55335,55362
55335,68821
55337,55339
55337,55348
55337,55355
55337,55362
55337,55364
55339,55348
55339,55355
55339,55362
55339,55364
55339,55379
55348,55355
55348,55362
55348,55364
55348,55379
55348,55380
55355,55362
55355,55364
55355,55379
55355,55380
55355,55386
55355,97449
55362,55364
55362,55379
55362,55380
55362,55386
55362,55407
55364,55379
55364,55380
55364,55386
55364,55407
55364,55411
55379,55380
55379,55386
55379,55407
55379,55418
55379,67576
55380,55386
55380,55407
55380,55411
55380,55418
55380,55426
55386,55411
55386,55418
55386,55426
55386,55431
55407,55411
55407,55418
55407,55426
55407,55431
55407,69130
55411,55426
55411,55431
55411,55434
55411,55445
55418,55426
55418,55431
55418,55434
55418,55445
55418,55455
55426,55434
55426,55456
55426,81266
55426,70152
55431,55434
55431,55445
55431,55455
55431,55456
55431,55459
55434,55456
55434,55466
55434,55919
55434,97889
55434,78478
55445,55456
55445,55459
55445,55466
55445,55468
55455,55456
55455,55459
55455,55466
55455,55468
55455,55474
55455,74089
55456,55459
55456,55466
55456,55468
55456,55474
55456,55475
55459,55466
55459,55468
55459,55474
55459,55479
55466,55468
55466,55474
55466,55475
55466,55479
55466,55480
55468,55474
55468,55475
55468,55479
55468,55480
55468,55491
55474,55475
55474,55479
55474,55480
55474,55491
55474,55494
55475,55479
55475,55480
55475,55491
55475,55494
55475,55496
55475,87283
55479,55480
55479,55491
55479,55494
55479,55496
55479,55497
55480,55491
55480,55494
55480,55496
55480,55497
55480,55499
55491,55494
55491,55496
55491,55497
55491,55499
55491,55510
55494,55496
55494,55499
55494,55510
55494,55517
55496,55497
55496,55499
55496,55510
55496,55517
55496,55518
55496,87678
55497,55499
55497,55510
55497,55518
55499,55510
55499,55517
55499,55518
55499,55520
55499,55527
55510,55517
55510,55518
55510,55520
55510,55527
55510,55529
55510,74190
55517,55520
55517,55527
55517,55531
55518,55520
55518,55527
55518,55529
55518,55531
55518,55532
55520,55527
55520,55529
55520,55531
55520,87461
55527,55529
55527,55532
55527,55544
55527,55548
55529,55531
55529,55532
55529,55544
55529,55548
55529,55564
55529,77663
55531,55532
55531,55544
55531,55548
55531,55564
55531,55565
55532,55544
55532,55548
55532,55564
55532,55565
55532,55568
55532,93542
55544,55548
55544,55564
55544,55568
55544,65899
55548,55564
55548,55565
55548,55568
55548,55571
55548,55572
55564,55565
55564,55568
55564,55571
55564,55572
55565,55568
55565,55571
55565,55572
55565,55573
55565,55592
55565,84755
55568,55571
55568,55572
55568,55573
55568,55593
55571,55572
55571,55573
55571,55592
55571,55593
55571,55600
55572,55573
55572,55592
55572,55593
55572,55600
55573,55592
55573,55593
55573,55600
55573,55614
55573,55641
55573,95727
55592,55593
55592,55600
55592,55614
55592,55641
55592,55642
55593,55600
55593,55614
55593,55641
55593,55642
55593,55645
55593,93838
55600,55614
55600,55641
55600,55642
55600,55645
55600,55647
55614,55641
55614,55642
55614,55645
55614,55647
55614,83488
55641,55642
55641,55645
55641,55647
55641,55649
55641,67637
55642,55645
55642,55647
55642,55649
55642,55663
55645,55647
55645,55649
55645,55663
55645,55669
55645,55673
55647,55649
55647,55663
55647,55669
55647,55673
55647,55677
55649,55663
55649,55669
55649,55673
55649,55677
55649,55682
55663,55669
55663,55673
55663,55677
55663,55682
55663,55690
55669,55673
55669,55677
55669,55690
55669,55701
55669,60694
55673,55677
55673,55682
55673,55690
55673,55702
55673,88389
55677,55682
55677,55690
55677,55702
55677,55707
55677,93355
55682,55701
55682,55702
55682,55707
55682,55708
55690,55701
55690,55702
55690,55707
55690,55708
55690,55714
55701,55702
55701,55708
55701,55714
55701,55715
55701,57498
55702,55707
55702,55708
55702,55714
55702,55715
55702,55720
55707,55714
55707,55715
55707,55720
55707,55729
55707,94830
55708,55714
55708,55715
55708,55720
55708,55729
55708,55732
55714,55715
55714,55729
55714,55732
55714,55736
55715,55720
55715,55729
55715,55732
55715,55736
55715,57648
55720,55729
55720,55732
55720,55736
55720,55747
55720,67106
55729,55732
55729,55736
55729,55754
55729,85794
55732,55736
55732,55747
55732,55754
55732,55769
55732,77617
55732,97244
55736,55738
55736,55747
55736,55754
55736,55769
55736,55770
55738,55747
55738,55754
55738,55769
55738,55770
55738,55774
55747,55754
55747,55769
55747,55770
55747,55774
55754,55769
55754,55770
55754,55774
55754,55775
55754,55778
55769,55774
55769,55775
55769,55778
55769,55786
55770,55774
55770,55775
55770,55788
55770,83859
55774,55775
55774,55778
55774,55786
55774,55788
55774,55790
55775,55778
55775,55786
55775,55788
55775,55790
55775,55792
55775,82429
55778,55786
55778,55790
55778,55792
55778,55800
55778,72441
55786,55788
55786,55790
55786,55792
55786,55800
55786,55803
55788,55800
55788,55803
55788,93609
55790,55792
55790,55803
55790,55804
55790,55811
55790,65731
55792,55800
55792,55803
55792,55804
55792,55811
55792,55816
55800,55803
55800,55804
55800,55816
55800,55817
55803,55804
55803,55811
55803,55820
55803,72966
55803,75787
55804,55811
55804,55816
55804,55817
55804,55820
55804,55823
55811,55816
55811,55817
55811,55820
55811,55823
55811,55825
55816,55817
55816,55820
55816,55825
55816,55826
55816,82153
55817,55820
55817,55823
55817,55826
55820,55823
55820,55825
55820,55826
55820,55828
55820,55829
55823,55825
55823,55826
55823,55828
55823,55831
55825,55826
55825,55828
55825,55829
55825,55831
55825,55833
55826,55828
55826,55829
55826,55831
55826,55833
55826,55841
55828,55829
55828,55831
55828,55833
55828,55841
55828,55844
55829,55831
55829,55833
55829,55841
55829,55848
55831,55833
55831,55841
55831,55844
55831,55848
55831,82512
55833,55841
55833,55844
55833,55848
55833,55849
55833,55851
55841,55844
55841,55848
55841,55849
55841,55851
55841,55854
55844,55848
55844,55849
55844,55851
55844,55854
55844,55872
55848,55849
55848,55851
55848,55854
55848,55872
55848,55884
55849,55851
55849,55854
55849,55872
55849,55884
55849,55891
55851,55854
55851,55872
55851,55884
55851,55891
55851,55892
55851,86898
55854,55872
55854,55891
55854,55892
55872,55891
55872,55892
55872,55893
55872,55894
55884,55891
55884,55892
55884,55893
55884,55894
55884,55900
55891,55892
55891,55893
55891,55894
55891,55900
55891,55901
55892,55893
55892,55894
55892,55900
55892,55901
55892,55903
55893,55894
55893,55900
55893,55901
55893,55903
55893,69617
55894,55900
55894,55901
55894,55903
55894,55905
55894,55907
55900,55903
55900,55905
55900,55907
55900,55916
55901,55903
55901,55905
55901,55907
55901,55916
55901,55919
55901,84237
55903,55905
55903,55907
55903,55916
55903,55919
55903,55923
55905,55916
55905,55919
55905,55923
55905,55927
55905,65462
55907,55916
55907,55923
55907,55927
55907,55928
55916,55919
55916,55923
55916,55927
55916,55928
55916,55930
55919,55923
55919,55927
55919,55928
55919,55930
55919,69015
55919,72921
55923,55928
55923,55930
55923,55937
55923,55952
55923,88615
55927,55928
55927,55930
55927,55937
55927,55952
55927,55953
55927,61144
55928,55930
55928,55937
55928,55952
55928,55953
55928,55960
55930,55937
55930,55952
55930,55953
55930,55960
55930,55964
55937,55952
55937,55953
55937,55960
55937,55964
55937,55966
55952,55953
55952,55960
55952,55964
55952,55966
55952,55969
55953,55960
55953,55964
55953,55966
55953,55969
55953,55974
55953,84915
55960,55966
55960,55982
55960,80226
55960,69699
55964,55966
55964,55969
55964,55974
55964,55982
55964,55985
55966,55969
55966,55974
55966,55982
55966,55985
55966,55986
55969,55974
55969,55982
55969,55985
55969,55988
55974,55982
55974,55985
55974,55986
55974,55989
55974,95728
55982,55985
55982,55986
55982,55988
55982,55989
55982,56005
55982,83359
55985,55986
55985,55988
55985,55989
55985,56005
55985,56012
55986,55988
55986,55989
55986,56005
55986,56012
55986,56632
55988,55989
55988,56005
55988,56012
55988,56013
55988,56028
55989,56012
55989,56013
55989,56028
55989,56029
56005,56012
56005,56013
56005,56028
56005,56029
56005,56037
56012,56013
56012,56028
56012,56029
56012,56037
56012,56042
56013,56037
56013,56042
56013,56043
56028,56029
56028,56037
56028,56042
56028,56043
56028,56049
56029,56037
56029,56042
56029,56043
56029,56049
56037,56042
56037,56043
56037,56049
56037,56051
56037,56062
56042,56043
56042,56049
56042,56051
56042,56062
56042,56063
56043,56049
56043,56051
56043,56062
56043,56063
56043,56068
56049,56051
56049,56062
56049,56063
56049,56068
56049,56070
56051,56062
56051,56063
56051,56068
56051,56070
56051,56073
56062,56063
56062,56070
56062,56073
56062,56074
56062,89735
56063,56068
56063,56070
56063,56073
56063,56074
56063,56083
56068,56070
56068,56073
56068,56074
56068,56083
56068,71522
56070,56073
56070,56074
56070,56083
56070,56085
56070,56089
56073,56074
56073,56083
56073,56085
56073,56089
56073,56091
56073,66978
56074,56083
56074,56085
56074,56089
56074,56091
56074,56102
56074,92004
56074,88641
56083,56085
56083,56089
56083,56091
56083,56102
56085,56089
56085,56091
56085,56102
56085,56111
56089,56091
56089,56102
56089,56105
56089,56111
56089,56123
56091,56102
56091,56111
56091,56124
56091,83603
56102,56105
56102,56111
56102,56123
56102,56124
56102,56125
56102,93734
56105,56111
56105,56123
56105,56124
56105,56125
56105,56127
56111,56123
56111,56124
56111,56125
56111,56131
56123,56124
56123,56125
56123,56127
56123,56131
56123,56135
56123,86248
56124,56125
56124,56127
56124,56131
56124,56138
56124,86537
56125,56127
56125,56131
56125,56138
56125,56147
56125,96369
56127,56131
56127,56135
56127,56138
56127,56148
56131,56135
56131,56138
56131,56148
56131,56157
56135,56138
56135,56147
56135,56148
56135,56157
56135,56160
56138,56148
56138,56157
56138,56160
56138,56165
56138,74323
56147,56148
56147,56157
56147,56160
56147,56165
56147,56170
56148,56157
56148,56160
56148,56165
56148,56170
56148,56176
56157,56160
56157,56165
56157,56170
56157,56176
56157,56180
56160,56165
56160,56170
56160,56176
56160,56180
56160,56183
56160,76544
56165,56170
56165,56176
56165,56180
56165,56183
56165,56192
56165,89877
56170,56180
56170,56183
56170,56192
56170,75681
56170,60434
56176,56180
56176,56183
56176,56192
56176,56199
56176,56204
56180,56183
56180,56192
56180,56199
56180,56204
56180,56206
56183,56192
56183,56199
56183,56204
56183,56206
56183,56212
56192,56199
56192,56204
56192,56206
56192,56212
56192,81607
56192,70814
56199,56204
56199,56206
56199,56212
56199,56214
56199,56217
56204,56206
56204,56212
56204,56214
56204,56217
56204,56219
56206,56212
56206,56217
56206,56220
56206,58823
56206,65639
56212,56214
56212,56219
56212,56220
56212,56234
56212,94494
56214,56217
56214,56219
56214,56220
56214,56234
56214,56236
56214,87984
56217,56219
56217,56220
56217,56234
56217,56236
56217,56238
56219,56220
56219,56234
56219,56236
56219,56238
56219,56242
56219,77241
56220,56234
56220,56236
56220,56238
56220,56242
56220,56245
56234,56236
56234,56238
56234,56242
56234,56245
56234,56249
56236,56238
56236,56242
56236,56245
56236,56249
56236,56256
56238,56242
56238,56245
56238,56249
56238,56256
56238,56257
56242,56245
56242,56249
56242,56256
56242,56257
56242,56258
56245,56256
56245,56257
56245,56258
56245,56264
56249,56256
56249,56264
56249,56271
56249,60961
56256,56257
56256,56264
56256,56271
56256,56283
56256,74888
56256,63438
56257,56258
56257,56264
56257,56271
56257,56283
56257,56286
56258,56264
56258,56271
56258,56283
56258,56286
56258,56287
56264,56271
56264,56283
56264,56286
56264,56287
56264,56297
56271,56283
56271,56286
56271,56287
56271,56297
56271,56300
56283,56286
56283,56287
56283,56297
56283,56300
56286,56287
56286,56297
56286,56300
56286,56303
56286,95095
56287,56297
56287,56300
56287,56301
56287,56303
56287,56313
56297,56300
56297,56301
56297,56313
56297,56314
56300,56301
56300,56303
56300,56313
56300,56314
56300,56332
56301,56303
56301,56313
56301,56314
56301,56332
56301,56336
56303,56313
56303,56314
56303,56332
56303,56336
56303,56337
56313,56332
56313,56336
56313,56337
56313,56339
56313,75550
56314,56332
56314,56336
56314,56337
56314,56339
56314,56341
56332,56336
56332,56337
56332,56339
56332,56341
56332,56342
56336,56337
56336,56341
56336,56342
56336,56343
56336,92820
56337,56339
56337,56341
56337,56342
56337,56343
56337,56347
56339,56341
56339,56342
56339,56343
56339,56356
56339,88092
56339,62021
56341,56342
56341,56343
56341,56347
56341,56356
56341,56358
56342,56347
56342,56356
56342,56358
56342,56359
56342,65972
56343,56347
56343,56356
56343,56359
56343,56361
56343,80055
56347,56356
56347,56358
56347,56359
56347,56361
56347,56366
56347,81550
56356,56358
56356,56359
56356,56361
56356,56366
56356,56367
56358,56359
56358,56361
56358,56366
56358,56367
56358,56369
56359,56361
56359,56367
56359,56370
56361,56366
56361,56369
56361,56370
56361,56371
56361,78787
56366,56367
56366,56369
56366,56370
56366,56371
56366,56373
56367,56369
56367,56370
56367,56371
56367,56373
56369,56371
56369,56373
56369,56375
56369,56376
56369,83985
56370,56371
56370,56373
56370,56375
56370,56376
56370,56380
56371,56373
56371,56375
56371,56376
56371,56380
56371,56385
56373,56375
56373,56376
56373,56380
56373,56385
56373,56388
56373,65604
56373,75977
56375,56376
56375,56380
56375,56385
56375,56388
56375,56395
56375,99013
56376,56380
56376,56385
56376,56388
56376,56395
56376,56396
56380,56385
56380,56388
56380,56395
56380,56396
56380,56399
56385,56388
56385,56395
56385,56396
56385,56399
56385,56415
56388,56395
56388,56396
56388,56399
56388,56415
56388,56418
56395,56399
56395,56415
56395,56418
56395,56423
56396,56399
56396,56418
56396,56423
56396,56425
56396,79790
56399,56415
56399,56418
56399,56423
56399,56425
56399,56426
56415,56418
56415,56423
56415,56425
56415,56426
56415,56427
56418,56423
56418,56425
56418,56426
56418,56427
56418,56428
56423,56425
56423,56426
56423,56428
56423,77527
56425,56426
56425,56427
56425,56444
56425,56449
56426,56427
56426,56428
56426,56444
56426,56453
56427,56428
56427,56444
56427,56449
56427,56453
56427,56460
56427,99239
56428,56449
56428,56453
56428,56460
56428,56463
56428,70956
56444,56449
56444,56453
56444,56460
56444,56463
56444,56469
56449,56453
56449,56460
56449,56463
56449,56469
56449,56473
56453,56460
56453,56463
56453,56469
56453,56473
56453,56476
56460,56463
56460,56469
56460,56473
56460,56476
56460,56484
56460,76279
56463,56476
56463,56484
56463,56486
56463,89791
56463,74968
56469,56473
56469,56476
56469,56494
56469,84093
56473,56484
56473,56494
56473,56498
56473,59856
56476,56484
56476,56486
56476,56494
56476,56498
56476,56504
56476,74776
56484,56486
56484,56494
56484,56498
56484,56504
56484,56505
56486,56494
56486,56498
56486,56504
56486,56505
56486,56510
56494,56498
56494,56504
56494,56505
56494,56510
56494,56511
56494,95336
56498,56504
56498,56510
56498,56511
56498,56515
56498,61548
56504,56505
56504,56510
56504,56511
56504,56515
56504,56516
56504,57095
56505,56510
56505,56511
56505,56515
56505,56516
56505,56521
56505,97744
56510,56511
56510,56516
56510,56525
56510,94681
56511,56515
56511,56516
56511,56521
56511,56525
56511,56528
56515,56516
56515,56521
56515,56525
56515,56528
56515,56529
56516,56521
56516,56525
56516,56528
56516,56529
56516,56531
56521,56525
56521,56528
56521,56529
56521,56531
56525,56528
56525,56529
56525,56531
56525,56536
56525,56543
56528,56529
56528,56531
56528,56536
56528,56543
56528,56546
56528,87730
56529,56536
56529,56543
56529,56546
56529,56549
56529,96850
56531,56536
56531,56543
56531,56555
56531,93196
56536,56543
56536,56546
56536,56558
56543,56546
56543,56549
56543,56555
56543,56558
56543,56561
56546,56549
56546,56555
56546,56558
56546,56561
56546,56564
56549,56555
56549,56558
56549,56561
56549,56564
56549,56567
56555,56561
56555,56564
56555,56567
56555,56569
56555,84755
56555,74249
56558,56561
56558,56564
56558,56571
56558,91837
56561,56564
56561,56567
56561,56569
56561,56571
56561,56578
56564,56567
56564,56569
56564,56571
56564,56583
56564,63744
56567,56569
56567,56583
56567,56586
56567,96439
56567,91484
56569,56571
56569,56578
56569,56583
56569,56586
56569,56590
56571,56578
56571,56583
56571,56586
56571,56590
56571,56593
56578,56583
56578,56590
56578,56593
56578,56595
56583,56586
56583,56593
56583,56595
56583,56599
56586,56590
56586,56593
56586,56595
56586,56599
56586,56604
56590,56593
56590,56595
56590,56599
56590,56604
56590,56610
56593,56595
56593,56599
56593,56604
56593,56610
56593,56619
56595,56599
56595,56604
56595,56610
56595,56619
56595,56621
56599,56604
56599,56610
56599,56619
56599,56621
56599,56622
56604,56619
56604,56621
56604,56623
56604,85691
56604,77657
56610,56619
56610,56621
56610,56623
56619,56621
56619,56622
56619,56623
56619,56628
56619,56632
56619,90210
56621,56622
56621,56623
56621,56628
56621,56632
56621,56633
56622,56623
56622,56628
56622,56632
56622,56633
56622,56636
56623,56628
56623,56632
56623,56633
56623,56636
56623,56638
56623,75592
56628,56633
56628,56636
56628,56638
56628,56641
56632,56633
56632,56638
56632,56641
56632,56646
56632,97948
56633,56636
56633,56638
56633,56641
56633,56646
56633,56654
56636,56638
56636,56641
56636,56646
56636,56654
56636,56657
56638,56641
56638,56646
56638,56657
56638,56660
56641,56646
56641,56654
56641,56657
56641,56663
56641,83544
56646,56654
56646,56657
56646,56660
56646,56663
56646,56665
56654,56657
56654,56660
56654,56663
56654,56665
56654,56671
56657,56660
56657,56663
56657,56665
56657,56671
56657,56673
56660,56663
56660,56665
56660,56671
56660,56673
56660,56674
56663,56665
56663,56671
56663,56673
56663,56674
56663,56675
56665,56671
56665,56673
56665,56674
56665,56675
56671,56673
56671,56674
56671,56675
56671,56676
56671,97873
56673,56674
56673,56675
56673,56676
56673,56683
56673,56684
56674,56675
56674,56676
56674,56683
56674,56684
56674,56688
56675,56676
56675,56683
56675,56684
56675,56688
56675,56690
56676,56683
56676,56684
56676,56688
56676,56690
56676,56691
56683,56684
56683,56688
56683,56690
56683,56691
56683,56693
56683,81429
56684,56688
56684,56690
56684,56691
56684,56693
56684,56698
56688,56690
56688,56691
56688,56693
56688,56698
56688,56713
56690,56691
56690,56693
56690,56698
56690,56713
56690,56714
56691,56698
56691,56713
56691,56714
56691,56718
56691,57238
56691,76691
56693,56698
56693,56713
56693,56714
56693,56718
56698,56714
56698,56718
56698,56719
56698,56724
56713,56714
56713,56718
56713,56719
56713,56724
56713,56725
56713,75067
56714,56718
56714,56719
56714,56724
56714,56730
56718,56719
56718,56724
56718,56730
56718,56731
56718,63873
56719,56724
56719,56725
56719,56730
56719,56731
56719,56734
56719,82414
56724,56725
56724,56730
56724,56731
56724,56734
56724,56739
56725,56730
56725,56731
56725,56734
56725,56739
56725,56740
56730,56734
56730,56740
56730,56743
56730,91907
56731,56739
56731,56743
56731,56745
56731,71321
56731,85352
56731,82143
56734,56739
56734,56740
56734,56743
56734,56745
56734,56748
56739,56743
56739,56745
56739,56748
56739,56751
56739,68305
56740,56743
56740,56745
56740,56748
56740,56751
56740,56763
56740,77001
56743,56745
56743,56748
56743,56751
56743,56763
56743,56764
56745,56748
56745,56751
56745,56763
56745,56764
56745,56766
56748,56751
56748,56763
56748,56764
56748,56766
56748,56785
56751,56764
56751,56766
56751,97835
56751,92805
56763,56764
56763,56766
56763,56785
56763,56786
56763,56789
56764,56766
56764,56785
56764,56786
56764,56789
56764,56799
56766,56785
56766,56786
56766,56789
56766,56799
56766,88517
56785,56786
56785,56789
56785,56799
56785,66521
56786,56789
56786,56799
56786,56805
56786,56814
56786,56815
56789,56805
56789,56814
56789,56815
56789,56828
56799,56805
56799,56814
56799,56815
56799,56828
56799,56829
56805,56814
56805,56815
56805,56828
56805,56829
56805,56835
56814,56815
56814,56828
56814,56829
56814,56835
56814,56838
56815,56828
56815,56829
56815,56835
56815,56838
56815,56839
56828,56829
56828,56835
56828,56838
56828,56839
56828,56840
56829,56835
56829,56838
56829,56839
56829,56841
56829,71208
56835,56838
56835,56839
56835,56840
56835,56841
56835,56855
56838,56839
56838,56840
56838,56841
56838,56855
56838,56858
56839,56840
56839,56841
56839,56855
56839,56858
56839,56861
56840,56855
56840,56858
56840,56861
56840,56864
56841,56855
56841,56858
56841,56865
56841,89464
56855,56858
56855,56861
56855,56864
56855,56865
56855,56872
56855,59099
56858,56861
56858,56864
56858,56865
56858,56872
56858,56874
56858,77511
56861,56864
56861,56865
56861,56872
56864,56865
56864,56872
56864,56874
56864,56878
56864,56900
56865,56872
56865,56874
56865,56878
56865,56900
56865,56907
56872,56874
56872,56878
56872,56900
56872,56907
56872,56909
56874,56878
56874,56900
56874,56907
56874,56909
56874,56912
56878,56900
56878,56907
56878,56909
56878,56912
56878,56920
56900,56907
56900,56909
56900,56912
56900,56920
56900,56921
56900,66662
56900,85998
56907,56909
56907,56912
56907,56920
56907,56921
56909,56912
56909,56921
56909,56937
56909,56943
56909,97954
56912,56921
56912,56937
56912,56943
56912,66716
56920,56921
56920,56937
56920,56943
56920,56945
56920,56947
56921,56937
56921,56945
56921,56947
56921,56951
56921,67353
56937,56943
56937,56945
56937,56947
56937,56951
56937,56953
56943,56945
56943,56947
56943,56951
56943,56953
56945,56947
56945,56951
56945,56953
56945,56954
56945,56959
56947,56951
56947,56953
56947,56954
56947,56959
56947,56960
56947,80049
56951,56953
56951,56954
56951,56959
56951,56960
56951,56966
56953,56954
56953,56959
56953,56960
56953,56966
56953,56972
56953,97263
56954,56959
56954,56960
56954,56966
56954,56972
56954,56973
56959,56960
56959,56966
56959,56972
56959,56973
56959,56977
56960,56966
56960,56972
56960,56973
56960,56977
56960,56989
56966,56972
56966,56973
56966,56977
56966,56989
56966,56993
56972,56973
56972,56977
56972,56989
56972,56993
56972,56996
56973,56977
56973,56989
56973,56993
56973,56996
56973,56997
56977,56989
56977,56993
56977,56996
56977,56997
56977,56998
56989,56993
56989,56996
56989,56997
56989,56998
56989,57000
56993,56996
56993,56997
56993,56998
56993,57002
56993,71925
56996,56997
56996,56998
56996,57000
56996,57002
56997,56998
56997,57000
56997,57002
56997,57013
56997,57015
56998,57002
56998,57013
56998,57015
56998,89363
57000,57002
57000,57013
57000,57015
57000,57016
57000,57018
57002,57013
57002,57015
57002,57016
57002,57018
57002,57021
57013,57015
57013,57016
57013,57018
57013,57021
57013,57024
57015,57016
57015,57018
57015,57021
57015,57024
57015,57029
57016,57018
57016,57021
57016,57024
57016,57029
57016,57038
57018,57021
57018,57024
57018,57029
57018,57038
57018,57039
57021,57024
57021,57029
57021,57038
57021,57058
57021,66002
57024,57029
57024,57038
57024,57039
57024,57058
57024,57072
57029,57039
57029,57058
57029,57072
57029,57078
57038,57039
57038,57058
57038,57072
57038,57078
57038,57083
57039,57058
57039,57072
57039,57078
57039,57083
57058,57072
57058,57078
57058,57083
57058,57086
57058,57091
57072,57078
57072,57083
57072,57091
57072,57094
57078,57083
57078,57086
57078,57091
57078,57094
57078,57095
57083,57091
57083,57094
57083,57095
57083,57098
57086,57091
57086,57094
57086,57095
57086,57098
57086,57099
57091,57094
57091,57099
57091,57102
57091,83091
57094,57095
57094,57098
57094,57099
57094,57102
57094,57105
57094,75493
57095,57099
57095,57102
57095,57105
57095,57106
57098,57099
57098,57102
57098,57105
57098,57106
57098,57107
57099,57102
57099,57106
57099,57107
57099,57110
57099,85132
57102,57105
57102,57106
57102,57107
57102,57110
57102,57112
57105,57106
57105,57110
57105,57112
57105,57113
57105,62212
57106,57107
57106,57110
57106,57112
57106,57113
57106,57115
57107,57110
57107,57112
57107,57115
57107,57121
57110,57112
57110,57113
57110,57115
57110,57121
57110,57126
57112,57113
57112,57115
57112,57121
57112,57126
57112,57127
57113,57115
57113,57121
57113,57126
57113,57127
57113,57130
57115,57121
57115,57126
57115,57127
57115,57130
57115,57135
57121,57126
57121,57127
57121,57130
57121,57136
57126,57127
57126,57130
57126,57135
57126,57136
57126,57140
57127,57130
57127,57135
57127,57136
57127,57140
57127,57144
57130,57135
57130,57136
57130,57140
57130,57144
57130,57150
57135,57136
57135,57140
57135,57144
57135,57150
57135,57153
57136,57140
57136,57144
57136,57150
57136,57153
57136,57162
57140,57150
57140,57153
57140,57162
57140,57164
57140,80362
57144,57153
57144,57162
57144,57164
57144,57179
57144,89176
57150,57153
57150,57162
57150,57164
57150,57179
57150,57190
57153,57162
57153,57164
57153,57179
57153,57190
57153,57193
57162,57164
57162,57179
57162,57190
57162,57193
57162,57194
57164,57179
57164,57193
57164,57194
57164,57203
57179,57190
57179,57193
57179,57194
57179,57203
57179,57205
57190,57194
57190,57203
57190,57205
57190,57207
57193,57194
57193,57203
57193,57207
57193,57209
57194,57203
57194,57205
57194,57207
57194,57209
57194,57216
57203,57205
57203,57207
57203,57209
57203,57216
57203,57220
57205,57207
57205,57209
57205,57220
57205,57221
57205,64344
57207,57209
57207,57216
57207,57220
57207,57221
57207,57222
57209,57216
57209,57220
57209,57221
57209,57222
57209,57223
57216,57220
57216,57221
57216,57222
57216,57223
57216,57225
57220,57222
57220,57223
57220,57225
57220,57227
57221,57222
57221,57223
57221,57225
57221,57227
57221,57229
57222,57223
57222,57225
57222,57227
57222,57229
57222,57231
57223,57229
57223,57231
57223,71166
57223,91912
57223,86941
57225,57227
57225,57229
57225,57231
57225,57232
57225,57238
57227,57229
57227,57231
57227,57232
57227,57238
57229,57231
57229,57232
57229,57238
57229,57252
57229,57254
57231,57232
57231,57238
57231,57252
57231,57254
57231,57259
57231,79482
57232,57238
57232,57252
57232,57254
57232,57259
57232,57264
57238,57259
57238,57264
57238,57268
57238,74735
57238,62799
57252,57254
57252,57259
57252,57264
57252,57268
57252,57272
57252,64032
57254,57259
57254,57264
57254,57272
57254,57273
57254,73629
57259,57264
57259,57272
57259,57279
57259,98791
57264,57273
57264,57279
57264,57281
57264,69484
57264,87704
57268,57272
57268,57273
57268,57279
57268,57281
57268,57285
57272,57273
57272,57279
57272,57281
57272,57285
57272,57286
57273,57279
57273,57281
57273,57285
57273,57286
57273,57294
57279,57281
57279,57285
57279,57294
57279,57301
57281,57285
57281,57286
57281,57294
57281,57301
57281,57316
57285,57286
57285,57294
57285,57301
57285,57316
57285,57321
57286,57294
57286,57301
57286,57316
57286,57321
57286,57325
57294,57301
57294,57316
57294,57321
57294,57328
57301,57316
57301,57321
57301,57325
57301,57328
57301,57331
57316,57321
57316,57325
57316,57328
57316,57331
57316,57333
57321,57325
57321,57328
57321,57331
57321,57333
57321,57334
57325,57328
57325,57331
57325,57333
57325,57334
57325,57338
57328,57331
57328,57333
57328,57334
57328,57338
57328,57339
57328,63164
57331,57333
57331,57338
57331,57339
57331,57340
57333,57334
57333,57339
57333,57340
57333,82241
57334,57339
57334,57340
57334,57347
57334,57351
57338,57339
57338,57340
57338,57347
57338,57351
57338,57357
57339,57340
57339,57347
57339,57351
57339,57357
57339,57359
57340,57347
57340,57351
57340,57357
57340,57359
57340,57371
57347,57351
57347,57357
57347,57359
57347,57371
57351,57357
57351,57359
57351,57371
57351,57376
57351,79591
57357,57359
57357,57371
57357,57376
57357,57380
57357,57384
57359,57371
57359,57376
57359,57380
57359,57384
57359,57385
57371,57376
57371,57380
57371,57384
57371,57385
57371,57388
57376,57380
57376,57385
57376,57388
57376,57389
57376,69092
57376,59461
57380,57384
57380,57385
57380,57388
57380,57389
57380,57391
57384,57385
57384,57388
57384,57389
57384,57391
57384,57403
57385,57389
57385,57391
57385,57403
57385,57406
57385,70192
57388,57403
57388,57406
57388,57409
57389,57391
57389,57403
57389,57406
57389,57409
57389,57410
57391,57406
57391,57410
57391,57411
57403,57406
57403,57409
57403,57410
57403,57411
57403,57439
57406,57409
57406,57410
57406,57411
57406,57439
57406,57465
57409,57410
57409,57411
57409,57439
57409,57465
57409,57466
57410,57439
57410,57465
57410,57466
57410,57469
57411,57439
57411,57465
57411,57466
57411,57469
57411,57471
57439,57466
57439,57469
57439,57471
57439,57478
57465,57466
57465,57469
57465,57471
57465,57478
57465,57486
57466,57469
57466,57471
57466,57478
57466,57486
57466,57492
57469,57471
57469,57478
57469,57486
57469,57492
57469,57493
57471,57478
57471,57492
57471,57493
57471,57498
57471,84824
57478,57486
57478,57492
57478,57493
57478,57498
57478,57501
57486,57492
57486,57498
57486,57501
57486,57510
57492,57493
57492,57498
57492,57501
57492,57510
57492,57519
57493,57498
57493,57501
57493,57510
57493,57519
57493,57523
57493,84389
57498,57501
57498,57510
57498,57519
57498,57523
57498,57531
57501,57510
57501,57519
57501,57523
57501,57531
57501,57543
57510,57519
57510,57523
57510,57531
57510,57543
57510,57549
57519,57523
57519,57531
57519,57543
57519,57549
57519,57556
57523,57531
57523,57543
57523,75532
57523,58862
57531,57543
57531,57549
57531,57556
57531,57557
57531,57558
57543,57549
57543,57556
57543,57557
57543,57558
57549,57556
57549,57557
57549,57558
57549,57563
57549,57564
57556,57557
57556,57558
57556,57563
57556,57564
57556,57570
57557,57558
57557,57563
57557,57564
57557,57570
57557,57572
57557,82090
57558,57563
57558,57564
57558,57570
57558,57572
57558,57575
57563,57564
57563,57570
57563,57572
57563,57575
57563,57577
57564,57570
57564,57572
57564,57575
57564,57577
57570,57572
57570,57577
57570,57580
57570,57584
57570,73366
57572,57575
57572,57577
57572,57580
57572,57584
57572,57592
57575,57577
57575,57580
57575,57584
57575,57592
57575,57598
57577,57580
57577,57584
57577,57592
57577,57598
57577,57601
57580,57584
57580,57598
57580,57601
57580,57602
57584,57592
57584,57601
57584,57602
57584,57605
57584,90493
57592,57598
57592,57601
57592,57602
57592,57605
57592,57606
57598,57601
57598,57602
57598,57605
57598,57606
57598,57609
57601,57602
57601,57605
57601,57606
57601,57609
57601,57615
57602,57605
57602,57606
57602,57609
57602,57615
57602,57620
57602,87544
57605,57606
57605,57609
57605,57615
57605,57620
57605,57622
57606,57609
57606,57615
57606,57620
57606,57622
57606,57635
57609,57615
57609,57620
57609,57622
57609,57640
57609,85736
57615,57622
57615,57635
57615,57640
57615,57647
57615,81977
57620,57622
57620,57635
57620,57640
57620,57647
57620,57648
57622,57635
57622,57640
57622,57647
57622,57651
57635,57640
57635,57647
57635,57648
57635,57651
57635,57652
57640,57647
57640,57648
57640,57651
57640,57652
57640,57653
57647,57651
57647,57652
57647,57653
57647,57656
57647,67175
57648,57651
57648,57652
57648,57653
57648,57656
57648,57658
57651,57652
57651,57653
57651,57656
57651,57658
57651,57667
57652,57653
57652,57656
57652,57658
57652,57667
57652,57681
57652,88153
57653,57656
57653,57658
57653,57667
57653,57681
57653,57688
57656,57658
57656,57667
57656,57681
57656,57688
57656,57689
57656,73152
57658,57667
57658,57681
57658,57688
57658,57689
57658,57693
57667,57681
57667,57688
57667,57689
57667,57693
57667,84464
57681,57689
57681,57693
57681,57706
57681,57719
57681,90454
57688,57689
57688,57693
57688,57706
57688,57719
57688,57723
57689,57693
57689,57706
57689,57723
57693,57706
57693,57719
57693,57723
57693,57727
57693,57729
57693,58753
57706,57719
57706,57723
57706,57727
57706,57732
57706,96381
57706,66253
57706,68891
57719,57729
57719,57732
57719,57735
57719,88595
57719,90291
57723,57727
57723,57729
57723,57732
57723,57735
57723,69352
57723,67661
57727,57729
57727,57732
57727,57735
57727,57742
57727,91817
57729,57732
57729,57742
57729,57743
57729,57749
57729,80979
57732,57735
57732,57742
57732,57743
57732,57749
57732,89426
57735,57742
57735,57743
57735,57749
57735,57753
57735,57756
57742,57749
57742,57756
57742,57760
57742,66849
57743,57749
57743,57753
57743,57756
57743,57760
57743,57761
57743,98730
57749,57753
57749,57756
57749,57760
57749,57761
57749,57766
57753,57756
57753,57760
57753,57761
57753,57766
57753,57768
57756,57760
57756,57761
57756,57766
57756,57768
57756,57769
57760,57766
57760,57768
57760,57769
57760,57772
57760,82917
57761,57766
57761,57772
57761,57773
57761,75307
57761,74772
57766,57768
57766,57769
57766,57772
57766,57776
57768,57769
57768,57773
57768,57776
57769,57772
57769,57773
57769,57789
57772,57776
57772,57782
57772,57789
57772,57790
57773,57776
57773,57782
57773,57789
57773,57790
57773,57792
57776,57782
57776,57789
57776,57790
57776,57801
57776,99015
57782,57789
57782,57790
57782,57801
57782,57812
57789,57790
57789,57792
57789,57801
57789,57812
57789,57819
57790,57792
57790,57801
57790,57812
57790,57819
57790,73955
57792,57801
57792,57819
57792,57820
57792,57821
57792,93399
57801,57812
57801,57819
57801,57820
57801,57821
57801,57823
57812,57819
57812,57820
57812,57821
57812,57823
57812,57833
57819,57820
57819,57821
57819,57823
57819,57833
57819,57836
57820,57821
57820,57823
57820,57833
57820,57836
57820,57863
57821,57823
57821,57833
57821,57836
57821,57863
57821,57872
57823,57833
57823,57836
57823,57863
57823,57872
57823,57874
57823,61577
57833,57863
57833,57872
57833,57876
57836,57863
57836,57874
57836,57876
57836,66837
57863,57872
57863,57876
57863,57879
57863,57888
57863,92855
57872,57874
57872,57876
57872,57879
57872,57888
57872,57893
57874,57876
57874,57879
57874,57888
57874,57893
57874,57896
57876,57879
57876,57888
57876,57893
57876,57896
57876,57897
57879,57893
57879,57896
57879,57897
57879,57898
57888,57893
57888,57896
57888,57897
57888,83637
57888,81859
57893,57896
57893,57897
57893,57898
57893,57899
57896,57897
57896,57898
57896,57899
57896,57900
57896,57903
57897,57899
57897,57903
57897,83232
57897,83760
57898,57899
57898,57900
57898,57903
57898,57905
57898,57907
57899,57900
57899,57903
57899,57905
57899,57907
57899,57912
57900,57903
57900,57905
57900,57912
57900,57915
57903,57905
57903,57907
57903,57912
57903,57915
57903,57918
57905,57907
57905,57912
57905,57915
57905,57918
57905,57922
57907,57912
57907,57915
57907,57918
57907,57922
57907,57947
57907,59554
57912,57915
57912,57918
57912,57922
57912,57947
57912,57956
57915,57918
57915,57922
57915,57947
57915,57974
57915,77567
57918,57922
57918,57956
57918,57974
57918,82832
57922,57947
57922,57956
57922,57974
57922,57978
57922,57986
57947,57956
57947,57978
57947,57986
57947,57987
57956,57974
57956,57986
57956,57987
57956,57994
57956,81746
57974,57978
57974,57987
57974,57994
57974,57999
57978,57986
57978,57987
57978,57994
57978,57999
57978,58001
57978,99033
57986,57987
57986,57994
57986,57999
57986,58001
57986,58007
57987,57994
57987,57999
57987,58001
57987,58007
57987,58010
57994,57999
57994,58001
57994,58007
57994,58010
57994,58012
57999,58001
57999,58010
57999,58012
57999,58016
58001,58007
58001,58010
58001,58012
58001,58017
58001,86987
58007,58010
58007,58012
58007,58016
58007,58017
58007,58019
58010,58012
58010,58016
58010,58017
58010,58019
58010,58025
58012,58016
58012,58017
58012,58019
58012,58025
58012,58026
58016,58017
58016,58025
58016,58030
58016,80188
58017,58019
58017,58025
58017,58026
58017,58031
58017,91678
58019,58025
58019,58026
58019,58030
58019,58031
58019,58034
58025,58026
58025,58030
58025,58031
58025,58034
58025,58039
58026,58030
58026,58031
58026,58034
58026,58039
58030,58034
58030,58039
58030,58041
58030,58043
58031,58034
58031,58039
58031,58041
58031,58043
58031,58049
58031,67823
58034,58039
58034,58041
58034,58043
58034,58049
58034,58050
58039,58041
58039,58049
58039,58050
58039,58053
58039,77339
58041,58043
58041,58049
58041,58053
58041,58057
58041,71249
58043,58050
58043,58053
58043,58057
58043,58060
58043,80208
58043,58959
58049,58053
58049,58057
58049,58060
58049,58064
58050,58053
58050,58057
58050,58060
58050,58064
58050,58077
58053,58057
58053,58060
58053,58064
58053,58077
58053,58078
58057,58060
58057,58064
58057,58077
58057,58078
58057,58083
58060,58064
58060,58077
58060,58078
58060,58083
58060,58085
58064,58078
58064,58083
58064,58085
58064,58087
58064,78921
58077,58085
58077,58087
58077,87969
58078,58085
58078,58101
58078,58106
58083,58085
58083,58087
58083,58101
58083,58106
58083,58108
58085,58101
58085,58106
58085,58108
58085,58112
58085,70030
58085,75709
58087,58101
58087,58108
58087,58112
58087,58114
58087,58387
58101,58106
58101,58108
58101,58112
58101,58114
58101,58115
58106,58108
58106,58112
58106,58114
58106,58115
58106,58121
58106,68415
58108,58114
58108,58115
58108,58121
58108,58122
58108,97781
58108,62530
58112,58114
58112,58115
58112,58121
58112,58125
58112,77271
58114,58115
58114,58121
58114,58125
58114,58126
58114,80107
58115,58121
58115,58122
58115,58125
58115,58126
58115,58132
58115,92550
58115,64933
58115,73648
58121,58122
58121,58125
58121,58126
58121,58132
58121,76139
58121,76926
58122,58125
58122,58126
58122,58132
58122,58140
58122,58151
58125,58126
58125,58132
58125,58140
58125,58151
58125,58164
58125,64501
58126,58132
58126,58140
58126,58151
58126,58164
58126,58172
58132,58151
58132,58164
58132,58172
58132,58173
58140,58151
58140,58173
58140,58175
58140,78423
58151,58164
58151,58172
58151,58175
58151,58179
58151,91540
58151,66734
58164,58172
58164,58173
58164,58175
58164,58182
58164,62607
58172,58173
58172,58175
58172,58179
58172,58182
58172,58183
58173,58175
58173,58179
58173,58182
58173,58183
58173,58188
58175,58179
58175,58182
58175,58183
58175,58188
58175,58191
58179,58182
58179,58183
58179,58191
58179,58217
58182,58183
58182,58188
58182,58191
58182,58217
58182,58218
58183,58188
58183,58191
58183,58217
58183,58218
58183,58224
58188,58191
58188,58217
58188,58218
58188,58224
58188,58226
58191,58217
58191,58218
58191,58224
58191,58226
58217,58218
58217,58224
58217,58226
58217,58227
58217,58231
58217,76057
58218,58227
58218,58231
58218,58234
58224,58226
58224,58227
58224,58231
58224,58234
58224,58235
58226,58227
58226,58231
58226,58234
58226,58235
58226,58237
58227,58231
58227,58234
58227,58237
58227,58238
58227,80860
58231,58234
58231,58237
58231,58238
58231,58241
58231,61145
58234,58235
58234,58237
58234,58238
58234,58241
58234,58242
58235,58237
58235,58238
58235,58241
58235,58242
58235,58243
58237,58238
58237,58241
58237,58242
58237,58243
58237,58245
58238,58242
58238,58243
58238,58245
58238,58257
58238,62288
58241,58242
58241,58243
58241,58245
58241,58257
58241,58260
58242,58243
58242,58245
58242,58257
58242,58261
58243,58245
58243,58257
58243,58260
58243,58261
58243,58266
58243,91956
58245,58257
58245,58260
58245,58261
58245,58266
58245,58268
58257,58260
58257,58261
58257,58266
58257,58268
58257,58270
58260,58261
58260,58266
58260,58268
58260,58270
58260,58273
58261,58266
58261,58268
58261,58270
58261,58273
58261,58274
58266,58270
58266,58273
58266,58274
58266,58278
58266,89879
58268,58270
58268,58273
58268,58274
58268,58278
58268,58283
58268,69912
58270,58273
58270,58274
58270,58278
58270,58283
58270,58284
58270,88786
58273,58274
58273,58278
58273,58283
58273,58284
58273,58286
58274,58278
58274,58283
58274,58284
58274,58286
58274,58289
58278,58284
58278,58286
58278,58289
58278,58291
58283,58284
58283,58286
58283,58289
58283,58291
58283,58292
58284,58286
58284,58289
58284,58291
58284,58292
58284,58293
58286,58289
58286,58291
58286,58292
58286,58293
58286,58294
58289,58291
58289,58292
58289,58293
58289,58294
58289,58297
58291,58293
58291,58294
58291,58297
58291,58306
58291,69036
58291,59691
58292,58293
58292,58294
58292,58297
58292,58306
58293,58294
58293,58297
58293,58306
58293,58307
58293,58312
58294,58297
58294,58306
58294,58307
58294,58312
58297,58306
58297,58312
58297,58324
58306,58307
58306,58312
58306,58315
58306,58329
58306,96716
58307,58312
58307,58315
58307,58324
58307,58329
58307,58339
58312,58315
58312,58324
58312,58339
58312,58341
58315,58329
58315,58339
58315,58348
58324,58329
58324,58339
58324,58341
58324,58351
58324,80587
58329,58339
58329,58341
58329,58348
58329,58351
58329,58353
58339,58341
58339,58348
58339,58351
58339,58353
58339,58357
58341,58348
58341,58351
58341,58353
58341,58357
58341,58361
58348,58351
58348,58353
58348,58357
58348,58361
58348,58363
58351,58353
58351,58357
58351,58361
58351,58363
58351,58367
58351,77815
58353,58357
58353,58361
58353,58363
58353,58369
58353,98406
58357,58361
58357,58363
58357,58369
58357,58371
58357,93964
58361,58363
58361,58367
58361,58369
58361,58371
58361,58377
58361,79630
58363,58367
58363,58369
58363,58371
58363,58377
58363,58384
58367,58371
58367,58377
58367,58384
58367,58387
58367,73303
58369,58371
58369,58377
58369,58387
58369,58400
58371,58377
58371,58384
58371,58400
58371,58408
58377,58384
58377,58387
58377,58400
58377,58408
58377,58409
58377,91174
58384,58387
58384,58400
58384,58408
58384,58409
58384,58412
58387,58400
58387,58408
58387,58409
58387,58412
58387,58423
58387,85549
58400,58408
58400,58409
58400,58412
58400,58423
58400,58433
58408,58409
58408,58412
58408,58423
58408,58433
58408,58436
58409,58423
58409,58433
58409,58436
58409,58444
58409,62658
58412,58423
58412,58433
58412,58444
58412,58447
58412,74163
58412,94145
58423,58433
58423,58436
58423,58444
58423,58447
58423,58450
58433,58436
58433,58444
58433,58447
58433,58457
58436,58444
58436,58450
58436,58457
58436,58460
58444,58447
58444,58450
58444,58457
58444,58460
58444,58463
58447,58450
58447,58457
58447,58460
58447,58465
58450,58457
58450,58460
58450,58463
58450,58465
58450,58466
58450,75162
58457,58460
58457,58463
58457,58466
58457,58469
58460,58463
58460,58465
58460,58466
58460,58469
58460,58473
58463,58465
58463,58466
58463,58469
58463,58473
58463,58477
58465,58466
58465,58469
58465,58473
58465,58477
58465,58484
58466,58469
58466,58473
58466,58477
58466,58484
58466,58486
58469,58473
58469,58477
58469,58484
58469,58489
58473,58489
58473,58492
58473,64736
58473,71130
58477,58484
58477,58486
58477,58489
58477,58492
58477,58499
58484,58486
58484,58489
58484,58492
58484,58499
58484,58507
58484,66637
58486,58489
58486,58492
58486,58507
58486,58511
58486,81668
58489,58492
58489,58499
58489,58507
58489,58511
58489,58513
58489,67866
58492,58499
58492,58507
58492,58511
58492,58513
58492,58517
58499,58507
58499,58511
58499,58513
58499,58517
58499,58521
58499,68616
58507,58511
58507,58513
58507,58521
58507,58523
58507,61032
58511,58513
58511,58517
58511,58521
58511,58523
58511,58532
58513,58517
58513,58521
58513,58523
58513,58532
58513,58535
58517,58521
58517,58523
58517,58532
58517,58535
58517,58539
58517,60344
58521,58523
58521,58535
58521,58539
58521,58541
58523,58532
58523,58535
58523,58539
58523,58541
58523,58552
58532,58535
58532,58539
58532,58541
58532,58552
58532,58556
58535,58541
58535,58552
58535,58556
58535,58557
58539,58541
58539,58552
58539,58556
58539,58557
58539,58561
58539,83054
58541,58556
58541,58557
58541,58561
58541,58564
58552,58556
58552,58557
58552,58564
58552,58565
58552,91661
58556,58557
58556,58561
58556,58564
58556,58565
58556,58574
58556,91112
58557,58564
58557,58574
58557,58581
58561,58564
58561,58565
58561,58574
58561,58581
58561,59161
58564,58565
58564,58574
58564,58581
58564,58587
58564,58588
58565,58574
58565,58581
58565,58588
58565,58591
58574,58581
58574,58587
58574,58588
58574,58591
58574,58592
58581,58588
58581,58591
58581,58592
58581,58593
58581,95882
58587,58588
58587,58592
58587,58593
58587,58602
58587,65149
58588,58591
58588,58593
58588,58602
58588,79736
58591,58592
58591,58593
58591,58602
58591,58608
58591,58610
58592,58593
58592,58602
58592,58608
58592,58610
58592,58612
58593,58602
58593,58608
58593,58610
58593,58614
58602,58608
58602,58610
58602,58612
58602,58616
58602,90888
58602,76033
58608,58612
58608,58614
58608,58616
58608,58618
58610,58612
58610,58614
58610,58616
58610,58618
58610,58623
58612,58614
58612,58616
58612,58618
58612,58623
58612,58633
58614,58618
58614,58623
58614,58633
58614,58645
58614,59152
58616,58618
58616,58623
58616,58633
58616,58645
58616,58647
58618,58623
58618,58633
58618,58645
58618,58647
58623,58645
58623,58648
58623,58651
58623,64665
58633,58645
58633,58647
58633,58648
58633,58651
58633,58656
58645,58647
58645,58648
58645,58651
58645,58656
58645,58657
58647,58648
58647,58651
58647,58656
58647,58657
58647,58664
58648,58651
58648,58656
58648,58657
58648,58664
58648,58665
58651,58656
58651,58657
58651,58665
58651,58673
58651,72444
58656,58657
58656,58664
58656,58665
58656,58673
58656,58674
58657,58664
58657,58665
58657,58674
58657,58678
58657,68990
58664,58665
58664,58673
58664,58674
58664,58678
58664,58684
58665,58673
58665,58674
58665,58678
58665,58684
58665,58685
58665,72178
58673,58674
58673,58678
58673,58685
58673,58695
58674,58678
58674,58684
58674,58685
58674,58695
58674,58699
58678,58684
58678,58685
58678,58695
58678,58702
58678,72581
58684,58685
58684,58699
58684,58702
58684,58707
58684,95444
58685,58695
58685,58699
58685,58702
58685,58707
58685,58710
58695,58702
58695,58710
58695,76921
58699,58702
58699,58707
58699,58710
58699,58711
58699,58714
58699,76015
58702,58707
58702,58710
58702,58711
58702,58714
58702,58715
58707,58710
58707,58711
58707,58714
58707,58715
58707,58716
58710,58711
58710,58714
58710,58715
58710,58716
58710,58718
58711,58714
58711,58716
58711,58718
58711,58720
58714,58715
58714,58718
58714,58720
58714,58727
58715,58716
58715,58718
58715,58720
58715,58727
58715,58731
58716,58718
58716,58720
58716,58727
58716,58736
58716,72229
58718,58720
58718,58727
58718,58731
58718,58736
58718,58738
58720,58727
58720,58731
58720,58736
58720,58738
58720,58742
58727,58731
58727,58736
58727,58738
58727,58742
58727,58753
58731,58736
58731,58738
58731,58742
58731,58753
58731,58754
58736,58738
58736,58742
58736,58754
58736,58756
58738,58753
58738,58754
58738,58756
58738,58758
58742,58753
58742,58754
58742,58756
58742,58758
58742,58769
58753,58754
58753,58756
58753,58758
58753,58769
58754,58758
58754,58769
58754,58772
58754,58774
58754,77887
58756,58758
58756,58772
58756,58774
58756,58775
58756,69955
58758,58769
58758,58772
58758,58774
58758,58775
58758,58776
58758,75271
58769,58772
58769,58774
58769,58775
58769,58776
58769,58787
58772,58774
58772,58775
58772,58776
58772,58787
58772,58793
58774,58775
58774,58776
58774,58787
58774,58793
58774,58795
58775,58776
58775,58787
58775,58793
58775,58795
58775,58798
58776,58793
58776,58795
58776,58798
58776,70921
58787,58793
58787,58795
58787,58798
58787,58807
58787,58808
58793,58795
58793,58798
58793,58807
58793,58808
58793,58814
58795,58798
58795,58807
58795,58808
58795,58814
58795,58818
58798,58807
58798,58808
58798,58818
58798,58820
58798,72564
58807,58808
58807,58814
58807,58818
58807,58820
58807,58823
58808,58814
58808,58818
58808,58820
58808,58823
58808,58827
58814,58820
58814,58823
58814,58827
58814,58839
58814,61656
58814,82799
58818,58820
58818,58823
58818,58827
58818,58839
58818,58843
58820,58823
58820,58827
58820,58839
58820,58843
58820,58848
58823,58827
58823,58839
58823,58843
58823,58848
58823,58849
58827,58839
58827,58843
58827,58848
58827,58852
58827,91905
58839,58843
58839,58848
58839,58849
58839,58852
58839,58854
58843,58848
58843,58849
58843,58852
58843,58854
58843,58857
58848,58854
58848,58858
58849,58852
58849,58854
58849,58857
58849,58858
58849,58862
58852,58854
58852,58857
58852,58858
58852,58862
58852,58868
58852,88840
58854,58857
58854,58858
58854,58862
58854,58868
58854,58869
58857,58858
58857,58862
58857,58868
58857,58869
58857,58874
58857,93733
58858,58868
58858,58869
58858,58874
58858,58889
58862,58868
58862,58869
58862,58874
58862,58889
58862,58895
58862,93051
58868,58869
58868,58874
58868,58895
58868,58899
58868,74783
58869,58874
58869,58889
58869,58895
58869,58901
58874,58889
58874,58895
58874,58899
58874,58901
58874,58902
58889,58895
58889,58899
58889,58901
58889,58902
58889,58906
58895,58899
58895,58902
58895,58906
58895,85980
58899,58901
58899,58902
58899,58906
58899,58907
58899,58911
58901,58902
58901,58906
58901,58907
58901,58911
58901,58913
58901,81224
58902,58906
58902,58907
58902,58911
58902,58913
58902,58916
58902,70839
58906,58911
58906,58913
58906,58916
58906,58919
58907,58911
58907,58913
58907,58916
58907,58919
58907,58920
58911,58913
58911,58919
58911,61280
58913,58916
58913,58919
58913,58920
58913,58924
58916,58920
58916,58924
58916,58936
58916,81718
58919,58920
58919,58923
58919,58924
58919,58936
58919,58944
58920,58923
58920,58924
58920,58936
58920,58944
58920,58948
58923,58924
58923,58936
58923,58944
58923,58948
58923,58950
58924,58944
58924,58948
58924,58950
58924,58954
58924,71612
58936,58948
58936,58950
58936,58954
58936,58955
58936,81565
58944,58948
58944,58950
58944,58954
58944,58955
58944,58959
58948,58950
58948,58954
58948,58955
58948,58959
58948,58962
58950,58954
58950,58955
58950,58959
58950,58966
58954,58955
58954,58959
58954,58962
58954,58966
58954,58980
58955,58959
58955,58962
58955,58966
58955,58980
58955,58988
58959,58962
58959,58980
58959,58998
58959,65883
58962,58966
58962,58980
58962,58988
58962,58998
58962,59001
58966,58980
58966,58988
58966,58998
58966,59001
58966,59002
58980,58988
58980,58998
58980,59001
58980,59002
58980,59008
58988,58998
58988,59001
58988,59008
58988,59010
58988,87019
58988,77966
58998,59001
58998,59002
58998,59008
58998,59010
58998,59019
59001,59002
59001,59008
59001,59010
59001,59019
59001,59020
59002,59008
59002,59010
59002,59019
59002,59020
59002,59028
59008,59010
59008,59019
59008,59020
59008,59028
59008,59029
59010,59019
59010,59020
59010,59028
59010,59029
59010,59030
59019,59020
59019,59028
59019,59030
59019,59035
59019,97472
59020,59028
59020,59029
59020,59030
59020,59035
59020,59043
59028,59029
59028,59030
59028,59035
59028,59043
59028,59048
59029,59030
59029,59035
59029,59043
59029,59048
59029,59064
59030,59035
59030,59043
59030,59048
59030,59064
59030,59072
59030,89205
59035,59043
59035,59048
59035,59064
59035,59072
59035,59088
59043,59048
59043,59064
59043,59072
59043,59088
59043,59093
59048,59072
59048,59093
59048,59095
59048,87150
59048,91493
59064,59072
59064,59088
59064,59093
59064,59097
59072,59088
59072,59093
59072,59095
59072,59097
59072,59099
59072,65653
59088,59093
59088,59095
59088,59097
59088,59099
59088,59118
59093,59095
59093,59097
59093,59118
59093,59130
59093,70822
59095,59097
59095,59099
59095,59118
59095,59130
59095,59131
59097,59099
59097,59118
59097,59130
59097,59132
59099,59118
59099,59131
59099,59132
59099,59136
59118,59131
59118,59132
59118,59136
59118,59141
59130,59131
59130,59132
59130,59141
59130,59142
59130,90552
59131,59132
59131,59136
59131,59141
59131,59142
59131,59146
59132,59136
59132,59141
59132,59142
59132,59148
59136,59141
59136,59142
59136,59146
59136,59148
59136,59150
59141,59142
59141,59146
59141,59148
59141,59150
59141,59152
59142,59146
59142,59148
59142,59150
59142,59152
59142,59153
59146,59148
59146,59152
59146,59153
59146,59157
59148,59152
59148,59153
59148,59157
59148,59161
59148,60121
59150,59152
59150,59153
59150,59157
59150,59161
59150,59164
59152,59153
59152,59157
59152,59161
59152,59164
59152,59165
59153,59157
59153,59161
59153,59164
59153,59165
59153,59167
59157,59164
59157,59165
59157,59167
59157,59172
59157,97398
59157,87614
59161,59164
59161,59165
59161,59172
59161,59174
59164,59165
59164,59167
59164,59172
59164,59176
59165,59167
59165,59172
59165,59174
59165,59176
59165,59179
59167,59172
59167,59174
59167,59176
59167,59179
59167,59182
59172,59174
59172,59176
59172,59179
59172,59182
59172,59188
59174,59176
59174,59179
59174,59182
59174,59188
59174,70870
59176,59179
59176,59182
59176,59188
59176,59190
59176,59192
59176,84023
59179,59182
59179,59188
59179,59190
59179,59192
59179,59195
59179,68712
59182,59188
59182,59190
59182,59192
59182,59195
59182,59198
59188,59190
59188,59192
59188,59195
59188,59198
59188,59201
59190,59192
59190,59195
59190,59198
59190,59202
59190,81551
59190,76248
59192,59198
59192,59201
59192,59207
59192,95390
59195,59198
59195,59201
59195,59202
59195,59207
59195,59208
59198,59202
59198,59208
59198,59210
59201,59202
59201,59207
59201,59208
59201,59210
59201,59216
59202,59207
59202,59210
59202,59216
59202,61607
59207,59208
59207,59210
59207,59216
59207,59221
59207,59224
59208,59210
59208,59216
59208,59221
59208,89769
59210,59216
59210,59224
59210,59233
59210,59248
59216,59221
59216,59224
59216,59233
59216,59248
59216,71401
59221,59224
59221,59233
59221,59248
59221,59249
59221,59250
59221,64022
59224,59233
59224,59248
59224,59249
59224,59250
59224,59251
59233,59248
59233,59249
59233,59250
59233,59251
59233,59253
59248,59249
59248,59250
59248,59251
59248,59253
59248,59256
59249,59250
59249,59251
59249,59253
59249,59256
59249,59258
59249,78552
59250,59251
59250,59253
59250,59256
59250,59258
59250,59261
59251,59253
59251,59256
59251,59258
59251,59261
59253,59256
59253,59258
59253,59261
59253,59268
59256,59261
59256,59264
59256,59268
59256,59270
59258,59261
59258,59264
59258,59268
59258,59270
59258,59273
59261,59264
59261,59268
59261,59270
59261,59273
59261,59274
59264,59268
59264,59270
59264,59273
59264,59274
59264,59282
59268,59270
59268,59273
59268,59274
59268,59284
59268,88527
59270,59273
59270,59274
59270,59282
59270,59285
59270,90804
59270,72956
59270,91662
59273,59274
59273,59282
59273,59284
59273,59287
59274,59282
59274,59284
59274,59285
59274,59287
59274,59293
59282,59284
59282,59285
59282,59287
59282,59293
59282,59299
59284,59285
59284,59287
59284,59299
59284,59307
59284,61451
59285,59287
59285,59293
59285,59299
59285,59307
59285,59308
59287,59293
59287,59299
59287,59307
59287,59308
59287,59309
59293,59299
59293,59307
59293,59308
59293,59309
59293,59311
59299,59307
59299,59309
59299,59315
59299,78903
59307,59308
59307,59309
59307,59311
59307,59315
59307,59318
59308,59309
59308,59311
59308,59315
59308,59318
59308,59319
59309,59311
59309,59315
59309,59318
59309,59319
59309,59325
59309,68583
59311,59318
59311,59319
59311,59325
59311,59327
59315,59318
59315,59319
59315,59325
59315,59327
59315,59332
59318,59319
59318,59325
59318,59327
59318,59332
59318,59335
59319,59325
59319,59327
59319,59332
59319,59335
59319,59344
59319,97342
59319,67569
59325,59327
59325,59332
59325,59335
59325,59344
59325,59347
59327,59332
59327,59335
59327,59344
59327,59347
59327,59348
59332,59335
59332,59344
59332,59347
59332,59348
59332,59352
59335,59344
59335,59347
59335,59348
59335,59352
59335,59353
59335,94088
59344,59347
59344,59348
59344,59352
59344,59353
59344,59355
59347,59348
59347,59352
59347,59353
59347,59355
59347,59359
59348,59352
59348,59353
59348,59359
59348,59362
59348,75502
59352,59353
59352,59355
59352,59359
59352,59362
59352,59365
59352,71138
59353,59355
59353,59359
59353,59362
59353,59365
59353,59366
59355,59359
59355,59362
59355,59365
59355,59366
59355,59370
59359,59365
59359,59366
59359,59370
59359,59379
59359,87230
59362,59365
59362,59366
59362,59370
59362,59385
59365,59370
59365,59379
59365,59387
59366,59379
59366,59385
59366,59387
59366,59398
59366,64605
59370,59379
59370,59385
59370,59387
59370,59398
59370,59400
59379,59385
59379,59387
59379,59398
59379,59400
59379,59401
59379,71108
59385,59387
59385,59398
59385,59400
59385,59401
59385,59405
59385,61426
59387,59398
59387,59400
59387,59401
59387,59405
59387,64256
59398,59400
59398,59401
59398,59407
59398,59414
59398,81213
59400,59401
59400,59405
59400,59407
59400,59414
59400,59416
59401,59405
59401,59407
59401,59414
59401,59416
59401,59417
59405,59407
59405,59414
59405,59417
59405,59427
59405,73441
59407,59414
59407,59417
59407,59427
59407,59429
59414,59416
59414,59417
59414,59427
59414,59429
59414,59433
59416,59417
59416,59427
59416,59429
59416,59433
59416,59441
59417,59427
59417,59429
59417,59433
59417,59441
59417,59442
59417,98080
59427,59429
59427,59441
59427,59442
59429,59433
59429,59441
59429,59442
59429,59443
59429,59446
59433,59441
59433,59443
59433,59446
59433,59454
59433,70522
59441,59442
59441,59446
59441,59454
59441,59457
59442,59443
59442,59446
59442,59454
59442,59457
59442,59461
59443,59446
59443,59454
59443,59461
59443,59465
59443,91436
59446,59454
59446,59457
59446,59461
59446,59465
59446,59473
59454,59457
59454,59461
59454,59465
59454,59473
59454,59474
59457,59461
59457,59465
59457,59473
59457,59474
59457,59476
59461,59465
59461,59473
59461,59474
59461,59478
59465,59473
59465,59474
59465,59476
59465,59478
59465,59479
59473,59474
59473,59476
59473,59478
59473,59479
59473,59480
59473,91499
59474,59476
59474,59478
59474,59479
59474,59480
59474,59482
59476,59478
59476,59479
59476,59480
59476,59482
59476,59485
59476,69985
59478,59479
59478,59480
59478,59482
59478,59485
59478,59487
59479,59480
59479,59482
59479,59485
59479,59487
59479,59496
59480,59482
59480,59485
59480,59505
59482,59485
59482,59487
59482,59496
59482,59505
59482,59506
59485,59487
59485,59505
59485,59506
59487,59496
59487,59505
59487,59506
59487,59511
59487,59518
59496,59505
59496,59506
59496,59511
59496,59518
59496,59519
59505,59511
59505,59518
59505,59519
59505,59520
59506,59511
59506,59518
59506,59519
59506,59520
59506,93451
59511,59518
59511,59520
59511,59523
59511,59528
59511,65780
59511,94731
59518,59519
59518,59520
59518,59523
59518,59528
59518,59529
59518,91018
59519,59520
59519,59523
59519,59528
59519,59529
59519,59533
59520,59523
59520,59528
59520,59529
59520,59537
59520,99215
59520,66394
59520,71102
59523,59528
59523,59529
59523,59533
59523,59537
59523,59540
59528,59529
59528,59533
59528,59537
59528,59540
59528,59543
59529,59533
59529,59537
59529,59540
59529,59545
59529,71927
59533,59537
59533,59540
59533,59543
59533,59545
59533,61379
59533,61460
59537,59540
59537,59543
59537,59545
59537,59546
59537,59552
59540,59545
59540,59546
59540,59552
59540,59554
59543,59545
59543,59546
59543,59552
59543,59554
59543,59561
59545,59546
59545,59552
59545,59554
59545,59561
59545,59563
59546,59552
59546,59554
59546,59561
59546,59563
59546,59567
59552,59554
59552,59561
59552,59563
59552,59567
59552,59572
59554,59561
59554,59567
59554,59572
59554,59579
59554,82132
59554,72032
59561,59563
59561,59567
59561,59572
59561,59579
59563,59567
59563,59572
59563,59579
59563,59581
59563,59588
59567,59572
59567,59579
59567,59581
59567,59588
59567,59589
59572,59579
59572,59588
59572,59589
59572,59595
59572,94604
59579,59581
59579,59588
59579,59589
59579,59595
59579,59597
59579,86681
59581,59588
59581,59589
59581,59595
59581,59597
59581,88945
59588,59589
59588,59595
59588,59597
59588,59601
59588,59609
59589,59597
59589,59601
59589,59609
59589,59616
59589,96519
59595,59597
59595,59601
59595,59609
59595,59622
59595,60237
59595,70333
59597,59609
59597,59616
59597,59622
59597,59623
59597,93106
59601,59609
59601,59616
59601,59622
59601,59623
59601,59626
59609,59616
59609,59622
59609,59626
59609,59634
59616,59622
59616,59623
59616,59626
59616,59634
59616,59636
59622,59623
59622,59626
59622,59634
59622,59636
59622,59637
59622,91038
59623,59626
59623,59634
59623,59636
59623,59637
59623,59639
59626,59634
59626,59636
59626,59637
59626,59639
59626,59656
59626,86635
59634,59636
59634,59637
59634,59639
59634,59656
59634,59657
59634,62623
59636,59637
59636,59639
59636,59656
59636,59657
59636,59663
59637,59639
59637,59656
59637,59657
59637,59663
59637,59666
59637,88878
59639,59656
59639,59657
59639,59663
59639,59668
59656,59657
59656,59663
59656,59666
59656,59668
59656,59670
59657,59663
59657,59666
59657,59668
59657,59670
59657,59672
59663,59666
59663,59668
59663,59670
59663,59672
59663,59674
59666,59668
59666,59670
59666,59672
59666,59674
59666,59676
59668,59670
59668,59672
59668,59674
59668,59676
59668,59680
59670,59672
59670,59674
59670,59676
59670,59680
59670,59691
59672,59674
59672,59676
59672,59680
59672,59691
59674,59676
59674,59680
59674,59691
59674,59695
59674,59698
59676,59680
59676,59691
59676,59695
59676,59698
59676,59704
59680,59691
59680,59695
59680,59698
59680,59704
59680,59705
59691,59704
59691,59705
59691,59712
59691,70243
59691,73107
59695,59698
59695,59704
59695,59712
59695,59714
59695,89560
59698,59704
59698,59705
59698,59712
59698,59714
59698,59716
59704,59705
59704,59712
59704,59714
59704,59716
59704,59721
59704,76466
59704,87990
59705,59712
59705,59716
59705,59721
59705,95722
59705,68908
59712,59714
59712,59716
59712,59721
59712,59736
59712,59737
59714,59716
59714,59721
59714,59736
59714,59737
59714,59738
59716,59721
59716,59737
59716,59738
59716,59745
59721,59736
59721,59737
59721,59738
59721,59751
59721,61730
59736,59738
59736,59745
59736,59751
59736,59755
59736,88147
59737,59738
59737,59745
59737,59751
59737,59755
59737,59756
59738,59751
59738,59755
59738,59756
59738,74934
59745,59751
59745,59755
59745,59756
59745,59758
59745,59765
59751,59755
59751,59756
59751,59758
59751,59765
59751,59770
59751,76957
59751,71834
59755,59756
59755,59758
59755,59765
59755,59773
59756,59758
59756,59765
59756,59770
59756,59773
59756,59775
59758,59765
59758,59770
59758,59773
59758,59775
59758,59776
59758,77812
59765,59770
59765,59773
59765,59775
59765,59776
59765,85985
59770,59773
59770,59775
59770,59776
59770,59778
59770,59782
59773,59775
59773,59776
59773,59778
59773,59782
59773,59793
59775,59776
59775,59778
59775,59782
59775,59793
59775,59794
59776,59778
59776,59782
59776,59793
59776,59794
59776,59796
59778,59782
59778,59793
59778,59794
59778,59796
59778,59809
59782,59793
59782,59794
59782,59796
59782,59809
59782,59810
59793,59794
59793,59796
59793,59809
59793,59810
59793,59812
59794,59796
59794,59809
59794,59810
59794,59812
59794,59815
59796,59809
59796,59810
59796,59812
59796,59815
59796,59819
59809,59810
59809,59815
59809,59819
59809,59820
59809,96471
59809,59874
59809,69492
59810,59812
59810,59815
59810,59819
59810,59820
59810,59826
59812,59815
59812,59819
59812,59820
59812,59826
59812,59827
59815,59819
59815,59820
59815,59826
59815,59827
59815,59830
59819,59820
59819,59826
59819,59827
59819,59830
59819,59831
59820,59826
59820,59827
59820,59830
59820,59842
59820,61849
59826,59827
59826,59830
59826,59831
59826,59842
59826,59844
59827,59830
59827,59831
59827,59842
59827,59844
59827,59854
59830,59831
59830,59842
59830,59844
59830,59854
59830,59856
59831,59842
59831,59844
59831,59854
59831,59856
59831,59865
59831,63418
59842,59844
59842,59856
59842,59865
59842,59867
59844,59854
59844,59856
59844,59865
59844,59867
59844,59869
59844,83596
59854,59856
59854,59865
59854,59869
59854,59870
59856,59867
59856,59869
59856,59870
59856,69002
59865,59867
59865,59870
59865,59873
59865,59874
59865,68343
59867,59870
59867,59873
59867,59874
59867,84838
59867,73650
59869,59870
59869,59873
59869,59874
59869,59876
59869,59878
59870,59873
59870,59874
59870,59876
59870,59878
59870,59880
59873,59874
59873,59880
59873,64165
59874,59876
59874,59878
59874,59896
59874,59903
59876,59878
59876,59880
59876,59896
59876,59903
59876,59911
59878,59880
59878,59903
59878,59911
59878,59916
59880,59896
59880,59903
59880,59911
59880,59916
59880,59918
59896,59903
59896,59911
59896,59918
59896,59924
59903,59911
59903,59916
59903,59918
59903,59924
59903,59925
59911,59916
59911,59918
59911,59924
59911,59928
59916,59918
59916,59924
59916,59925
59916,59928
59916,65038
59918,59924
59918,59925
59918,59928
59918,59938
59918,59944
59924,59925
59924,59928
59924,59938
59924,59944
59924,59947
59924,62536
59925,59938
59925,59944
59925,59947
59925,59956
59925,94343
59928,59938
59928,59944
59928,59947
59928,59956
59928,59957
59938,59944
59938,59947
59938,59956
59938,59957
59938,59965
59938,76127
59938,64876
59944,59947
59944,59956
59944,59957
59944,59965
59944,59976
59947,59956
59947,59957
59947,59965
59947,59976
59947,59979
59956,59957
59956,59965
59956,59976
59956,59979
59956,59981
59957,59976
59957,59979
59957,59981
59957,59983
59957,77397
59965,59976
59965,59979
59965,59981
59965,59983
59965,59984
59976,59979
59976,59981
59976,59983
59976,59984
59976,59988
59979,59981
59979,59983
59979,59984
59979,59991
59981,59983
59981,59984
59981,59988
59981,59991
59981,59997
59981,61848
59981,81018
59983,59984
59983,59988
59983,59991
59983,59997
59983,60007
59984,59988
59984,59991
59984,59997
59984,60007
59984,60009
59988,59991
59988,60007
59988,60009
59988,60010
59991,59997
59991,60007
59991,60009
59991,60010
59991,60013
59997,60007
59997,60009
59997,60010
59997,60013
59997,60028
60007,60009
60007,60010
60007,60028
60007,60029
60007,81884
60009,60013
60009,60028
60009,60029
60009,60035
60010,60013
60010,60028
60010,60029
60010,60035
60010,60037
60013,60028
60013,60029
60013,60035
60013,60037
60013,74436
60028,60029
60028,60035
60028,60037
60028,60042
60028,60054
60029,60035
60029,60037
60029,60042
60029,60057
60035,60037
60035,60042
60035,60054
60035,60057
60035,60062
60037,60042
60037,60054
60037,60057
60037,60062
60037,60067
60042,60054
60042,60057
60042,60062
60042,60067
60042,60072
60054,60057
60054,60062
60054,60067
60054,60073
60057,60062
60057,60067
60057,60072
60057,60073
60057,60075
60062,60067
60062,60072
60062,60073
60067,60072
60067,60073
60067,60075
60067,60076
60067,60079
60067,66914
60067,75755
60072,60073
60072,60075
60072,60076
60072,60079
60072,60087
60073,60075
60073,60076
60073,60079
60073,60087
60073,60089
60075,60076
60075,60079
60075,60087
60075,60094
60075,64496
60076,60079
60076,60087
60076,60089
60076,60094
60076,60095
60079,60087
60079,60089
60079,60094
60079,60095
60079,60100
60087,60094
60087,60095
60087,60100
60087,60102
60087,67284
60089,60094
60089,60095
60089,60100
60089,60102
60089,60117
60094,60095
60094,60100
60094,60102
60094,60117
60094,60120
60095,60100
60095,60102
60095,60117
60095,60120
60095,60121
60100,60102
60100,60117
60100,60120
60100,60121
60100,60123
60102,60117
60102,60120
60102,60123
60102,60124
60117,60120
60117,60123
60117,60124
60117,60125
60120,60123
60120,60124
60120,60125
60120,60126
60121,60124
60121,60125
60121,60126
60121,60128
60123,60124
60123,60125
60123,60126
60123,60128
60124,60125
60124,60126
60124,60128
60124,60136
60125,60126
60125,60136
60125,60139
60125,60141
60126,60128
60126,60136
60126,60139
60126,60141
60126,60143
60128,60136
60128,60139
60128,60141
60128,60143
60128,68809
60136,60139
60136,60141
60136,60143
60136,60147
60136,60158
60139,60141
60139,60143
60139,60147
60139,60160
60139,91852
60141,60143
60141,60147
60141,60158
60143,60147
60143,60158
60143,60160
60143,60163
60147,60158
60147,60160
60147,60162
60147,60163
60147,60165
60158,60160
60158,60162
60158,60163
60158,60165
60158,60166
60160,60162
60160,60163
60160,60165
60160,60166
60160,60173
60162,60163
60162,60165
60162,60166
60162,60173
60162,60181
60163,60165
60163,60166
60163,60173
60163,60181
60163,60186
60165,60166
60165,60173
60165,60181
60165,60186
60165,60188
60165,78911
60166,60181
60166,60186
60166,60188
60166,60190
60166,93043
60173,60181
60173,60186
60173,60188
60173,60190
60173,60195
60181,60186
60181,60188
60181,60190
60181,60195
60181,60205
60186,60190
60186,60195
60186,60205
60186,60206
60186,92440
60188,60190
60188,60195
60188,60205
60188,60206
60188,60207
60190,60195
60190,60205
60190,60206
60190,60207
60190,60210
60195,60206
60195,60207
60195,60210
60195,60213
60205,60206
60205,60207
60205,60210
60205,60213
60205,60217
60206,60207
60206,60210
60206,60217
60206,60220
60206,65038
60207,60210
60207,60213
60207,60217
60207,60220
60207,60221
60210,60213
60210,60217
60210,60221
60210,60227
60210,80973
60213,60217
60213,60220
60213,60227
60213,60231
60213,92044
60217,60220
60217,60221
60217,60227
60217,60231
60217,60237
60220,60221
60220,60227
60220,60231
60220,60237
60220,60241
60221,60227
60221,60231
60221,60237
60221,60241
60221,60242
60227,60231
60227,60237
60227,60241
60227,60242
60227,60247
60231,60237
60231,60241
60231,60242
60231,60247
60231,60250
60237,60241
60237,60242
60237,60247
60237,60250
60237,60257
60237,81316
60241,60242
60241,60247
60241,60250
60241,60257
60241,62414
60242,60247
60242,60250
60242,60257
60242,60258
60242,60261
60247,60250
60247,60257
60247,60258
60247,60261
60247,60265
60247,63639
60250,60257
60250,60258
60250,60261
60250,60265
60250,60266
60257,60258
60257,60261
60257,60265
60257,60266
60257,60270
60258,60261
60258,60265
60258,60266
60258,60270
60258,60279
60258,63312
60261,60265
60261,60270
60261,60300
60265,60266
60265,60270
60265,60279
60265,60300
60265,71021
60266,60270
60266,60279
60266,60300
60266,60306
60266,60308
60266,94018
60270,60300
60270,60306
60270,60308
60270,60309
60279,60300
60279,60306
60279,60308
60279,60309
60279,60310
60300,60306
60300,60308
60300,60309
60300,60310
60300,60315
60306,60309
60306,60310
60306,60315
60306,60317
60308,60309
60308,60315
60308,60317
60308,60324
60308,89484
60309,60310
60309,60315
60309,60317
60309,60324
60309,99793
60310,60315
60310,60317
60310,60324
60310,60326
60310,60331
60310,88358
60315,60317
60315,60324
60315,60326
60315,60331
60315,60343
60315,84034
60315,81985
60317,60324
60317,60326
60317,60331
60317,60343
60317,60344
60324,60326
60324,60331
60324,60343
60324,60344
60326,60331
60326,60343
60326,60351
60326,96039
60331,60343
60331,60344
60331,60350
60331,60351
60331,60356
60343,60344
60343,60350
60343,60351
60343,60356
60344,60350
60344,60351
60344,60364
60344,66048
60344,68621
60350,60356
60350,60360
60350,60364
60350,60365
60351,60356
60351,60360
60351,60364
60351,60365
60351,60375
60351,94593
60356,60360
60356,60364
60356,60365
60356,60375
60356,60377
60360,60364
60360,60365
60360,60375
60360,60377
60360,60386
60360,79406
60364,60365
60364,60375
60364,60377
60364,60386
60364,60389
60365,60375
60365,60377
60365,60386
60365,60389
60365,60393
60375,60377
60375,60386
60375,60389
60375,60393
60375,60399
60375,95265
60377,60386
60377,60389
60377,60393
60377,60399
60386,60389
60386,60393
60386,60399
60386,60400
60386,95689
60389,60393
60389,60399
60389,60400
60389,60403
60389,60405
60389,81135
60393,60399
60393,60400
60393,60403
60393,60405
60393,60411
60393,88008
60399,60403
60399,60405
60399,60411
60399,60412
60399,86805
60399,76287
60400,60403
60400,60405
60400,60411
60400,60412
60400,60414
60403,60405
60403,60411
60403,60412
60403,60414
60403,60417
60405,60411
60405,60412
60405,60414
60405,60417
60405,60427
60411,60412
60411,60414
60411,60417
60411,60427
60411,60431
60412,60414
60412,60417
60412,60427
60412,60431
60412,60433
60414,60417
60414,60427
60414,60434
60417,60427
60417,60431
60417,60433
60417,60434
60427,60431
60427,60433
60427,60434
60427,60440
60427,60442
60431,60433
60431,60440
60431,60442
60431,60444
60433,60434
60433,60440
60433,60442
60433,60444
60433,60447
60434,60440
60434,60442
60434,60444
60434,60447
60440,60442
60440,60444
60440,60447
60440,60449
60440,60478
60442,60444
60442,60447
60442,60449
60442,60478
60442,64204
60444,60447
60444,60449
60444,60478
60444,60480
60444,60481
60444,81978
60447,60449
60447,60478
60447,60480
60447,60481
60447,74475
60449,60478
60449,60480
60449,60481
60449,60483
60449,60488
60478,60480
60478,60481
60478,60483
60478,60488
60478,60492
60480,60481
60480,60483
60480,60488
60480,60492
60480,60494
60480,81898
60481,60483
60481,60488
60481,60494
60481,60498
60481,90377
60483,60488
60483,60492
60483,60494
60483,60508
60488,60492
60488,60498
60488,60508
60488,60513
60492,60494
60492,60508
60492,60513
60492,60521
60492,64930
60494,60498
60494,60508
60494,60513
60494,60521
60494,60522
60498,60508
60498,60513
60498,60521
60498,60522
60498,60526
60508,60513
60508,60521
60508,60522
60508,60526
60508,60529
60513,60521
60513,60522
60513,60526
60513,60529
60513,60531
60521,60522
60521,60526
60521,60529
60521,60531
60521,60532
60521,99590
60522,60526
60522,60529
60522,60531
60522,60532
60526,60529
60526,60531
60526,60532
60526,60533
60526,60544
60529,60531
60529,60532
60529,60544
60529,60549
60531,60532
60531,60533
60531,60544
60531,60549
60531,60551
60532,60544
60532,60549
60532,60551
60532,60552
60533,60544
60533,60549
60533,60551
60533,60552
60533,60556
60544,60549
60544,60551
60544,60552
60544,60556
60544,60559
60549,60551
60549,60552
60549,60556
60549,60559
60549,60560
60551,60552
60551,60556
60551,60559
60551,60560
60551,60565
60551,99033
60552,60559
60552,60565
60552,60568
60556,60559
60556,60560
60556,60565
60556,60568
60556,60575
60559,60560
60559,60565
60559,60568
60559,60575
60559,60592
60560,60565
60560,60568
60560,60592
60560,60594
60560,65050
60565,60568
60565,60575
60565,60592
60565,60594
60565,60600
60568,60575
60568,60592
60568,60594
60568,60600
60568,63359
60575,60592
60575,60594
60575,60615
60575,60627
60575,95882
60592,60594
60592,60600
60592,60615
60592,60627
60592,60639
60594,60600
60594,60615
60594,60639
60594,60644
60600,60615
60600,60627
60600,60639
60600,60644
60600,60649
60615,60627
60615,60639
60615,60644
60615,60649
60615,60650
60627,60639
60627,60644
60627,60649
60639,60649
60639,60650
60639,60655
60639,60656
60639,71050
60644,60649
60644,60650
60644,60655
60644,60656
60649,60650
60649,60655
60649,60656
60649,60658
60649,60660
60650,60655
60650,60656
60650,60658
60650,60660
60650,60663
60655,60656
60655,60660
60655,60663
60655,60664
60656,60658
60656,60660
60656,60663
60656,60664
60656,60665
60656,96103
60658,60660
60658,60663
60658,60664
60658,60665
60658,60666
60658,88855
60660,60663
60660,60664
60660,60665
60660,60667
60660,89603
60663,60664
60663,60666
60663,60668
60663,83552
60664,60665
60664,60666
60664,60667
60664,60669
60664,73035
60665,60666
60665,60667
60665,60668
60665,60669
60665,60675
60666,60667
60666,60668
60666,60675
60666,60689
60667,60669
60667,60675
60667,60689
60667,60693
60668,60669
60668,60675
60668,60689
60668,60693
60668,60694
60669,60675
60669,60689
60669,60693
60669,60694
60669,60695
60675,60689
60675,60693
60675,60695
60675,60702
60689,60693
60689,60694
60689,60695
60689,60702
60689,60705
60693,60694
60693,60695
60693,60702
60693,60705
60693,60710
60694,60695
60694,60702
60694,60705
60694,60710
60694,60713
60695,60702
60695,60705
60695,60710
60695,60713
60695,60719
60702,60705
60702,60710
60702,60713
60702,60719
60702,60729
60705,60710
60705,60719
60705,60729
60705,60731
60705,79853
60710,60713
60710,60719
60710,60729
60710,60731
60710,60735
60713,60719
60713,60729
60713,60731
60713,60735
60713,60736
60713,60849
60719,60729
60719,60735
60719,60736
60719,60741
60729,60731
60729,60735
60729,60736
60729,60741
60729,60744
60731,60735
60731,60736
60731,60741
60731,60744
60731,60750
60731,72627
60735,60736
60735,60741
60735,60744
60735,60750
60735,60751
60736,60741
60736,60744
60736,60750
60736,60751
60736,60759
60741,60744
60741,60750
60741,60751
60741,60759
60741,60768
60744,60750
60744,60751
60744,60759
60744,60768
60744,60769
60750,60751
60750,60759
60750,60768
60750,60772
60751,60768
60751,60769
60751,60772
60751,60781
60751,93718
60759,60768
60759,60769
60759,60772
60759,60781
60768,60769
60768,60772
60768,60781
60768,60795
60768,60796
60768,74603
60769,60772
60769,60781
60769,60796
60769,60799
60772,60795
60772,60799
60772,60804
60781,60795
60781,60796
60781,60799
60781,60806
60795,60796
60795,60799
60795,60804
60795,60806
60795,60812
60796,60799
60796,60804
60796,60806
60796,60812
60796,60818
60799,60804
60799,60806
60799,60812
60799,60829
60804,60806
60804,60812
60804,60818
60804,60832
60804,86669
60804,69105
60806,60812
60806,60818
60806,60829
60806,60832
60806,60841
60812,60818
60812,60829
60812,60832
60812,60841
60812,60849
60818,60829
60818,60832
60818,60841
60818,60849
60818,60854
60818,61789
60829,60832
60829,60841
60829,60849
60829,60854
60832,60854
60832,60859
60832,60865
60832,63692
60841,60849
60841,60859
60841,60865
60841,60866
60841,62228
60849,60854
60849,60865
60849,60866
60849,60872
60854,60859
60854,60865
60854,60866
60854,60872
60854,60875
60859,60865
60859,60866
60859,60872
60859,60876
60859,77724
60859,65899
60865,60866
60865,60872
60865,60875
60865,60876
60865,60880
60866,60872
60866,60875
60866,60876
60866,60880
60866,60882
60872,60875
60872,60876
60872,60880
60872,60882
60872,60884
60875,60876
60875,60880
60875,60882
60875,60884
60875,60903
60875,81420
60876,60882
60876,60884
60876,63841
60880,60882
60880,60884
60880,60903
60880,60911
60882,60903
60882,60915
60882,72928
60882,85955
60884,60911
60884,60914
60884,60915
60884,60920
60903,60911
60903,60914
60903,60915
60903,60920
60903,60921
60911,60914
60911,60915
60911,60920
60911,60921
60911,60943
60914,60915
60914,60920
60914,60921
60914,60943
60914,60945
60915,60920
60915,60921
60915,60943
60915,60945
60915,60949
60920,60921
60920,60943
60920,60945
60920,60949
60920,60950
60920,80918
60921,60943
60921,60945
60921,60949
60921,60950
60921,60951
60943,60945
60943,60949
60943,60950
60943,60951
60943,60956
60945,60949
60945,60950
60945,60951
60945,60956
60945,60958
60949,60950
60949,60951
60949,60956
60949,60958
60949,60960
60950,60951
60950,60956
60950,60958
60950,60960
60951,60956
60951,60958
60951,60960
60951,60961
60951,60966
60951,85000
60956,60958
60956,60960
60956,60961
60956,60966
60956,60971
60958,60960
60958,60961
60958,60966
60958,60971
60958,60978
60960,60961
60960,60966
60960,60971
60960,60978
60960,60979
60961,60978
60961,60979
60961,99860
60961,98950
60961,95423
60961,94944
60966,60971
60966,60978
60966,60979
60966,60980
60966,60981
60966,75883
60971,60978
60971,60979
60971,60980
60971,60981
60971,60982
60978,60979
60978,60981
60978,60982
60978,60987
60978,72957
60979,60980
60979,60981
60979,60982
60979,60987
60979,60997
60980,60981
60980,60982
60980,60987
60980,60997
60980,61007
60981,60982
60981,60987
60981,60997
60981,61007
60981,61008
60982,60987
60982,60997
60982,61007
60982,61027
60982,79632
60987,60997
60987,61007
60987,61008
60987,61027
60987,61032
60997,61007
60997,61008
60997,61027
60997,61041
60997,92540
61007,61008
61007,61027
61007,61032
61007,61041
61007,61044
61008,61027
61008,61032
61008,61041
61008,61044
61008,61045
61027,61032
61027,61041
61027,61044
61027,61045
61027,61047
61032,61041
61032,61044
61032,61045
61032,61047
61032,61051
61041,61044
61041,61045
61041,61047
61041,61051
61041,61052
61044,61045
61044,61047
61044,61051
61044,61052
61044,61056
61044,88125
61045,61047
61045,61051
61045,61052
61045,61056
61045,61057
61047,61056
61047,61057
61047,61060
61051,61052
61051,61057
61051,61060
61051,61070
61051,99262
61051,82676
61052,61056
61052,61057
61052,61060
61052,61070
61052,61074
61056,61057
61056,61060
61056,61070
61056,61074
61056,61084
61057,61060
61057,61070
61057,61074
61057,61084
61057,61087
61060,61070
61060,61074
61060,61087
61060,61088
61060,69225
61070,61074
61070,61084
61070,61088
61070,61089
61070,85131
61070,84122
61074,61084
61074,61087
61074,61088
61074,61089
61074,61091
61084,61087
61084,61088
61084,61089
61084,61091
61084,61093
61087,61088
61087,61089
61087,61091
61087,61093
61087,61099
61088,61089
61088,61091
61088,61093
61088,61099
61088,61100
61089,61093
61089,61099
61089,61100
61089,61103
61091,61093
61091,61099
61091,61103
61091,76846
61091,78521
61091,85702
61093,61099
61093,61100
61093,61103
61093,61112
61093,78269
61099,61100
61099,61103
61099,61108
61099,61114
61099,92288
61100,61103
61100,61108
61100,61112
61100,61114
61100,61121
61103,61108
61103,61112
61103,61114
61103,61127
61108,61114
61108,61121
61108,61127
61108,90498
61108,67483
61112,61114
61112,61121
61112,61127
61112,61133
61112,61268
61114,61127
61114,61130
61114,61133
61114,61141
61114,89076
61121,61130
61121,61133
61121,61144
61121,90183
61127,61130
61127,61133
61127,61141
61127,61144
61127,61145
61130,61133
61130,61141
61130,61144
61130,61145
61130,61147
61133,61141
61133,61144
61133,61145
61133,61147
61133,61149
61141,61144
61141,61145
61141,61147
61141,61152
61141,81977
61144,61145
61144,61147
61144,61149
61144,61154
61145,61147
61145,61149
61145,61154
61145,87341
61147,61149
61147,61152
61147,61154
61147,61157
61147,61160
61149,61152
61149,61154
61149,61157
61149,61160
61149,61161
61149,70364
61152,61154
61152,61157
61152,61160
61152,61163
61152,70201
61154,61157
61154,61160
61154,61161
61154,61163
61154,61165
61157,61160
61157,61161
61157,61163
61157,61165
61157,61170
61160,61161
61160,61163
61160,61165
61160,94664
61161,61163
61161,61165
61161,61177
61161,61187
61161,72482
61161,62849
61163,61165
61163,61170
61163,61177
61163,61187
61163,61194
61165,61177
61165,61187
61165,61194
61165,61201
61165,96573
61165,75512
61170,61177
61170,61187
61170,61204
61177,61187
61177,61211
61177,71053
61177,80303
61187,61194
61187,61201
61187,61204
61187,61211
61187,61213
61194,61201
61194,61204
61194,61211
61194,61213
61194,61216
61201,61204
61201,61211
61201,61213
61201,61216
61201,61218
61204,61211
61204,61213
61204,61216
61204,61218
61204,61224
61211,61213
61211,61216
61211,61218
61211,61224
61211,61230
61211,88807
61213,61218
61213,61224
61213,61230
61213,61234
61213,86204
61213,88229
61216,61218
61216,61224
61216,61230
61216,61234
61216,61236
61218,61224
61218,61230
61218,61234
61218,61236
61218,61237
61218,82890
61218,85119
61224,61230
61224,61234
61224,61236
61224,61237
61224,61238
61230,61234
61230,61236
61230,61238
61230,61245
61234,61236
61234,61237
61234,61238
61234,61245
61234,61246
61236,61237
61236,61238
61236,61245
61236,61246
61236,61248
61237,61238
61237,61245
61237,61246
61237,61248
61237,84863
61238,61245
61238,61246
61238,61251
61238,61252
61238,65520
61238,99002
61245,61246
61245,61248
61245,61251
61245,61252
61245,61256
61246,61248
61246,61251
61246,61252
61246,61256
61246,61260
61248,61251
61248,61252
61248,61256
61248,61260
61248,61264
61251,61252
61251,61256
61251,61264
61251,61265
61252,61256
61252,61260
61252,61264
61252,61265
61252,62052
61256,61260
61256,61264
61256,61265
61256,61266
61256,61268
61260,61264
61260,61265
61260,61266
61260,61268
61260,61271
61264,61265
61264,61266
61264,61268
61264,61271
61264,61273
61265,61268
61265,61271
61265,61273
61265,61275
61266,61271
61266,61273
61266,61275
61266,67299
61268,61271
61268,61273
61268,61275
61268,61276
61268,61279
61271,61273
61271,61275
61271,61276
61271,61279
61271,61280
61273,61275
61273,61279
61273,61280
61273,61281
61273,77332
61273,95915
61275,61276
61275,61279
61275,61280
61275,61281
61275,61287
61276,61279
61276,61280
61276,61281
61276,61287
61276,61288
61276,96062
61279,61281
61279,61287
61279,61288
61279,61289
61280,61281
61280,61287
61280,61288
61280,61289
61280,61294
61281,61287
61281,61288
61281,61289
61281,61294
61281,61303
61281,72444
61287,61288
61287,61289
61287,61294
61287,61303
61287,61305
61288,61294
61288,61303
61288,61305
61288,61306
61289,61294
61289,61303
61289,61305
61289,61306
61289,61313
61294,61303
61294,61305
61294,61306
61294,61313
61294,61320
61303,61306
61303,61313
61303,61320
61303,61322
61303,65995
61305,61313
61305,61320
61305,61322
61305,61329
61305,90849
61306,61320
61306,61329
61306,61330
61306,74347
61313,61320
61313,61322
61313,61330
61313,61331
61313,91010
61320,61322
61320,61330
61320,61331
61320,61334
61322,61330
61322,61331
61322,61334
61322,61337
61329,61330
61329,61331
61329,61334
61329,61337
61329,61340
61330,61331
61330,61334
61330,61337
61330,61340
61330,61342
61331,61334
61331,61337
61331,61340
61331,61342
61331,61351
61334,61337
61334,61340
61334,61342
61334,61351
61334,61352
61337,61340
61337,61342
61337,61351
61337,61352
61340,61342
61340,61351
61340,61352
61340,61364
61340,61371
61342,61351
61342,61352
61342,61364
61342,61371
61342,61375
61351,61352
61351,61364
61351,61371
61351,61375
61351,61377
61351,86150
61352,61364
61352,61371
61352,61375
61352,61377
61352,61379
61352,82807
61364,61371
61364,61375
61364,61377
61364,61379
61364,61388
61371,61375
61371,61377
61371,61379
61371,61388
61371,61393
61375,61377
61375,61379
61375,61388
61375,61393
61375,94639
61377,61379
61377,61388
61377,61393
61377,61394
61377,61398
61379,61393
61379,61394
61379,61398
61379,61401
61388,61394
61388,61398
61388,61401
61388,61404
61388,85931
61393,61394
61393,61398
61393,61401
61393,61404
61393,61405
61394,61398
61394,61401
61394,61405
61394,61407
61394,67726
61398,61405
61398,61426
61398,93836
61401,61404
61401,61405
61401,61407
61401,83143
61404,61405
61404,61407
61404,61426
61404,61436
61404,61443
61405,61407
61405,61426
61405,61436
61405,61443
61405,61450
61407,61426
61407,61436
61407,61450
61407,61451
61426,61443
61426,61450
61426,61451
61426,61452
61436,61443
61436,61450
61436,61451
61436,61453
61443,61450
61443,61451
61443,61452
61443,61453
61443,61457
61450,61452
61450,61453
61450,61457
61450,61460
61450,78291
61451,61453
61451,61457
61451,61465
61451,69389
61452,61453
61452,61457
61452,61460
61452,61466
61452,66424
61453,61457
61453,61460
61453,61465
61453,61466
61453,61473
61457,61460
61457,61465
61457,61466
61457,61473
61457,61474
61460,61465
61460,61466
61460,61473
61460,61475
61465,61466
61465,61473
61465,61474
61465,61475
61465,61477
61465,75510
61466,61473
61466,61474
61466,61475
61466,61477
61466,61479
61473,61474
61473,61475
61473,61477
61473,61479
61473,61480
61473,99355
61474,61475
61474,61477
61474,61479
61474,61480
61474,86991
61475,61477
61475,61479
61475,61480
61475,61495
61475,61497
61477,61479
61477,61480
61477,61495
61477,61497
61477,61500
61477,88772
61479,61480
61479,61495
61479,61497
61479,61500
61479,61503
61480,61495
61480,61497
61480,61500
61480,61503
61480,61504
61495,61500
61495,61503
61495,61504
61495,61506
61495,96416
61497,61500
61497,61503
61497,61506
61497,61508
61497,83896
61500,61503
61500,61504
61500,61506
61500,61508
61500,61509
61503,61504
61503,61506
61503,61508
61503,61509
61503,61510
61503,89936
61504,61506
61504,61508
61504,61509
61504,61510
61504,61513
61506,61509
61506,61510
61506,61513
61506,61514
61508,61509
61508,61510
61508,61513
61508,61514
61509,61510
61509,61513
61509,61514
61509,61518
61509,61520
61510,61513
61510,61514
61510,61518
61510,61520
61510,61521
61513,61514
61513,61518
61513,61520
61513,61527
61514,61518
61514,61520
61514,61521
61514,61527
61514,61530
61518,61521
61518,61527
61518,61530
61518,61533
61518,95742
61520,61521
61520,61530
61520,61533
61520,61536
61521,61527
61521,61530
61521,61533
61521,61536
61521,61538
61527,61533
61527,61536
61527,61538
61527,61540
61530,61533
61530,61538
61530,61540
61530,61543
61533,61536
61533,61538
61533,61540
61533,61543
61533,61545
61536,61538
61536,61540
61536,61543
61536,61545
61536,61546
61538,61540
61538,61543
61538,61546
61538,61548
61538,78584
61540,61543
61540,61545
61540,61546
61540,61548
61540,61549
61540,91194
61543,61545
61543,61546
61543,61549
61543,80600
61545,61548
61545,61549
61545,61556
61545,61559
61545,83615
61546,61548
61546,61549
61546,61556
61546,61559
61546,61562
61546,69472
61548,61549
61548,61556
61548,61559
61548,61566
61548,74668
61549,61556
61549,61559
61549,61562
61549,61566
61549,61572
61556,61562
61556,61566
61556,61572
61556,61573
61559,61562
61559,61566
61559,61572
61559,61573
61559,61575
61562,61572
61562,61573
61562,61575
61562,61577
61566,61572
61566,61573
61566,61575
61566,61577
61566,61584
61572,61573
61572,61575
61572,61577
61572,61584
61572,61596
61573,61575
61573,61577
61573,61584
61573,61596
61573,61597
61575,61577
61575,61596
61575,61597
61575,61603
61575,76591
61577,61584
61577,61596
61577,61597
61577,61607
61584,61596
61584,61597
61584,61603
61584,61607
61584,61611
61596,61603
61596,61607
61596,61611
61596,61626
61596,88378
61597,61607
61597,61611
61597,61628
61597,66869
61603,61607
61603,61611
61603,61626
61603,61639
61607,61611
61607,61628
61607,61639
61607,61640
61607,77397
61611,61626
61611,61628
61611,61639
61611,61640
61611,61655
61611,96075
61626,61628
61626,61639
61626,61640
61626,61656
61628,61639
61628,61640
61628,61656
61628,61659
61628,89857
61639,61640
61639,61655
61639,61656
61639,61659
61639,61662
61639,93161
61640,61655
61640,61656
61640,61659
61640,61662
61655,61656
61655,61659
61655,61662
61655,61671
61655,61673
61656,61659
61656,61673
61656,61674
61659,61662
61659,61671
61659,61673
61659,61676
61659,96118
61659,69985
61662,61671
61662,61673
61662,61674
61662,61676
61662,61677
61671,61673
61671,61674
61671,61676
61671,61677
61671,61689
61673,61674
61673,61676
61673,61677
61673,61689
61673,61695
61674,61676
61674,61677
61674,61689
61674,61695
61674,61703
61676,61677
61676,61689
61676,61695
61676,61703
61676,61705
61677,61689
61677,61695
61677,61703
61677,61705
61677,61719
61689,61695
61689,61703
61689,61705
61689,61719
61689,61722
61695,61703
61695,61705
61695,61719
61695,61722
61695,61725
61695,81733
61695,75468
61703,61705
61703,61719
61703,61722
61703,61725
61703,61727
61703,65073
61705,61719
61705,61722
61705,61725
61705,61727
61705,61728
61719,61722
61719,61725
61719,61727
61719,61728
61719,61730
61719,79488
61722,61727
61722,61728
61722,61730
61722,61731
61725,61727
61725,61728
61725,61730
61725,61731
61725,61736
61727,61728
61727,61730
61727,61731
61727,61738
61728,61730
61728,61731
61728,61736
61728,61738
61728,61742
61730,61731
61730,61736
61730,61738
61730,61742
61730,61744
61731,61736
61731,61738
61731,61742
61731,61744
61731,61756
61736,61738
61736,61742
61736,61744
61736,61756
61736,61760
61738,61742
61738,61744
61738,61756
61738,61760
61738,61762
61742,61760
61742,61762
61742,61771
61742,95372
61744,61756
61744,61760
61744,61771
61744,61774
61756,61762
61756,61771
61756,61774
61756,61783
61756,85871
61760,61762
61760,61771
61760,61774
61760,61783
61760,61784
61762,61771
61762,61774
61762,61783
61762,61784
61762,61785
61771,61774
61771,61783
61771,61785
61771,61789
61771,99079
61774,61783
61774,61784
61774,61785
61774,61789
61774,61793
61783,61784
61783,61785
61783,61789
61783,61793
61783,61795
61784,61789
61784,61793
61784,61795
61784,61797
61784,86266
61785,61789
61785,61793
61785,61795
61785,61797
61785,61800
61785,96781
61789,61793
61789,61795
61789,61800
61789,61807
61789,74312
61793,61795
61793,61797
61793,61800
61793,61807
61793,61811
61793,78359
61793,83576
61795,61797
61795,61800
61795,61807
61795,61811
61795,61812
61795,78194
61797,61800
61797,61807
61797,61811
61797,61812
61797,61815
61797,80957
61797,73568
61800,61807
61800,61811
61800,61812
61800,61815
61800,61818
61807,61811
61807,61812
61807,61815
61807,61818
61807,61822
61811,61812
61811,61815
61811,61822
61811,61824
61812,61815
61812,61818
61812,61822
61812,61824
61812,61837
61815,61818
61815,61822
61815,61824
61815,61837
61815,61840
61818,61822
61818,61840
61818,61848
61818,79070
61822,61824
61822,61837
61822,61840
61822,61848
61822,61849
61824,61837
61824,61840
61824,61848
61824,61849
61824,61852
61837,61840
61837,61848
61837,61849
61837,61852
61837,61857
61840,61848
61840,61852
61840,61857
61840,61860
61840,70819
61848,61849
61848,61852
61848,61860
61848,61862
61849,61852
61849,61857
61849,61860
61849,61862
61849,61864
61852,61857
61852,61860
61852,61862
61852,61864
61852,61871
61857,61860
61857,61862
61857,61864
61857,61871
61857,61872
61860,61862
61860,61864
61860,61871
61860,67579
61862,61864
61862,61871
61862,61872
61862,61878
61862,61883
61864,61871
61864,61872
61864,61878
61864,61883
61864,61884
61871,61872
61871,61878
61871,61883
61871,61884
61871,61886
61872,61878
61872,61883
61872,61884
61872,61886
61872,61917
61878,61883
61878,61884
61878,78792
61883,61884
61883,61886
61883,61917
61883,61918
61883,61920
61884,61886
61884,61917
61884,61918
61884,61920
61884,61925
61886,61917
61886,61918
61886,61920
61886,61925
61886,61928
61917,61918
61917,61920
61917,61925
61917,61928
61917,61930
61918,61928
61918,61930
61918,61933
61918,72448
61920,61925
61920,61928
61920,61930
61920,61933
61920,61941
61925,61928
61925,61930
61925,61933
61925,61941
61925,61953
61928,61930
61928,61933
61928,61941
61928,61953
61928,61956
61930,61933
61930,61941
61930,61953
61930,61956
61930,61957
61933,61953
61933,61956
61933,61957
61933,61968
61933,64271
61933,83874
61941,61953
61941,61956
61941,61957
61941,61971
61953,61956
61953,61957
61953,61968
61953,61971
61953,61973
61956,61957
61956,61968
61956,61971
61956,61973
61956,61974
61957,61968
61957,61971
61957,61973
61957,61974
61957,61975
61968,61971
61968,61973
61968,61974
61968,61975
61968,61977
61971,61973
61971,61974
61971,61975
61971,61991
61973,61974
61973,61975
61973,61977
61973,61991
61973,62006
61974,61975
61974,61991
61974,62006
61974,62007
61974,73871
61975,61991
61975,62006
61975,62007
61975,62017
61977,61991
61977,62006
61977,62017
61977,62021
61991,62006
61991,62007
61991,62017
61991,62021
61991,62025
61991,85331
62006,62007
62006,62017
62006,62021
62006,62025
62006,62031
62007,62017
62007,62025
62007,62031
62007,62036
62007,99886
62017,62021
62017,62025
62017,62031
62017,62036
62017,62037
62021,62025
62021,62031
62021,62036
62021,62037
62021,62038
62025,62031
62025,62036
62025,62037
62025,62038
62025,62044
62031,62037
62031,62038
62031,62044
62031,62051
62031,77174
62036,62037
62036,62044
62036,62051
62036,62052
62036,81721
62037,62038
62037,62044
62037,62051
62037,62052
62037,62053
62037,80517
62038,62044
62038,62051
62038,62053
62038,62054
62038,71499
62038,79649
62044,62051
62044,62052
62044,62054
62044,62060
62051,62052
62051,62053
62051,62054
62051,62060
62051,62061
62051,82114
62052,62054
62052,62060
62052,62061
62052,62063
62053,62054
62053,62060
62053,62061
62053,62063
62053,62067
62054,62060
62054,62061
62054,62063
62054,62067
62060,62061
62060,62067
62060,62073
62060,62074
62061,62063
62061,62067
62061,62073
62061,62074
62061,62076
62063,62067
62063,62073
62063,62074
62063,62076
62063,62081
62063,98573
62067,62073
62067,62074
62067,62076
62067,62081
62067,62082
62073,62074
62073,62076
62073,62081
62073,62082
62073,62090
62074,62076
62074,62081
62074,62082
62074,62090
62074,95263
62076,62081
62076,62082
62076,62091
62076,62092
62081,62082
62081,62090
62081,62091
62081,62092
62081,62098
62082,62090
62082,62091
62082,62092
62082,62098
62082,62099
62090,62091
62090,62092
62090,62098
62090,62099
62090,62100
62091,62098
62091,62099
62091,62100
62091,62107
62092,62098
62092,62099
62092,62100
62092,62107
62092,62108
62092,67606
62092,70937
62098,62099
62098,62107
62098,62108
62098,62109
62099,62108
62099,62109
62099,63788
62099,84646
62099,74342
62100,62107
62100,62108
62100,62109
62100,62111
62100,62117
62100,89578
62107,62108
62107,62109
62107,62111
62107,62117
62107,62127
62108,62109
62108,62111
62108,62117
62108,62127
62108,62136
62109,62111
62109,62117
62109,62127
62109,62136
62109,62140
62111,62117
62111,62127
62111,62136
62111,62140
62111,91710
62117,62127
62117,62136
62117,62141
62127,62140
62127,62141
62127,62144
62127,62147
62127,94969
62136,62140
62136,62141
62136,62144
62136,62147
62136,62149
62140,62141
62140,62144
62140,62147
62140,62149
62140,89272
62141,62144
62141,62149
62141,62150
62141,62157
62144,62147
62144,62150
62144,62157
62147,62149
62147,62150
62147,62157
62147,62158
62147,62160
62149,62150
62149,62157
62149,62158
62149,62160
62149,62163
62150,62157
62150,62158
62150,62160
62150,62163
62150,62164
62157,62158
62157,62160
62157,62163
62157,62164
62157,62174
62157,93755
62158,62160
62158,62163
62158,62164
62158,62174
62158,62176
62160,62163
62160,62164
62160,62174
62160,62176
62160,62177
62163,62164
62163,62174
62163,62176
62163,62177
62163,62181
62164,62174
62164,62176
62164,62177
62164,62181
62164,62184
62174,62176
62174,62177
62174,62181
62174,62184
62174,62191
62176,62181
62176,62184
62176,62191
62176,62193
62176,86743
62177,62181
62177,62184
62177,62191
62177,62193
62177,62197
62181,62184
62181,62193
62181,62197
62181,62207
62181,83678
62184,62193
62184,62197
62184,62207
62184,62208
62191,62193
62191,62197
62191,62207
62191,62208
62191,62211
62193,62197
62193,62207
62193,62208
62193,62211
62193,62212
62193,71108
62197,62207
62197,62208
62197,62211
62197,62212
62197,62213
62207,62208
62207,62211
62207,62212
62207,62213
62207,62215
62208,62211
62208,62212
62208,62213
62208,62215
62208,62218
62211,62212
62211,62213
62211,62218
62211,62220
62212,62213
62212,62215
62212,62218
62212,62220
62212,62223
62213,62218
62213,62220
62213,62223
62213,62228
62215,62218
62215,62220
62215,62223
62215,62228
62215,62229
62218,62220
62218,62223
62218,62228
62218,62229
62218,62240
62220,62223
62220,62228
62220,62229
62220,62240
62220,62243
62223,62228
62223,62229
62223,62240
62223,62243
62223,62244
62228,62240
62228,62243
62228,62244
62229,62240
62229,62243
62229,62244
62229,62246
62240,62243
62240,62244
62240,62246
62240,62254
62240,62255
62243,62244
62243,62246
62243,62254
62243,62255
62243,62259
62244,62246
62244,62254
62244,62259
62246,62255
62246,62259
62246,62265
62246,62281
62254,62255
62254,62259
62254,62265
62254,62284
62254,69345
62254,82458
62255,62259
62255,62265
62255,62281
62255,62284
62255,62288
62259,62265
62259,62281
62259,62284
62259,62288
62259,62634
62265,62281
62265,62284
62265,62288
62265,62296
62265,62299
62265,86824
62281,62284
62281,62288
62281,62299
62281,62301
62284,62288
62284,62296
62284,62299
62284,62301
62284,62305
62288,62299
62288,62301
62288,62310
62296,62299
62296,62301
62296,62312
62296,62879
62299,62301
62299,62305
62299,62310
62299,62312
62299,62313
62301,62305
62301,62312
62301,62313
62301,62316
62305,62310
62305,62312
62305,62313
62305,62316
62305,62319
62310,62312
62310,62313
62310,62316
62310,62319
62310,62322
62312,62313
62312,62316
62312,62319
62312,62322
62312,62327
62313,62316
62313,62319
62313,62322
62313,62327
62313,62336
62316,62319
62316,62322
62316,62327
62316,62336
62316,62338
62319,62322
62319,62327
62319,62336
62319,62338
62319,62344
62322,62327
62322,62336
62322,62338
62322,62344
62322,62345
62327,62336
62327,62338
62327,62344
62327,62345
62327,62346
62336,62338
62336,62344
62336,62345
62336,62346
62336,62357
62338,62344
62338,62345
62338,62346
62338,62360
62338,63784
62338,71409
62344,62345
62344,62346
62344,62357
62344,62360
62344,62375
62345,62346
62345,62357
62345,62360
62345,62375
62345,62379
62345,82170
62346,62357
62346,62360
62346,62375
62346,62379
62346,62382
62357,62360
62357,62375
62357,62379
62357,62382
62357,62383
62360,62375
62360,62379
62360,62383
62360,62390
62360,76975
62375,62379
62375,62382
62375,62390
62375,62391
62379,62382
62379,62383
62379,62390
62379,62391
62379,62396
62379,93861
62382,62383
62382,62390
62382,62391
62382,62396
62382,62398
62383,62390
62383,62391
62383,62396
62383,62398
62383,62402
62390,62391
62390,62396
62390,62398
62390,62402
62390,62405
62391,62396
62391,62398
62391,62405
62391,62406
62396,62398
62396,62402
62396,62405
62396,62406
62396,62409
62398,62402
62398,62405
62398,62406
62398,62411
62398,70152
62398,99209
62398,96471
62398,90813
62402,62405
62402,62406
62402,62409
62402,62411
62402,62414
62405,62406
62405,62409
62405,62411
62405,62414
62405,71805
62406,62409
62406,62411
62406,62414
62406,62417
62406,62422
62409,62411
62409,62414
62409,62417
62409,62422
62409,62427
62411,62414
62411,62417
62411,62422
62411,62427
62411,62430
62414,62417
62414,62422
62414,62427
62414,62430
62414,62431
62417,62422
62417,62427
62417,62430
62417,62431
62417,62440
62422,62427
62422,62430
62422,62431
62422,62440
62422,62441
62427,62430
62427,62431
62427,62440
62427,62441
62427,62451
62430,62431
62430,62440
62430,62441
62430,62451
62430,62455
62431,62440
62431,62441
62431,62451
62431,62455
62440,62451
62440,62455
62440,62457
62440,62459
62441,62455
62441,62457
62441,62459
62441,62462
62441,85000
62451,62455
62451,62457
62451,62459
62451,62462
62451,62463
62455,62459
62455,62462
62455,62463
62455,62464
62457,62459
62457,62462
62457,62463
62457,62465
62457,69668
62459,62462
62459,62463
62459,62464
62459,62465
62459,62474
62462,62463
62462,62464
62462,62465
62462,62474
62462,62480
62463,62464
62463,62465
62463,62474
62463,62487
62464,62465
62464,62474
62464,62480
62464,62487
62464,62489
62465,62474
62465,62480
62465,62487
62465,62489
62465,62491
62474,62480
62474,62489
62474,62491
62474,62493
62474,91379
62480,62487
62480,62489
62480,62491
62480,62493
62480,62494
62487,62489
62487,62491
62487,62493
62487,62494
62487,62500
62487,66040
62489,62491
62489,62493
62489,62494
62489,62500
62489,62512
62491,62493
62491,62500
62491,62512
62491,62514
62493,62494
62493,62500
62493,62512
62493,62514
62493,62526
62494,62500
62494,62512
62494,62514
62494,62526
62494,62530
62494,70635
62500,62512
62500,62530
62500,62532
62500,72116
62512,62514
62512,62526
62512,62530
62512,62532
62512,62536
62514,62530
62514,62532
62514,62536
62514,62538
62514,88440
62514,94383
62514,99668
62526,62530
62526,62532
62526,62536
62526,62538
62526,62539
62530,62532
62530,62538
62530,62539
62532,62536
62532,62538
62532,62539
62532,62541
62536,62538
62536,62541
62536,62550
62536,62557
62538,62539
62538,62541
62538,62550
62538,62557
62538,62568
62539,62541
62539,62550
62539,62557
62539,62568
62539,92626
62541,62550
62541,62557
62541,62568
62541,62570
62541,62574
62550,62568
62550,62570
62550,62581
62550,68649
62557,62570
62557,62574
62557,62581
62557,62585
62557,92780
62568,62570
62568,62574
62568,62581
62568,62585
62568,62588
62570,62574
62570,62581
62570,62585
62570,62591
62574,62581
62574,62585
62574,62588
62574,62591
62574,62592
62581,62585
62581,62588
62581,62591
62581,62598
62585,62588
62585,62591
62585,62592
62585,62598
62585,62600
62588,62591
62588,62592
62588,62598
62588,62600
62588,62605
62591,62592
62591,62600
62591,62605
62591,62607
62592,62598
62592,62600
62592,62605
62592,62607
62592,62617
62598,62600
62598,62605
62598,62607
62598,62618
62600,62605
62600,62607
62600,62617
62600,62618
62600,62623
62605,62607
62605,62618
62605,62623
62605,62629
62607,62617
62607,62618
62607,62623
62607,62629
62607,62633
62617,62618
62617,62629
62617,62633
62617,62634
62617,75986
62618,62629
62618,62633
62618,62634
62618,62637
62623,62629
62623,62633
62623,62634
62623,62638
62629,62634
62629,62637
62629,62638
62629,62651
62633,62634
62633,62637
62633,62638
62633,62651
62633,62653
62634,62638
62634,62651
62634,62653
62634,62654
62637,62638
62637,62651
62637,62653
62637,62654
62637,62656
62638,62651
62638,62653
62638,62654
62638,62656
62638,62658
62651,62653
62651,62654
62651,62656
62651,62658
62651,62660
62653,62654
62653,62656
62653,62658
62653,62660
62653,62663
62653,91129
62653,70245
62654,62656
62654,62658
62654,62660
62654,62663
62654,62670
62656,62658
62656,62660
62656,62663
62656,62670
62658,62660
62658,62663
62658,62670
62658,62672
62658,62683
62660,62663
62660,62670
62660,62683
62660,62694
62663,62670
62663,62672
62663,62683
62663,62694
62663,62696
62670,62672
62670,62683
62670,62694
62670,62696
62670,62701
62672,62683
62672,62694
62672,62696
62672,62701
62672,62710
62683,62694
62683,62696
62683,62701
62683,62710
62683,62711
62683,71956
62694,62696
62694,62710
62694,62711
62694,62716
62696,62701
62696,62710
62696,62711
62696,62716
62696,62717
62701,62710
62701,62711
62701,62716
62701,62717
62701,62718
62710,62711
62710,62716
62710,62718
62710,62720
62710,68656
62710,70429
62711,62716
62711,62717
62711,62718
62711,62721
62716,62717
62716,62718
62716,62720
62716,62721
62716,62725
62717,62718
62717,62720
62717,62721
62717,62725
62717,62726
62718,62720
62718,62721
62718,62725
62718,62726
62718,62728
62720,62721
62720,62725
62720,62726
62720,62728
62721,62725
62721,62726
62721,62728
62721,62738
62721,62740
62725,62726
62725,62738
62725,62740
62725,62745
62725,74769
62726,62728
62726,62740
62726,62745
62726,62752
62726,66040
62728,62738
62728,62740
62728,62745
62728,62752
62728,62762
62738,62745
62738,62752
62738,62762
62738,62763
62738,93177
62738,98591
62740,62745
62740,62752
62740,62762
62740,62763
62740,62770
62745,62752
62745,62762
62745,62763
62745,62770
62745,62772
62752,62762
62752,62763
62752,62770
62752,62772
62752,62774
62752,72851
62762,62763
62762,62770
62762,62772
62762,62774
62762,62781
62762,63715
62763,62770
62763,62772
62763,62774
62763,62781
62763,62785
62770,62772
62770,62774
62770,62781
62770,62785
62772,62774
62772,62781
62772,62789
62772,62799
62772,85930
62774,62781
62774,62785
62774,62789
62774,62799
62774,62805
62781,62785
62781,62789
62781,62799
62781,62805
62781,62812
62781,78921
62785,62789
62785,62805
62785,62812
62785,62818
62789,62799
62789,62805
62789,62812
62789,62818
62789,62819
62799,62805
62799,62812
62799,62819
62799,62820
62799,95468
62805,62812
62805,62818
62805,62819
62805,62820
62805,62823
62812,62819
62812,62820
62812,62825
62812,90196
62812,72121
62818,62819
62818,62820
62818,62823
62818,62825
62818,62835
62819,62820
62819,62823
62819,62825
62819,62835
62819,62849
62820,62823
62820,62825
62820,62835
62820,62849
62820,62852
62823,62825
62823,62835
62823,62849
62823,62852
62823,62854
62825,62835
62825,62849
62825,62852
62825,62854
62825,62861
62835,62849
62835,62852
62835,62854
62835,62861
62835,62865
62849,62852
62849,62854
62849,62861
62849,62867
62852,62854
62852,62861
62852,62865
62852,62867
62852,62868
62854,62861
62854,62865
62854,62867
62854,62868
62854,62869
62854,79053
62861,62865
62861,62867
62861,62868
62861,62869
62861,62872
62861,83188
62865,62867
62865,62868
62865,62869
62865,62872
62865,62874
62867,62868
62867,62872
62867,62874
62867,62879
62867,67986
62868,62869
62868,62872
62868,62874
62868,62879
62868,62881
62869,62874
62869,62879
62869,62881
62869,62895
62872,62879
62872,62881
62872,62895
62872,62896
62874,62879
62874,62895
62874,62903
62874,99176
62879,62881
62879,62895
62879,62896
62879,62903
62879,62908
62881,62896
62881,62908
62881,62914
62881,98917
62895,62896
62895,62903
62895,62908
62895,62914
62895,62917
62895,99220
62896,62903
62896,62908
62896,62914
62896,62917
62896,62919
62896,72373
62903,62908
62903,62914
62903,62917
62903,62919
62903,62921
62908,62914
62908,62917
62908,62919
62908,62921
62908,62924
62914,62917
62914,62919
62914,62921
62914,62934
62914,75056
62917,62919
62917,62921
62917,62924
62917,62935
62919,62921
62919,62924
62919,62935
62919,62940
62919,69915
62921,62924
62921,62934
62921,62935
62921,62940
62921,62941
62924,62934
62924,62935
62924,62940
62924,62943
62934,62935
62934,62940
62934,62941
62934,62943
62934,62944
62935,62940
62935,62941
62935,62943
62935,62944
62935,62946
62940,62941
62940,62943
62940,62944
62940,62946
62940,62952
62941,62943
62941,62944
62941,62946
62941,62952
62941,62958
62943,62944
62943,62946
62943,62952
62943,62958
62943,62963
62944,62946
62944,62952
62944,62958
62944,62963
62946,62952
62946,62958
62946,62963
62946,62969
62946,62972
62952,62958
62952,62963
62952,62969
62952,62972
62952,62973
62958,62963
62958,62969
62958,62972
62958,62980
62963,62969
62963,62972
62963,62973
62963,62980
62969,62972
62969,62973
62969,84813
62969,70245
62972,62973
62972,62980
62972,62984
62972,62991
62972,94324
62973,62980
62973,62982
62973,62984
62973,62991
62973,62995
62980,62982
62980,62984
62980,62991
62980,62995
62980,71895
62982,62984
62982,62991
62982,62995
62982,62999
62982,66955
62984,62991
62984,62995
62984,62997
62984,62999
62984,63005
62991,62995
62991,62997
62991,62999
62991,63005
62991,83678
62995,62997
62995,62999
62995,63005
62995,63012
62997,62999
62997,63005
62997,63007
62997,63012
62997,63014
62997,69964
62999,63005
62999,63007
62999,63012
62999,63014
62999,63018
63005,63007
63005,63012
63005,63014
63005,63018
63005,63027
63007,63012
63007,63014
63007,63018
63007,63027
63007,63029
63007,98321
63012,63014
63012,63018
63012,63027
63012,63029
63012,63030
63014,63018
63014,63027
63014,63029
63014,63030
63014,63039
63018,63027
63018,63029
63018,63030
63018,63039
63018,63040
63027,63029
63027,63030
63027,63039
63027,63040
63027,63042
63029,63030
63029,63039
63029,63040
63029,63042
63029,63047
63029,65287
63030,63040
63030,63042
63030,63047
63030,63056
63039,63040
63039,63042
63039,63047
63039,63059
63039,73680
63040,63042
63040,63047
63040,63056
63040,63059
63040,63060
63042,63047
63042,63056
63042,63059
63042,63060
63042,63062
63047,63056
63047,63059
63047,63060
63047,63062
63047,63066
63056,63059
63056,63060
63056,63062
63056,63066
63056,63067
63059,63060
63059,63062
63059,63066
63059,63067
63059,63068
63059,75550
63060,63062
63060,63066
63060,63067
63060,63068
63060,63075
63062,63066
63062,63067
63062,63068
63062,63075
63062,63077
63066,63068
63066,63075
63066,63077
63066,63081
63067,63068
63067,63075
63067,63077
63067,63081
63067,63085
63068,63075
63068,63077
63068,63081
63068,63085
63068,63087
63075,63077
63075,63081
63075,63085
63075,63087
63075,63091
63077,63081
63077,63085
63077,63087
63077,63091
63077,63095
63081,63085
63081,63087
63081,63091
63081,63095
63081,63097
63085,63087
63085,63091
63085,63095
63085,63097
63085,63098
63087,63091
63087,63095
63087,63097
63087,63100
63091,63095
63091,63097
63091,63098
63091,63100
63091,63103
63095,63097
63095,63098
63095,63100
63095,63103
63095,63111
63095,96043
63097,63098
63097,63100
63097,63103
63097,63111
63097,63125
63098,63100
63098,63103
63098,63111
63098,63125
63098,63127
63100,63103
63100,63125
63100,63127
63100,63131
63103,63111
63103,63125
63103,63127
63103,63136
63103,81607
63111,63125
63111,63127
63111,63131
63111,63136
63111,63137
63125,63127
63125,63131
63125,63136
63125,63137
63125,94254
63127,63131
63127,63136
63127,63137
63127,63138
63131,63136
63131,63137
63131,63138
63131,63142
63131,63143
63131,99808
63136,63137
63136,63138
63136,63142
63136,63143
63136,63144
63137,63138
63137,63142
63137,63143
63137,63144
63137,95485
63138,63142
63138,63143
63138,63144
63138,63149
63138,63153
63142,63143
63142,63144
63142,63149
63142,63153
63142,63162
63143,63144
63143,63149
63143,63162
63143,63164
63143,88722
63144,63149
63144,63153
63144,63164
63144,63165
63144,91722
63149,63162
63149,63165
63149,63167
63149,92464
63153,63162
63153,63164
63153,63165
63153,63167
63153,63172
63162,63164
63162,63165
63162,63167
63162,63172
63162,63175
63164,63165
63164,63167
63164,63172
63164,63175
63164,95782
63165,63167
63165,63172
63165,63175
63165,63183
63165,63187
63165,73504
63167,63172
63167,63175
63167,63183
63167,63187
63167,63194
63172,63175
63172,63183
63172,63187
63172,63194
63172,63197
63175,63183
63175,63187
63175,63194
63175,63197
63175,63205
63183,63187
63183,63194
63183,63205
63183,63209
63187,63194
63187,63197
63187,63209
63187,68553
63194,63197
63194,63205
63194,63209
63194,63211
63194,63213
63194,72852
63197,63205
63197,63209
63197,63211
63197,63213
63197,63214
63205,63209
63205,63211
63205,63213
63205,63214
63205,63217
63209,63213
63209,63214
63209,63217
63211,63213
63211,63214
63211,63217
63211,63219
63211,63224
63213,63214
63213,63217
63213,63219
63213,63224
63213,63225
63214,63224
63214,63225
63214,63233
63214,81477
63217,63219
63217,63224
63217,63225
63217,63233
63217,63234
63219,63224
63219,63225
63219,63233
63219,63234
63219,63240
63224,63225
63224,63233
63224,63234
63224,63241
63225,63233
63225,63234
63225,63240
63225,63241
63225,63242
63233,63234
63233,63240
63233,63241
63233,63242
63233,63243
63234,63240
63234,63241
63234,63242
63234,63243
63240,63242
63240,63243
63240,63244
63240,63248
63240,90603
63241,63242
63241,63243
63241,63248
63241,63251
63241,86972
63242,63243
63242,63244
63242,63248
63242,63251
63242,63252
63243,63244
63243,63248
63243,63251
63243,63252
63244,63251
63244,63252
63244,63254
63244,63255
63244,70295
63248,63251
63248,63252
63248,63254
63248,63256
63251,63252
63251,63254
63251,63255
63251,63256
63251,66508
63251,66331
63252,63254
63252,63255
63252,63256
63252,63257
63252,63263
63254,63255
63254,63256
63254,63257
63254,63263
63254,63264
63255,63256
63255,63263
63255,63267
63255,86019
63256,63257
63256,63263
63256,63264
63256,63267
63256,63276
63257,63263
63257,63264
63257,63267
63257,63276
63257,63277
63257,82927
63263,63264
63263,63267
63263,63276
63263,63277
63263,63278
63264,63267
63264,63277
63264,63278
63264,63282
63264,91116
63264,89733
63267,63276
63267,63277
63267,63278
63267,63282
63267,63286
63276,63277
63276,63278
63276,63282
63276,63292
63277,63278
63277,63282
63277,63286
63277,63292
63277,63300
63277,81447
63278,63282
63278,63286
63278,63292
63278,63301
63278,85118
63278,88370
63282,63286
63282,63292
63282,63300
63282,63301
63282,63305
63286,63292
63286,63300
63286,63301
63286,63305
63286,63308
63292,63301
63292,63305
63292,63308
63292,63312
63292,85747
63300,63301
63300,63305
63300,63308
63300,63312
63300,63321
63300,66126
63301,63305
63301,63308
63301,63312
63301,63323
63305,63308
63305,63312
63305,63321
63305,63323
63305,63324
63308,63312
63308,63321
63308,63323
63308,63324
63308,63326
63312,63321
63312,63323
63312,63324
63312,63336
63321,63323
63321,63324
63321,63326
63321,63336
63321,63338
63321,83201
63323,63324
63323,63326
63323,63336
63323,63338
63323,63346
63323,88276
63324,63336
63324,63338
63324,63346
63324,63354
63324,76281
63326,63336
63326,63338
63326,63346
63326,63354
63336,63338
63336,63346
63336,63354
63336,63359
63336,63362
63336,96838
63338,63354
63338,63359
63338,63362
63338,63363
63346,63354
63346,63359
63346,63362
63346,63363
63346,63368
63346,64604
63354,63359
63354,63362
63354,63363
63354,63368
63354,63370
63359,63362
63359,63363
63359,63368
63359,63370
63359,63371
63362,63363
63362,63368
63362,63370
63362,63371
63362,63374
63363,63368
63363,63370
63363,63371
63363,63374
63363,63378
63368,63370
63368,63371
63368,63374
63368,63378
63368,63389
63370,63371
63370,63374
63370,63378
63370,63389
63370,63391
63370,77854
63371,63374
63371,63378
63371,63389
63371,63391
63371,63393
63374,63389
63374,63391
63374,63393
63374,63394
63374,75076
63378,63389
63378,63391
63378,63393
63378,63394
63378,63407
63389,63391
63389,63393
63389,63407
63389,63409
63391,63393
63391,63394
63391,63407
63391,63409
63391,63413
63393,63394
63393,63407
63393,63409
63393,63413
63393,63414
63394,63407
63394,63409
63394,63414
63394,63418
63407,63409
63407,63413
63407,63414
63407,63418
63407,63420
63409,63413
63409,63414
63409,63418
63409,63420
63409,63424
63413,63414
63413,63418
63413,63420
63413,63424
63413,63425
63413,86850
63414,63418
63414,63420
63414,63424
63414,63425
63414,63427
63418,63424
63418,63427
63418,63438
63418,95826
63420,63424
63420,63425
63420,63427
63420,63438
63420,63440
63424,63425
63424,63427
63424,63438
63424,63440
63424,63442
63424,66094
63424,86693
63425,63427
63425,63440
63425,63442
63425,63449
63425,84231
63425,96506
63427,63442
63427,63449
63427,63454
63438,63442
63438,63449
63438,63459
63438,64129
63440,63442
63440,63449
63440,63454
63440,63459
63440,63461
63442,63449
63442,63454
63442,63459
63442,63461
63442,63471
63449,63454
63449,63461
63449,63471
63449,63472
63454,63459
63454,63461
63454,63471
63454,63473
63459,63461
63459,63471
63459,63472
63459,63473
63459,63478
63461,63471
63461,63473
63461,63478
63461,63482
63471,63472
63471,63478
63471,63482
63471,63483
63472,63473
63472,63478
63472,63482
63472,63486
63472,80429
63472,85444
63473,63478
63473,63482
63473,63483
63473,63486
63473,63489
63478,63482
63478,63483
63478,63486
63478,63489
63478,63497
63482,63483
63482,63486
63482,63489
63482,63497
63483,63486
63483,63489
63483,63497
63483,63498
63483,63500
63486,63489
63486,63497
63486,63498
63486,63500
63489,63497
63489,63498
63489,63500
63489,63510
63489,63516
63497,63498
63497,63500
63497,63510
63497,63517
63498,63500
63498,63510
63498,63516
63498,63517
63498,63520
63500,63510
63500,63516
63500,63520
63500,63521
63500,89436
63510,63516
63510,63517
63510,63520
63510,63521
63510,63522
63516,63517
63516,63520
63516,63521
63516,63524
63517,63520
63517,63521
63517,63522
63517,63524
63517,63528
63520,63521
63520,63522
63520,63524
63520,63544
63520,94900
63521,63522
63521,63524
63521,63528
63521,63544
63521,63545
63522,63524
63522,63528
63522,63544
63522,63545
63522,63549
63522,78055
63524,63528
63524,63544
63524,63545
63524,63549
63524,63553
63528,63544
63528,63545
63528,63549
63528,63553
63528,63559
63544,63545
63544,63549
63544,63553
63544,63559
63544,63562
63545,63549
63545,63553
63545,63559
63545,63562
63545,63564
63545,86699
63549,63553
63549,63559
63549,63562
63549,63564
63549,69694
63553,63559
63553,63562
63553,63564
63553,63566
63553,63567
63559,63562
63559,63564
63559,63566
63559,63567
63559,63572
63562,63564
63562,63566
63562,63567
63562,63572
63562,63574
63564,63566
63564,63567
63564,63572
63564,63576
63566,63567
63566,63572
63566,63574
63566,63576
63566,63582
63566,99975
63567,63572
63567,63574
63567,63576
63567,63588
63572,63574
63572,63576
63572,63582
63572,63588
63572,63597
63572,97052
63574,63576
63574,63582
63574,63588
63574,63597
63574,63606
63576,63582
63576,63588
63576,63597
63576,63613
63576,76811
63582,63588
63582,63597
63582,63606
63582,63613
63582,63615
63588,63606
63588,63613
63588,63615
63588,63618
63597,63606
63597,63613
63597,63615
63597,63620
63597,65359
63606,63613
63606,63615
63606,63618
63606,63620
63606,63631
63613,63615
63613,63618
63613,63620
63613,63631
63613,63633
63615,63618
63615,63620
63615,63633
63615,63636
63618,63620
63618,63631
63618,63633
63618,63636
63618,63639
63620,63631
63620,63636
63620,63639
63620,63641
63631,63633
63631,63636
63631,63639
63631,63641
63631,63643
63633,63639
63633,63641
63633,63643
63633,63654
63633,86010
63636,63639
63636,63641
63636,63643
63636,63654
63636,63660
63639,63641
63639,63643
63639,63654
63639,63664
63639,97230
63641,63643
63641,63654
63641,63660
63641,63664
63641,63672
63643,63654
63643,63660
63643,63664
63643,63672
63643,63673
63654,63660
63654,63664
63654,63672
63654,63673
63654,63677
63660,63664
63660,63672
63660,63673
63660,63677
63660,63681
63660,85864
63664,63672
63664,63677
63664,63681
63664,63684
63664,93775
63672,63673
63672,63677
63672,63681
63672,63685
63673,63677
63673,63681
63673,63684
63673,63685
63673,63686
63673,99830
63677,63681
63677,63684
63677,63685
63677,63686
63677,63691
63681,63684
63681,63685
63681,63686
63681,63691
63681,71321
63684,63685
63684,63686
63684,63691
63684,63692
63684,63696
63685,63686
63685,63691
63685,63692
63685,63696
63685,63702
63686,63691
63686,63692
63686,63696
63686,63705
63686,72610
63691,63692
63691,63696
63691,63705
63691,63706
63691,98225
63692,63696
63692,63702
63692,63705
63692,63706
63692,79883
63696,63702
63696,63705
63696,63706
63696,63707
63696,63714
63702,63705
63702,63706
63702,63707
63702,63715
63705,63706
63705,63707
63705,63714
63705,63715
63705,63744
63705,82834
63705,92803
63706,63707
63706,63714
63706,63715
63706,63744
63706,63752
63707,63714
63707,63715
63707,63744
63707,63764
63707,89931
63714,63715
63714,63744
63714,63752
63714,63764
63714,63767
63715,63744
63715,63752
63715,63764
63744,63752
63744,63764
63744,63767
63744,63768
63744,63772
63752,63764
63752,63767
63752,63768
63752,63772
63752,93329
63764,63767
63764,63768
63764,63772
63764,63783
63764,63784
63767,63768
63767,63772
63767,63783
63767,63784
63767,63785
63768,63772
63768,63783
63768,63784
63768,63785
63768,63788
63772,63783
63772,63784
63772,63785
63772,63788
63772,63789
63783,63784
63783,63785
63783,63788
63783,63789
63783,63792
63783,96045
63784,63785
63784,63788
63784,63789
63784,63792
63784,63794
63785,63788
63785,63789
63785,63792
63785,63794
63785,63795
63788,63792
63788,63794
63788,63795
63788,63800
63789,63792
63789,63794
63789,63795
63789,63800
63789,63810
63792,63794
63792,63795
63792,63800
63792,63810
63792,63813
63794,63810
63794,63813
63794,63822
63795,63800
63795,63810
63795,63813
63795,63822
63795,63825
63800,63810
63800,63813
63800,63822
63800,63825
63800,63826
63810,63813
63810,63822
63810,63825
63810,63826
63810,63834
63813,63825
63813,63826
63813,63834
63813,63836
63813,73733
63822,63825
63822,63826
63822,63834
63825,63826
63825,63834
63825,63838
63825,63840
63826,63836
63826,63838
63826,63840
63826,63841
63834,63836
63834,63838
63834,63840
63834,63841
63834,63842
63836,63838
63836,63840
63836,63841
63836,63842
63836,63843
63838,63840
63838,63841
63838,63842
63838,63843
63838,63844
63840,63842
63840,63843
63840,63844
63840,63859
63840,68873
63841,63842
63841,63843
63841,63859
63841,63865
63841,92131
63842,63843
63842,63844
63842,63859
63842,63865
63842,63869
63843,63844
63843,63865
63843,63869
63843,63871
63844,63859
63844,63865
63844,63869
63844,63871
63844,63873
63859,63865
63859,63869
63859,63871
63859,63873
63859,63876
63865,63873
63865,63876
63865,63880
63865,76090
63865,72860
63869,63871
63869,63873
63869,63876
63869,63880
63869,63881
63871,63873
63871,63876
63871,63880
63871,63881
63871,63882
63873,63876
63873,63880
63873,63881
63873,63882
63873,63884
63876,63880
63876,63881
63876,63882
63876,63884
63876,63886
63880,63881
63880,63882
63880,63884
63880,63886
63880,63888
63881,63882
63881,63884
63881,63886
63881,63888
63881,63890
63882,63884
63882,63886
63882,63888
63882,63890
63882,63896
63884,63886
63884,63888
63884,63890
63884,63896
63884,63898
63886,63888
63886,63890
63886,63896
63886,63898
63886,63901
63888,63890
63888,63896
63888,63898
63888,63901
63888,63903
63890,63896
63890,63898
63890,63901
63890,63903
63890,63904
63890,91978
63896,63898
63896,63901
63896,63903
63896,63904
63896,63906
63898,63901
63898,63904
63898,63906
63898,63921
63898,73546
63901,63903
63901,63904
63901,63906
63901,63921
63901,63922
63903,63904
63903,63906
63903,63921
63903,63922
63903,63931
63904,63906
63904,63921
63904,63922
63904,63931
63904,63934
63906,63921
63906,63922
63906,63941
63906,92864
63921,63922
63921,63931
63921,63934
63921,63941
63921,63946
63922,63931
63922,63934
63922,63941
63922,63946
63922,63949
63922,70157
63931,63934
63931,63941
63931,63946
63931,63949
63931,63955
63934,63941
63934,63946
63934,63949
63934,63955
63934,63963
63941,63949
63941,63955
63941,63963
63941,63965
63946,63949
63946,63963
63946,63965
63946,63966
63949,63955
63949,63963
63949,63965
63949,63966
63949,63978
63955,63963
63955,63966
63955,63978
63955,63980
63955,66955
63963,63966
63963,63978
63963,63981
63963,98479
63965,63966
63965,63978
63965,63980
63965,63981
63965,70289
63966,63978
63966,63980
63966,63981
63966,63986
63978,63980
63978,63981
63978,63986
63978,63987
63978,63990
63980,63981
63980,63986
63980,63987
63980,63990
63980,63991
63981,63986
63981,63987
63981,63990
63981,63991
63981,63992
63986,63987
63986,63990
63986,63991
63986,63992
63986,63998
63986,83715
63987,63990
63987,63991
63987,63992
63987,63998
63987,63999
63990,63991
63990,63992
63990,63998
63990,63999
63990,64000
63991,63992
63991,63998
63991,63999
63991,64000
63991,64004
63992,63998
63992,63999
63992,64000
63992,64004
63992,64007
63998,63999
63998,64000
63998,64004
63998,64007
63998,64013
63999,64000
63999,64004
63999,64007
63999,64013
63999,64014
64000,64007
64000,64013
64000,64014
64000,64022
64000,75883
64004,64007
64004,64013
64004,64014
64004,64022
64004,64023
64007,64014
64007,64022
64007,64023
64007,64028
64007,94665
64013,64014
64013,64022
64013,64023
64013,64028
64013,64032
64013,82586
64014,64022
64014,64023
64014,64028
64014,64032
64014,64038
64022,64023
64022,64028
64022,64038
64022,64044
64023,64028
64023,64032
64023,64044
64023,64045
64028,64038
64028,64044
64028,64045
64028,64058
64028,86590
64032,64038
64032,64045
64032,64058
64032,64064
64038,64044
64038,64045
64038,64064
64038,64078
64044,64045
64044,64058
64044,64064
64044,64078
64044,64081
64045,64058
64045,64064
64045,64078
64045,64083
64058,64078
64058,64083
64058,64087
64064,64078
64064,64081
64064,64083
64064,64087
64078,64081
64078,64087
64078,64095
64078,95099
64078,93127
64081,64083
64081,64087
64081,64095
64081,64098
64081,64099
64081,70661
64083,64087
64083,64095
64083,64098
64083,64099
64083,64100
64087,64095
64087,64098
64087,64099
64087,64100
64087,64103
64087,70940
64095,64098
64095,64099
64095,64100
64095,64103
64095,64104
64098,64100
64098,64103
64098,64104
64098,64108
64099,64100
64099,64103
64099,64104
64099,64108
64099,64109
64100,64103
64100,64104
64100,64108
64100,64109
64100,64110
64103,64104
64103,64108
64103,64110
64103,64111
64104,64108
64104,64109
64104,64110
64104,64111
64104,64115
64104,68947
64108,64109
64108,64110
64108,64111
64108,64115
64108,64123
64109,64110
64109,64111
64109,64115
64109,64123
64109,64129
64110,64111
64110,64115
64110,64123
64110,64129
64110,64136
64111,64115
64111,64123
64111,64129
64111,64136
64111,64137
64115,64123
64115,64129
64115,64136
64115,64137
64115,64141
64123,64136
64123,64137
64123,64141
64123,64148
64123,71798
64129,64136
64129,64141
64129,64148
64129,64149
64129,91056
64136,64137
64136,64141
64136,64149
64136,64165
64136,70139
64137,64141
64137,64148
64137,64149
64137,64165
64137,97283
64141,64148
64141,64149
64141,64165
64141,64167
64141,64171
64148,64149
64148,64165
64148,64171
64148,64174
64149,64165
64149,64167
64149,64171
64149,64174
64149,64180
64165,64167
64165,64171
64165,64174
64165,64180
64165,64181
64167,64171
64167,64174
64167,64180
64167,64181
64167,64183
64171,64174
64171,64180
64171,64181
64171,64183
64171,64184
64174,64180
64174,64181
64174,64183
64174,64186
64180,64181
64180,64183
64180,64184
64180,64186
64180,64193
64181,64186
64181,64193
64181,64200
64181,99167
64183,64184
64183,64186
64183,64200
64183,64203
64184,64186
64184,64193
64184,64200
64184,64203
64184,64204
64186,64193
64186,64200
64186,64203
64186,64204
64186,64205
64186,96166
64193,64200
64193,64203
64193,64204
64193,64205
64193,64206
64193,66408
64200,64203
64200,64205
64200,64206
64200,64209
64200,79360
64203,64204
64203,64205
64203,64206
64203,64209
64203,94194
64204,64205
64204,64206
64204,64209
64204,64212
64204,64216
64205,64209
64205,64212
64205,64225
64205,77035
64206,64209
64206,64212
64206,64216
64206,64225
64206,64228
64206,97984
64209,64212
64209,64216
64209,64225
64209,64228
64209,64232
64212,64216
64212,64225
64212,64228
64212,64232
64212,64233
64216,64225
64216,64228
64216,64232
64216,64233
64216,64242
64225,64228
64225,64232
64225,64242
64225,88522
64225,65970
64228,64232
64228,64233
64228,64242
64228,64247
64228,64248
64232,64233
64232,64242
64232,64247
64232,64248
64232,64254
64232,78359
64233,64242
64233,64247
64233,64248
64233,64254
64233,64255
64242,64247
64242,64248
64242,64254
64242,64255
64242,64256
64247,64248
64247,64254
64247,64255
64247,64256
64247,64264
64248,64254
64248,64255
64248,64256
64248,64264
64248,64271
64254,64255
64254,64256
64254,64264
64254,64274
64255,64256
64255,64264
64255,64271
64255,64274
64255,64275
64256,64264
64256,64271
64256,64274
64256,64275
64256,64276
64264,64271
64264,64274
64264,64275
64264,64276
64264,64285
64271,64274
64271,64275
64271,64276
64271,64285
64271,64295
64274,64275
64274,64276
64274,64285
64274,64295
64274,64300
64275,64276
64275,64285
64275,64309
64275,98564
64275,73152
64276,64295
64276,64309
64276,64312
64276,75595
64276,86746
64285,64295
64285,64300
64285,64309
64285,64312
64285,64317
64295,64300
64295,64309
64295,64312
64295,64317
64295,64318
64300,64312
64300,64317
64300,64318
64300,90895
64309,64312
64309,64317
64309,64318
64309,64322
64309,97199
64312,64317
64312,64318
64312,64322
64312,64324
64317,64318
64317,64320
64317,64322
64317,64324
64317,64328
64318,64320
64318,64322
64318,64324
64318,64328
64318,64329
64320,64322
64320,64324
64320,64328
64320,64329
64320,64330
64322,64329
64322,64330
64322,64341
64322,88074
64322,72919
64322,79883
64324,64328
64324,64329
64324,64330
64324,64341
64324,64343
64328,64329
64328,64330
64328,64341
64328,64343
64328,64344
64329,64330
64329,64341
64329,64343
64329,64344
64329,64349
64329,77943
64330,64341
64330,64343
64330,64344
64330,64349
64330,64353
64330,76933
64330,89863
64341,64343
64341,64344
64341,64349
64341,64353
64341,64356
64343,64344
64343,64349
64343,64353
64343,64356
64343,64357
64344,64349
64344,64356
64344,64357
64344,64361
64349,64353
64349,64356
64349,64357
64349,64361
64349,64370
64353,64356
64353,64357
64353,64361
64353,64370
64353,64374
64353,96585
64356,64357
64356,64361
64356,64370
64356,64374
64356,64381
64357,64361
64357,64370
64357,64374
64357,64381
64357,64398
64361,64370
64361,64374
64361,64381
64361,64398
64361,64400
64370,64381
64370,64398
64370,64400
64370,79618
64370,67847
64374,64381
64374,64398
64374,64400
64374,64412
64374,64416
64374,80076
64381,64398
64381,64400
64381,64412
64381,64416
64381,64424
64398,64400
64398,64412
64398,64416
64398,64424
64398,64427
64398,69885
64398,80289
64400,64412
64400,64416
64400,64424
64400,64427
64400,64433
64412,64416
64412,64424
64412,64427
64412,64433
64412,64440
64416,64424
64416,64427
64416,64433
64416,64440
64416,64445
64424,64427
64424,64433
64424,64440
64424,64445
64424,64448
64427,64433
64427,64440
64427,64445
64427,64448
64427,64449
64433,64440
64433,64445
64433,64448
64433,64449
64433,64458
64440,64445
64440,64448
64440,64458
64440,64463
64445,64448
64445,64449
64445,64458
64445,64463
64445,64467
64445,84440
64448,64449
64448,64458
64448,64463
64448,64467
64448,64468
64449,64458
64449,64463
64449,64467
64449,64468
64449,64470
64458,64463
64458,64467
64458,64468
64458,64470
64458,64476
64463,64467
64463,64468
64463,64470
64463,64476
64463,64480
64467,64468
64467,64470
64467,64476
64467,64480
64467,64482
64468,64476
64468,64480
64468,64482
64470,64476
64470,64480
64470,64482
64470,64484
64470,64485
64476,64480
64476,64482
64476,64484
64476,64485
64476,64487
64480,64482
64480,64484
64480,64485
64480,64487
64480,64490
64482,64484
64482,64485
64482,64487
64482,64490
64482,64493
64484,64485
64484,64487
64484,64490
64484,64495
64484,83336
64485,64487
64485,64490
64485,64493
64485,64495
64485,64496
64487,64490
64487,64493
64487,64495
64487,64496
64487,64497
64490,64493
64490,64495
64490,64496
64490,64497
64490,64501
64493,64495
64493,64496
64493,64497
64493,64501
64493,64503
64493,90454
64495,64496
64495,64497
64495,64501
64495,64503
64495,64504
64496,64497
64496,64501
64496,64503
64496,64504
64496,64508
64497,64501
64497,64503
64497,64504
64497,64511
64497,83114
64501,64503
64501,64508
64501,64511
64501,64517
64503,64504
64503,64508
64503,64511
64503,64517
64503,64518
64504,64508
64504,64511
64504,64517
64504,71177
64504,66696
64508,64511
64508,64517
64508,64518
64508,64525
64508,64526
64511,64517
64511,64518
64511,64525
64511,64526
64511,94400
64517,64518
64517,64525
64517,64526
64517,64527
64517,64535
64517,86074
64518,64525
64518,64527
64518,64552
64518,88975
64525,64526
64525,64535
64525,64552
64525,84231
64526,64527
64526,64535
64526,64552
64526,64572
64526,64575
64527,64535
64527,64552
64527,64572
64527,64575
64527,64578
64535,64552
64535,64572
64535,64578
64535,64581
64535,70430
64552,64572
64552,64575
64552,64581
64552,64582
64572,64575
64572,64578
64572,64581
64572,64582
64572,64588
64575,64581
64575,64582
64575,64588
64575,64589
64578,64581
64578,64582
64578,64588
64578,64589
64578,64590
64581,64582
64581,64588
64581,64589
64581,64590
64581,64593
64582,64588
64582,64589
64582,64590
64582,64593
64582,64594
64588,64589
64588,64590
64588,64593
64588,64599
64588,99089
64589,64590
64589,64593
64589,64594
64589,64599
64589,64602
64590,64593
64590,64594
64590,64599
64590,64602
64590,64603
64593,64594
64593,64599
64593,64602
64593,64603
64593,64604
64594,64599
64594,64602
64594,64603
64594,64604
64594,64605
64599,64603
64599,64604
64599,64605
64599,64606
64599,69199
64602,64603
64602,64604
64602,64605
64602,64606
64602,64616
64603,64604
64603,64605
64603,64606
64603,64616
64603,64620
64604,64606
64604,64616
64604,64620
64604,64621
64605,64606
64605,64616
64605,64620
64605,64621
64606,64616
64606,64620
64606,64621
64606,64623
64606,64626
64616,64620
64616,64621
64616,64623
64616,64626
64616,64630
64620,64621
64620,64623
64620,64626
64620,64630
64620,64636
64621,64623
64621,64626
64621,64630
64621,64636
64621,64646
64623,64630
64623,64636
64623,64646
64623,64649
64623,71636
64626,64630
64626,64636
64626,64646
64626,64649
64626,64653
64630,64636
64630,64646
64630,64649
64630,64653
64630,64662
64636,64646
64636,64649
64636,64653
64636,64662
64636,64665
64646,64649
64646,64653
64646,64662
64646,64665
64646,64668
64649,64653
64649,64662
64649,64665
64649,64668
64649,64670
64653,64662
64653,64665
64653,64668
64653,64670
64653,64676
64662,64665
64662,64668
64662,64670
64662,64676
64662,64678
64665,64668
64665,64670
64665,64676
64665,64678
64665,64681
64668,64670
64668,64678
64668,64681
64668,64686
64668,73836
64670,64676
64670,64678
64670,64681
64670,64686
64670,64687
64676,64686
64676,64687
64676,64693
64678,64681
64678,64686
64678,64687
64678,64693
64678,64694
64681,64686
64681,64687
64681,64693
64681,64694
64681,64711
64686,64687
64686,64693
64686,64694
64686,64711
64686,64713
64687,64693
64687,64711
64687,64713
64687,64728
64693,64694
64693,64711
64693,64728
64693,64736
64693,88719
64694,64711
64694,64713
64694,64728
64694,64736
64694,64745
64711,64713
64711,64728
64711,64736
64711,64745
64711,64746
64713,64728
64713,64736
64713,64745
64713,64746
64713,64748
64728,64736
64728,64745
64728,64746
64728,64748
64728,64750
64736,64745
64736,64746
64736,64748
64736,64750
64736,70842
64745,64746
64745,64748
64745,64750
64745,64753
64746,64748
64746,64750
64746,64753
64746,64755
64746,64757
64746,82734
64748,64750
64748,64753
64748,64755
64748,64757
64748,64767
64750,64753
64750,64755
64750,64757
64750,64767
64753,64755
64753,64757
64753,64767
64753,64769
64753,64775
64755,64757
64755,64767
64755,81721
64757,64767
64757,64769
64757,64775
64757,64789
64767,64769
64767,64775
64767,64786
64767,64789
64767,64795
64769,64775
64769,64786
64769,64789
64769,64795
64769,64797
64775,64786
64775,64789
64775,64795
64775,64797
64775,64800
64786,64789
64786,64797
64786,64800
64786,64801
64789,64795
64789,64797
64789,64801
64789,64806
64789,68930
64795,64797
64795,64800
64795,64807
64795,76310
64797,64800
64797,64801
64797,64806
64797,64807
64797,64814
64800,64801
64800,64806
64800,64807
64800,64814
64800,64817
64801,64807
64801,64814
64801,64822
64806,64807
64806,64814
64806,64817
64806,64822
64806,64831
64807,64817
64807,64822
64807,64831
64807,64836
64807,88995
64814,64817
64814,64822
64814,64831
64814,64836
64814,64838
64817,64822
64817,64831
64817,64836
64817,64838
64817,64842
64822,64831
64822,64836
64822,64838
64822,64842
64822,64847
64831,64836
64831,64838
64831,64842
64831,64847
64831,64848
64836,64838
64836,64842
64836,64847
64836,64848
64836,64851
64838,64842
64838,64847
64838,64848
64838,64851
64838,64853
64842,64847
64842,64848
64842,64851
64842,64853
64842,66637
64847,64848
64847,64851
64847,64853
64847,64864
64847,64872
64848,64851
64848,64853
64848,64864
64848,64872
64848,64876
64851,64853
64851,64864
64851,64872
64851,64876
64851,64881
64853,64864
64853,64876
64853,64881
64853,64883
64853,92226
64864,64872
64864,64876
64864,64881
64864,64883
64864,64887
64872,64876
64872,64883
64872,64887
64872,64888
64876,64881
64876,64883
64876,64887
64876,64888
64881,64883
64881,64888
64881,64891
64881,64893
64881,93756
64883,64887
64883,64888
64883,64893
64883,64897
64887,64888
64887,64891
64887,64893
64887,64897
64887,64913
64888,64891
64888,64893
64888,64897
64888,64913
64888,64915
64891,64893
64891,64897
64891,64913
64891,64915
64891,64920
64893,64897
64893,64913
64893,64915
64893,64920
64893,64925
64897,64913
64897,64915
64897,64920
64897,64925
64897,64928
64913,64915
64913,64920
64913,64925
64913,64928
64913,64930
64915,64920
64915,64925
64915,64930
64915,64933
64915,74588
64920,64925
64920,64928
64920,64930
64920,64933
64920,64934
64925,64928
64925,64930
64925,64933
64925,64934
64925,64940
64928,64930
64928,64933
64928,64934
64928,64940
64928,64953
64930,64933
64930,64940
64930,64971
64933,64934
64933,64940
64933,64953
64933,64971
64933,86765
64934,64940
64934,64953
64934,64971
64934,64977
64934,64981
64940,64953
64940,64971
64940,64977
64940,64981
64953,64971
64953,64977
64953,64981
64953,64982
64953,69247
64971,64977
64971,64981
64971,64982
64971,64987
64971,64990
64977,64981
64977,64982
64977,64987
64977,64990
64977,64991
64981,64982
64981,64987
64981,64990
64981,64991
64981,64993
64982,64987
64982,64990
64982,64991
64982,64993
64982,64994
64982,69755
64987,64990
64987,64991
64987,64993
64987,64994
64987,64995
64990,64991
64990,64993
64990,64994
64990,64995
64990,64997
64991,64993
64991,64994
64991,64995
64991,64997
64991,65000
64993,64995
64993,64997
64993,65000
64993,65010
64994,64995
64994,64997
64994,65000
64994,65010
64994,65011
64995,64997
64995,65000
64995,65010
64995,65011
64995,65014
64995,94465
64997,65010
64997,65011
64997,65014
64997,65021
65000,65010
65000,65011
65000,65014
65000,65021
65000,65023
65010,65011
65010,65021
65010,65023
65010,65024
65011,65014
65011,65021
65011,65023
65011,65024
65011,65032
65014,65021
65014,65023
65014,65024
65014,65032
65014,65038
65021,65023
65021,65024
65021,65032
65021,65038
65021,65046
65021,76139
65021,83012
65023,65024
65023,65032
65023,65038
65023,65046
65023,65047
65024,65032
65024,65047
65024,84838
65024,81882
65032,65038
65032,65046
65032,65047
65032,65050
65032,65054
65038,65046
65038,65047
65038,65050
65038,65054
65038,65055
65046,65047
65046,65050
65046,65054
65046,65055
65046,75050
65047,65050
65047,65054
65047,65055
65047,65056
65047,65060
65050,65054
65050,65055
65050,65056
65050,65060
65050,65069
65054,65055
65054,65056
65054,65060
65054,65069
65054,65073
65055,65056
65055,65069
65055,65073
65055,65076
65056,65060
65056,65069
65056,65073
65056,65076
65056,65082
65060,65069
65060,65073
65060,65076
65060,65082
65060,93348
65069,65073
65069,65076
65069,65082
65069,65083
65069,65084
65073,65076
65073,65082
65073,65086
65073,97385
65076,65082
65076,65083
65076,65084
65076,65086
65076,65091
65082,65083
65082,65084
65082,65086
65082,65091
65082,68442
65083,65084
65083,65086
65083,65091
65083,65095
65083,91904
65084,65086
65084,65091
65084,65092
65084,65095
65084,65097
65086,65091
65086,65097
65086,65099
65086,66469
65091,65092
65091,65095
65091,65097
65091,65099
65091,65102
65091,96692
65092,65095
65092,65097
65092,65099
65092,65102
65092,65109
65095,65097
65095,65099
65095,65109
65095,65110
65097,65099
65097,65102
65097,65109
65097,65110
65099,65102
65099,65109
65099,65110
65099,65113
65102,65109
65102,65110
65102,65113
65102,65117
65109,65110
65109,65112
65109,65117
65109,97456
65110,65113
65110,65117
65110,65124
65110,90630
65110,68993
65112,65113
65112,65117
65112,65124
65112,65134
65112,65149
65113,65124
65113,65134
65113,65149
65113,65150
65113,91956
65117,65124
65117,65134
65117,65150
65117,65157
65117,81580
65117,66534
65124,65134
65124,65149
65124,65150
65124,65160
65134,65149
65134,65150
65134,65157
65134,65160
65134,65162
65149,65150
65149,65160
65149,65162
65149,65164
65150,65157
65150,65160
65150,65164
65150,65167
65150,75485
65157,65160
65157,65164
65157,65167
65157,65176
65157,65742
65160,65164
65160,65167
65160,65176
65160,65177
65162,65164
65162,65167
65162,65176
65162,65177
65162,65179
65162,82120
65164,65167
65164,65176
65164,65177
65164,65179
65164,65180
65167,65176
65167,65177
65167,65179
65167,65180
65167,65195
65176,65177
65176,65179
65176,65180
65176,65195
65176,65204
65177,65179
65177,65180
65177,65195
65177,65204
65177,65206
65179,65180
65179,65195
65179,65204
65179,65206
65179,65219
65180,65195
65180,65204
65180,65219
65180,65220
65180,77339
65195,65204
65195,65206
65195,65219
65195,65220
65204,65219
65204,65220
65204,65229
65204,65232
65206,65219
65206,65220
65206,65229
65206,65232
65206,65240
65219,65220
65219,65232
65219,65240
65219,65243
65220,65229
65220,65232
65220,65240
65220,65243
65220,65245
65229,65240
65229,65245
65229,65248
65232,65240
65232,65243
65232,65245
65232,65248
65240,65243
65240,65245
65240,65248
65240,65249
65240,65255
65243,65245
65243,65248
65243,65249
65243,65255
65243,65258
65245,65248
65245,65249
65245,65255
65245,65259
65245,72743
65248,65249
65248,65255
65248,65258
65248,65259
65248,65282
65249,65255
65249,65258
65249,65259
65249,65282
65249,65284
65255,65258
65255,65259
65255,65282
65255,65284
65255,65286
65258,65259
65258,65282
65258,65284
65258,65286
65258,65287
65258,97767
65259,65282
65259,65284
65259,65286
65259,65287
65259,92148
65282,65284
65282,65286
65282,65294
65282,65301
65282,81434
65282,84337
65284,65286
65284,65287
65284,65294
65284,65301
65284,65305
65286,65287
65286,65294
65286,65301
65286,65305
65286,65313
65287,65294
65287,65305
65287,65315
65294,65301
65294,65305
65294,65313
65294,65315
65294,65320
65301,65305
65301,65313
65301,65315
65301,65322
65301,88914
65301,89931
65305,65313
65305,65315
65305,65322
65305,65325
65305,65368
65313,65315
65313,65320
65313,65322
65313,65325
65313,65326
65315,65320
65315,65322
65315,65325
65315,65326
65315,65331
65320,65322
65320,65325
65320,65326
65320,65331
65320,65336
65322,65325
65322,65331
65322,65336
65322,65338
65322,90973
65325,65331
65325,65336
65325,65347
65325,65659
65326,65331
65326,65336
65326,65338
65326,65347
65326,65353
65331,65336
65331,65338
65331,65347
65331,65353
65336,65338
65336,65359
65336,65360
65336,81813
65336,93968
65336,85325
65338,65347
65338,65353
65338,65359
65338,65360
65338,65363
65347,65353
65347,65359
65347,65360
65347,65363
65347,65365
65353,65359
65353,65360
65353,65363
65353,65365
65353,65368
65359,65360
65359,65363
65359,65365
65359,65368
65359,65373
65360,65363
65360,65365
65360,65368
65360,65373
65360,65380
65360,67517
65363,65368
65363,65373
65363,65380
65363,65382
65363,96386
65365,65368
65365,65373
65365,65380
65365,65382
65365,65385
65368,65373
65368,65380
65368,65382
65368,65385
65368,65386
65373,65380
65373,65382
65373,65385
65373,65390
65373,94465
65380,65382
65380,65385
65380,65386
65380,65390
65380,65393
65382,65385
65382,65386
65382,65390
65382,65393
65382,65399
65385,65390
65385,65393
65385,65399
65385,65406
65385,92276
65386,65390
65386,65393
65386,65399
65386,65406
65386,65407
65390,65393
65390,65399
65390,65406
65390,65407
65390,65423
65390,78707
65393,65399
65393,65406
65393,65407
65393,65423
65393,65425
65399,65406
65399,65407
65399,65423
65399,65425
65399,65428
65399,96086
65406,65407
65406,65423
65406,65425
65406,65428
65406,65431
65407,65423
65407,65425
65407,65428
65407,65431
65407,65434
65407,89167
65423,65425
65423,65428
65423,65431
65423,65434
65423,65436
65423,80471
65425,65428
65425,65431
65425,65434
65425,65436
65425,65438
65428,65431
65428,65434
65428,65436
65428,65438
65428,65439
65431,65434
65431,65436
65431,65438
65431,65439
65434,65436
65434,65438
65434,65439
65434,65447
65434,65450
65436,65438
65436,65439
65436,65450
65436,65452
65436,74946
65438,65439
65438,65447
65438,65450
65438,65452
65438,65457
65439,65447
65439,65450
65439,65452
65439,65457
65439,65458
65447,65450
65447,65452
65447,65457
65447,65458
65450,65452
65450,65457
65450,65458
65450,65462
65450,65471
65452,65457
65452,65458
65452,65471
65452,65472
65452,77106
65457,65458
65457,65462
65457,65471
65457,65472
65457,65476
65458,65462
65458,65471
65458,65472
65458,65476
65458,65484
65462,65471
65462,65472
65462,65484
65462,65488
65471,65472
65471,65476
65471,65484
65471,65488
65471,65490
65472,65476
65472,65484
65472,65488
65472,65490
65472,65493
65476,65484
65476,65488
65476,65490
65476,65493
65476,92939
65484,65488
65484,65490
65484,65493
65484,65496
65484,65512
65488,65490
65488,65493
65488,65512
65488,65516
65490,65493
65490,65496
65490,65512
65490,65516
65490,65518
65493,65496
65493,65512
65493,65516
65493,65518
65493,65520
65496,65512
65496,65516
65496,65518
65496,65520
65496,65523
65512,65516
65512,65518
65512,65520
65512,65523
65516,65518
65516,65520
65516,65525
65516,65526
65518,65520
65518,65523
65518,65525
65518,65526
65518,65527
65520,65523
65520,65525
65520,65526
65520,65527
65520,65530
65523,65525
65523,65526
65523,65530
65523,65535
65525,65526
65525,65527
65525,65530
65525,65535
65525,65543
65526,65527
65526,65530
65526,65543
65526,65547
65527,65530
65527,65535
65527,65543
65527,65547
65527,65548
65530,65535
65530,65543
65530,65547
65530,65548
65530,65549
65535,65543
65535,65547
65535,65548
65535,65549
65535,65555
65543,65547
65543,65549
65543,65555
65543,65562
65547,65549
65547,65562
65547,65563
65547,93173
65548,65555
65548,65562
65548,65563
65548,65566
65548,92266
65549,65555
65549,65562
65549,65563
65549,65566
65549,65568
65555,65562
65555,65563
65555,65566
65555,65568
65555,65573
65562,65563
65562,65566
65562,65568
65562,65573
65562,65576
65563,65568
65563,65573
65563,65576
65563,65579
65566,65573
65566,65576
65566,65579
65566,65581
65566,94228
65568,65573
65568,65576
65568,65581
65568,65583
65568,80916
65573,65576
65573,65579
65573,65583
65573,65586
65573,87736
65576,65581
65576,65583
65576,65586
65576,65593
65579,65583
65579,65586
65579,65593
65579,65595
65579,81447
65581,65586
65581,65593
65581,65598
65581,88517
65583,65586
65583,65593
65583,65595
65583,65598
65583,65600
65583,75049
65586,65593
65586,65595
65586,65598
65586,65600
65586,65604
65593,65595
65593,65598
65593,65600
65593,65604
65593,65606
65595,65598
65595,65600
65595,65604
65595,65606
65595,73716
65598,65600
65598,65604
65598,65606
65598,65607
65598,65608
65600,65604
65600,65606
65600,65607
65600,65608
65600,65609
65604,65607
65604,65608
65604,65609
65604,65616
65604,69699
65606,65607
65606,65608
65606,65609
65606,65616
65606,65619
65606,94317
65606,89731
65607,65608
65607,65609
65607,65616
65607,65619
65607,65625
65608,65609
65608,65616
65608,65619
65608,65625
65608,65634
65609,65625
65609,65634
65609,98286
65609,75648
65616,65619
65616,65625
65616,65634
65616,65637
65619,65634
65619,65637
65619,65638
65619,65639
65619,99023
65625,65637
65625,65638
65625,65639
65625,65640
65634,65637
65634,65638
65634,65639
65634,65640
65634,65643
65637,65639
65637,65640
65637,65643
65637,65644
65638,65639
65638,65640
65638,65643
65638,65644
65638,65647
65639,65640
65639,65643
65639,65644
65639,65653
65640,65643
65640,65644
65640,65647
65640,65653
65640,65659
65643,65647
65643,65659
65643,65663
65644,65653
65644,65659
65644,65663
65644,65678
65644,91863
65647,65653
65647,65659
65647,65663
65647,65678
65647,65681
65653,65659
65653,65678
65653,65681
65653,65685
65659,65663
65659,65678
65659,65681
65659,65685
65659,65687
65663,65678
65663,65685
65663,65687
65678,65681
65678,65685
65678,65691
65678,65698
65678,95445
65681,65685
65681,65687
65681,65691
65681,65698
65681,65701
65681,87435
65685,65687
65685,65691
65685,65698
65685,65701
65685,65706
65687,65691
65687,65698
65687,65701
65687,65706
65687,65712
65691,65698
65691,65701
65691,65706
65691,65712
65691,65720
65691,96055
65698,65701
65698,65706
65698,65712
65698,65720
65698,65721
65701,65706
65701,65712
65701,65720
65701,65721
65701,65726
65701,72264
65706,65712
65706,65720
65706,65721
65706,65726
65706,65729
65712,65720
65712,65721
65712,65726
65712,65729
65712,65731
65720,65721
65720,65726
65720,65729
65720,65731
65720,94468
65720,88623
65720,74860
65721,65726
65721,65729
65721,65731
65721,65741
65726,65729
65726,65731
65726,65741
65726,65742
65726,65745
65729,65731
65729,65741
65729,65745
65729,65751
65729,75576
65729,73098
65731,65742
65731,65745
65731,65751
65731,65752
65731,98978
65741,65742
65741,65745
65741,65751
65741,65752
65741,65754
65742,65751
65742,65752
65742,65758
65742,87759
65742,77088
65745,65751
65745,65752
65745,65754
65745,65758
65745,65764
65751,65752
65751,65758
65751,65764
65751,68257
65752,65754
65752,65758
65752,65769
65752,65771
65754,65758
65754,65764
65754,65769
65754,65771
65754,65774
65758,65764
65758,65769
65758,65771
65758,65774
65758,65778
65764,65769
65764,65771
65764,65774
65764,65778
65764,65780
65769,65771
65769,65774
65769,65778
65769,65780
65769,65784
65769,71194
65771,65774
65771,65778
65771,65780
65771,65784
65771,65786
65771,96118
65771,76705
65774,65778
65774,65780
65774,65786
65774,65791
65774,84309
65778,65784
65778,65786
65778,65791
65778,65793
65780,65784
65780,65786
65780,65791
65780,65793
65784,65786
65784,65793
65784,65796
65784,65799
65786,65791
65786,65793
65786,65796
65786,65799
65786,65801
65791,65793
65791,65801
65791,65811
65791,93686
65791,95549
65793,65796
65793,65799
65793,65801
65793,65821
65796,65801
65796,65811
65796,84587
65799,65801
65799,65811
65799,65821
65799,65832
65799,98950
65801,65811
65801,65822
65801,65832
65801,65835
65801,97161
65811,65821
65811,65822
65811,65832
65811,65835
65811,65837
65821,65822
65821,65832
65821,65835
65821,65840
65822,65832
65822,65837
65822,65840
65822,65842
65822,96246
65832,65835
65832,65840
65832,65842
65832,65844
65832,83356
65832,95647
65835,65837
65835,65840
65835,65842
65835,65844
65835,65845
65837,65842
65837,65844
65837,65845
65837,65850
65837,70340
65840,65842
65840,65844
65840,65845
65840,65850
65840,65855
65842,65844
65842,65845
65842,65850
65842,65858
65844,65850
65844,65858
65844,65865
65844,70727
65845,65850
65845,65855
65845,65858
65845,65866
65845,69291
65850,65855
65850,65858
65850,65865
65850,65866
65850,65867
65855,65858
65855,65865
65855,65866
65855,65867
65855,65872
65858,65865
65858,65866
65858,65867
65858,65881
65865,65866
65865,65867
65865,65872
65865,65881
65865,65883
65866,65867
65866,65872
65866,65881
65866,65883
65866,65886
65867,65872
65867,65881
65867,65883
65867,65886
65867,65888
65867,95034
65872,65881
65872,65883
65872,65886
65872,65888
65872,65891
65881,65883
65881,65886
65881,65888
65881,65891
65881,65896
65883,65886
65883,65888
65883,65896
65883,65897
65886,65891
65886,65896
65886,65897
65886,65898
65886,82352
65888,65891
65888,65896
65888,65897
65888,65898
65888,71143
65891,65896
65891,65897
65891,65898
65891,65903
65891,78704
65896,65897
65896,65898
65896,65899
65896,65903
65896,65906
65897,65898
65897,65899
65897,65903
65897,65906
65897,65910
65898,65899
65898,65903
65898,65906
65898,65910
65898,65912
65899,65903
65899,65906
65899,65910
65899,65914
65903,65906
65903,65910
65903,65912
65903,65914
65903,65921
65906,65910
65906,65912
65906,65921
65906,65925
65906,85361
65910,65912
65910,65914
65910,65921
65910,65925
65910,65926
65912,65914
65912,65921
65912,65925
65912,65926
65912,65927
65914,65921
65914,65925
65914,65926
65914,65927
65914,65929
65921,65925
65921,65926
65921,65929
65921,65934
65925,65926
65925,65929
65925,65934
65925,65937
65926,65927
65926,65934
65926,65937
65926,65940
65926,89046
65926,75098
65927,65929
65927,65934
65927,65937
65927,65940
65927,65944
65929,65934
65929,65937
65929,65940
65929,65944
65929,65951
65934,65937
65934,65940
65934,65944
65934,65951
65934,65952
65937,65940
65937,65944
65937,65951
65937,65952
65937,65957
65940,65944
65940,65951
65940,65952
65940,65957
65940,65961
65944,65951
65944,65952
65944,65957
65944,65966
65951,65952
65951,65957
65951,65961
65951,65966
65951,65970
65952,65957
65952,65961
65952,65966
65952,65970
65952,65972
65957,65961
65957,65966
65957,65970
65957,65972
65957,65976
65961,65966
65961,65972
65961,65976
65961,65977
65961,92746
65966,65970
65966,65976
65966,65977
65966,65980
65970,65972
65970,65976
65970,65977
65970,65980
65970,65986
65972,65976
65972,65977
65972,65980
65972,65986
65972,65989
65976,65977
65976,65980
65976,65986
65976,65989
65976,65991
65977,65980
65977,65986
65977,65989
65977,65991
65977,65992
65977,67545
65980,65986
65980,65989
65980,65991
65980,65992
65980,65994
65980,96461
65980,82457
65986,65989
65986,65991
65986,65992
65986,65994
65986,65995
65989,65991
65989,65992
65989,65994
65989,65995
65989,66002
65991,65992
65991,65994
65991,66002
65991,66010
65991,69907
65992,65994
65992,65995
65992,66002
65992,66010
65992,66011
65994,65995
65994,66002
65994,66010
65994,66011
65994,66022
65995,66002
65995,66010
65995,66011
65995,66022
65995,66026
66002,66010
66002,66011
66002,66022
66002,66026
66002,71787
66010,66011
66010,66022
66010,66026
66010,66030
66010,66033
66011,66022
66011,66030
66011,66034
66011,71963
66011,94880
66022,66026
66022,66033
66022,66034
66022,66036
66026,66030
66026,66033
66026,66034
66026,66036
66026,66040
66030,66033
66030,66034
66030,66036
66030,66040
66030,66042
66033,66034
66033,66036
66033,66040
66033,66042
66033,66043
66033,66452
66034,66040
66034,66043
66034,66048
66036,66040
66036,66042
66036,66043
66036,66048
66036,66051
66040,66043
66040,66051
66040,66061
66042,66043
66042,66048
66042,66051
66042,66062
66042,77260
66043,66048
66043,66051
66043,66061
66043,66064
66048,66051
66048,66062
66048,66064
66048,66068
66051,66061
66051,66062
66051,66064
66051,66068
66051,66069
66051,74163
66061,66064
66061,66068
66061,66069
66061,83400
66062,66064
66062,66068
66062,66069
66062,66076
66062,66077
66064,66068
66064,66069
66064,66076
66064,66077
66064,66079
66068,66069
66068,66076
66068,66077
66068,66087
66068,81668
66069,66076
66069,66077
66069,66079
66069,66087
66069,66089
66076,66077
66076,66079
66076,66087
66076,66089
66076,66091
66077,66079
66077,66087
66077,66089
66077,66091
66077,66092
66079,66087
66079,66089
66079,66091
66079,66092
66079,66093
66079,83089
66079,97217
66087,66089
66087,66091
66087,66092
66087,66093
66087,66094
66089,66091
66089,66092
66089,66093
66089,66094
66089,66099
66091,66092
66091,66093
66091,66094
66091,66099
66091,66101
66092,66093
66092,66094
66092,66099
66092,66101
66092,66119
66093,66094
66093,66099
66093,66101
66093,66120
66093,77225
66094,66099
66094,66119
66094,66120
66094,66126
66099,66119
66099,66120
66099,66126
66099,66127
66099,71680
66101,66119
66101,66120
66101,66126
66101,66127
66101,66155
66119,66120
66119,66126
66119,66155
66120,66126
66120,66127
66120,66155
66120,66163
66120,66168
66126,66127
66126,66155
66126,66163
66126,66177
66126,75469
66127,66155
66127,66163
66127,66168
66127,66177
66127,66179
66155,66168
66155,66177
66155,66184
66155,93819
66163,66168
66163,66177
66163,66179
66163,66184
66163,66188
66168,66177
66168,66179
66168,66184
66168,66188
66168,80544
66177,66179
66177,66184
66177,66188
66177,66193
66177,72013
66179,66184
66179,66188
66179,66193
66179,66194
66179,66199
66184,66193
66184,66194
66184,66199
66184,66208
66184,77225
66188,66193
66188,66194
66188,66199
66188,66208
66188,66217
66193,66194
66193,66199
66193,66208
66193,66217
66193,66225
66194,66217
66194,66225
66194,66232
66194,91678
66199,66208
66199,66225
66199,66232
66199,66235
66199,90448
66208,66217
66208,66225
66208,66232
66208,66235
66208,66236
66217,66225
66217,66232
66217,66235
66217,66236
66217,66251
66225,66232
66225,66235
66225,66236
66225,66251
66225,66253
66232,66235
66232,66236
66232,66251
66232,66253
66232,66255
66235,66236
66235,66251
66235,66253
66235,66255
66235,66260
66236,66251
66236,66253
66236,66255
66236,66260
66236,66264
66251,66253
66251,66255
66251,66260
66251,66264
66251,66273
66253,66255
66253,66260
66253,66273
66253,66277
66255,66260
66255,66264
66255,66273
66255,66277
66255,66282
66260,66264
66260,66277
66260,66282
66264,66273
66264,66277
66264,66282
66264,66302
66264,66305
66273,66277
66273,66282
66273,66302
66273,66305
66273,66308
66277,66282
66277,66302
66277,66305
66277,66308
66277,66312
66282,66302
66282,66305
66282,66308
66282,66312
66282,66322
66302,66305
66302,66308
66302,66312
66302,66330
66305,66308
66305,66312
66305,66322
66305,66330
66305,66331
66308,66312
66308,66322
66308,66331
66308,66338
66308,86604
66312,66322
66312,66330
66312,66331
66312,66338
66312,66356
66322,66331
66322,66338
66322,66356
66322,66357
66322,87411
66330,66331
66330,66338
66330,66356
66330,66357
66330,66359
66331,66338
66331,66356
66331,66359
66331,66368
66338,66356
66338,66357
66338,66359
66338,66368
66338,66370
66356,66357
66356,66359
66356,66368
66356,66370
66356,66376
66357,66368
66357,66370
66357,66376
66357,66377
66359,66376
66359,66377
66359,66383
66359,85871
66359,73067
66368,66370
66368,66376
66368,66377
66368,66383
66368,82316
66370,66376
66370,66383
66370,66389
66370,66390
66376,66377
66376,66383
66376,66389
66376,66390
66376,66392
66376,76080
66377,66383
66377,66389
66377,66390
66377,66392
66377,66394
66383,66389
66383,66390
66383,66392
66383,66394
66383,66395
66383,74584
66389,66390
66389,66392
66389,66405
66390,66392
66390,66394
66390,66395
66390,66405
66390,66408
66392,66394
66392,66395
66392,66405
66392,66408
66392,66411
66392,98394
66392,99139
66394,66395
66394,66405
66394,66408
66394,66411
66394,71902
66395,66405
66395,66408
66395,66411
66395,66412
66395,66423
66405,66408
66405,66411
66405,66412
66405,66423
66405,66424
66408,66411
66408,66423
66408,66424
66408,87634
66411,66412
66411,66423
66411,66424
66411,66430
66411,66436
66412,66423
66412,66424
66412,66430
66412,66436
66412,66440
66423,66424
66423,66430
66423,66436
66423,66440
66423,66445
66424,66430
66424,66436
66424,66440
66424,66445
66424,66446
66430,66436
66430,66440
66430,66445
66430,66446
66430,66450
66436,66440
66436,66445
66436,66446
66436,66450
66436,66452
66440,66445
66440,66446
66440,66450
66440,66452
66440,66453
66445,66446
66445,66450
66445,66452
66445,66453
66445,66459
66445,90138
66446,66450
66446,66452
66446,66453
66446,66461
66450,66452
66450,66453
66450,66459
66450,66461
66450,66464
66452,66453
66452,66461
66452,66464
66452,66465
66453,66459
66453,66461
66453,66465
66453,66468
66459,66461
66459,66464
66459,66465
66459,66468
66459,66469
66461,66464
66461,66465
66461,66468
66461,66469
66461,66470
66464,66468
66464,66469
66464,66470
66464,66473
66464,94630
66465,66468
66465,66469
66465,66470
66465,66473
66465,66477
66468,66469
66468,66470
66468,66473
66468,66481
66469,66470
66469,66473
66469,66477
66469,66481
66469,66495
66470,66473
66470,66477
66470,66481
66470,66495
66470,66502
66473,66477
66473,66481
66473,66495
66473,66502
66473,66504
66477,66481
66477,66495
66477,66502
66477,66504
66481,66495
66481,66502
66481,66504
66481,66508
66481,66511
66495,66502
66495,66504
66495,66508
66495,66511
66495,66513
66502,66504
66502,66508
66502,66511
66502,66513
66502,66514
66504,66508
66504,66513
66504,66514
66504,66518
66504,92105
66508,66513
66508,66514
66508,66518
66511,66513
66511,66514
66511,66521
66511,66525
66513,66514
66513,66518
66513,66521
66513,66528
66513,85421
66514,66521
66514,66525
66514,66528
66514,66534
66518,66521
66518,66525
66518,66528
66518,66534
66518,66537
66521,66525
66521,66528
66521,66534
66521,66537
66521,66538
66525,66528
66525,66534
66525,66537
66525,66538
66525,66551
66528,66534
66528,66537
66528,66538
66528,66551
66528,66552
66528,97674
66534,66537
66534,66538
66534,66551
66537,66538
66537,66551
66537,66554
66537,66558
66537,95705
66537,78100
66538,66551
66538,66552
66538,66558
66538,66566
66538,71686
66551,66552
66551,66554
66551,66558
66551,66566
66551,66583
66552,66554
66552,66558
66552,66566
66552,66583
66552,70720
66554,66558
66554,66566
66554,66583
66554,66584
66558,66583
66558,66584
66558,66586
66558,66588
66558,72720
66566,66583
66566,66584
66566,66586
66566,66588
66566,66594
66583,66586
66583,66588
66583,66594
66583,66598
66584,66586
66584,66588
66584,66594
66584,66598
66584,66601
66586,66588
66586,66594
66586,66598
66586,66601
66586,66605
66588,66594
66588,66598
66588,66601
66588,66605
66588,66610
66594,66598
66594,66601
66594,66605
66594,66610
66598,66601
66598,66605
66598,66610
66598,66612
66598,66618
66601,66605
66601,66610
66601,66612
66601,66618
66601,66623
66605,66610
66605,66612
66605,66618
66605,66623
66605,66625
66610,66612
66610,66618
66610,66625
66610,70997
66612,66623
66612,66625
66612,66627
66612,80987
66612,96527
66618,66623
66618,66627
66618,66632
66618,66637
66623,66625
66623,66627
66623,66632
66623,66649
66625,66627
66625,66632
66625,66637
66625,66649
66625,66653
66627,66632
66627,66637
66627,66649
66627,80329
66632,66637
66632,66649
66632,66653
66632,66662
66632,66666
66637,66649
66637,66662
66637,66666
66637,66674
66649,66653
66649,66662
66649,66666
66649,66674
66649,66675
66653,66666
66653,66674
66653,66675
66653,66677
66662,66674
66662,66677
66662,66678
66662,71218
66666,66674
66666,66675
66666,66677
66666,66678
66666,66681
66674,66675
66674,66677
66674,66678
66674,66681
66674,66685
66675,66677
66675,66681
66675,66685
66675,66696
66675,81214
66677,66678
66677,66681
66677,66685
66677,66696
66677,66700
66678,66681
66678,66685
66678,66696
66678,66700
66678,66702
66681,66685
66681,66696
66681,66700
66681,66702
66681,66704
66685,66696
66685,66700
66685,66702
66685,66704
66685,66710
66685,89635
66696,66700
66696,66702
66696,66704
66696,66710
66696,66713
66700,66702
66700,66710
66700,66713
66700,66716
66702,66704
66702,66710
66702,66713
66702,66716
66702,66720
66704,66710
66704,66713
66704,66716
66704,66720
66704,66722
66710,66716
66710,66720
66710,66722
66710,66725
66713,66716
66713,66720
66713,66722
66713,66725
66713,66727
66716,66720
66716,66722
66716,66725
66716,66727
66716,66734
66720,66722
66720,66725
66720,66727
66720,66734
66720,66741
66720,90315
66722,66725
66722,66727
66722,66734
66722,66741
66722,66745
66725,66727
66725,66734
66725,66741
66725,66745
66725,66758
66727,66734
66727,66741
66727,66745
66727,66758
66727,66759
66734,66741
66734,66745
66734,66758
66741,66745
66741,66758
66741,66759
66741,66764
66741,66765
66745,66758
66745,66759
66745,66764
66745,66765
66745,66768
66758,66759
66758,66764
66758,66765
66758,66768
66758,66776
66759,66764
66759,66765
66759,66768
66759,66776
66759,66780
66759,98746
66764,66765
66764,66768
66764,66776
66764,66780
66764,66785
66764,79339
66765,66768
66765,66776
66765,66780
66765,66785
66765,66789
66765,95484
66768,66776
66768,66780
66768,66785
66768,66789
66768,66791
66776,66780
66776,66789
66776,66791
66776,66797
66780,66785
66780,66789
66780,66791
66780,66797
66780,66801
66785,66789
66785,66791
66785,66797
66785,66801
66785,66805
66789,66791
66789,66797
66789,66801
66789,66805
66789,66807
66791,66797
66791,66801
66791,66805
66791,66807
66791,66812
66797,66801
66797,66805
66797,66807
66797,66812
66797,66813
66801,66813
66801,66816
66805,66807
66805,66812
66805,66813
66805,66816
66805,66820
66807,66812
66807,66813
66807,66816
66807,66820
66807,90171
66812,66813
66812,66816
66812,66820
66812,66823
66812,66825
66813,66816
66813,66823
66813,66825
66813,66827
66813,97415
66816,66820
66816,66823
66816,66825
66816,66827
66816,66835
66820,66823
66820,66825
66820,66827
66820,66835
66820,66837
66823,66825
66823,66827
66823,66835
66823,66837
66823,66843
66825,66827
66825,66835
66825,66837
66825,66843
66825,66844
66827,66835
66827,66837
66827,66843
66827,66844
66827,66849
66835,66837
66835,66844
66835,66849
66837,66843
66837,66844
66837,66849
66837,66853
66837,66856
66843,66844
66843,66849
66843,66853
66843,66856
66843,66857
66844,66849
66844,66853
66844,66856
66844,66857
66844,66858
66849,66853
66849,66856
66849,66857
66849,66858
66849,66868
66853,66856
66853,66857
66853,66868
66853,66869
66853,90099
66856,66857
66856,66858
66856,66868
66856,66869
66856,66870
66857,66858
66857,66868
66857,66869
66857,66872
66858,66868
66858,66869
66858,66872
66858,66875
66858,92109
66868,66869
66868,66870
66868,66872
66868,66875
66868,66880
66869,66870
66869,66875
66869,66880
66869,66882
66870,66872
66870,66875
66870,66882
66870,66886
66870,89814
66870,88366
66872,66875
66872,66880
66872,66882
66872,66886
66872,66887
66875,66880
66875,66882
66875,66886
66875,66887
66875,66897
66880,66882
66880,66886
66880,66887
66880,66897
66880,66905
66882,66886
66882,66887
66882,66897
66882,66905
66882,66911
66882,79635
66886,66887
66886,66897
66886,66905
66886,66911
66886,79306
66887,66897
66887,66905
66887,66911
66887,66912
66887,66914
66897,66905
66897,66911
66897,66912
66897,66915
66897,94055
66905,66911
66905,66912
66905,66914
66905,66915
66905,66920
66911,66912
66911,66914
66911,66915
66911,66920
66911,66933
66912,66914
66912,66920
66912,66933
66912,66946
66912,93451
66912,97089
66912,72208
66914,66915
66914,66920
66914,66933
66914,66948
66915,66920
66915,66933
66915,66946
66915,66948
66915,66955
66920,66933
66920,66946
66920,66948
66920,66959
66933,66946
66933,66948
66933,66955
66933,66959
66933,66968
66946,66948
66946,66955
66946,66959
66946,66978
66948,66955
66948,66959
66948,66978
66948,66982
66948,69534
66948,82241
66955,66959
66955,66968
66955,66978
66955,66982
66955,66984
66959,66968
66959,66978
66959,66982
66959,66984
66959,66985
66968,66978
66968,66982
66968,66984
66968,66985
66968,66986
66968,74291
66978,66982
66978,66984
66978,66989
66982,66984
66982,66985
66982,66986
66982,66989
66982,66993
66982,89998
66984,66985
66984,66986
66984,66994
66985,66986
66985,66989
66985,66993
66985,66994
66985,66995
66986,66989
66986,66993
66986,66994
66986,66995
66986,66997
66989,66993
66989,66994
66989,66995
66989,66997
66989,66999
66993,66994
66993,66995
66993,66997
66993,66999
66993,67002
66993,68907
66994,66995
66994,66997
66994,66999
66994,67002
66994,67005
66995,66997
66995,66999
66995,67002
66995,67005
66995,67007
66995,81680
66997,66999
66997,67002
66997,67005
66997,67007
66999,67002
66999,67005
66999,67007
66999,67020
67002,67005
67002,67007
67002,67014
67002,67020
67002,67022
67005,67007
67005,67014
67005,67020
67005,67022
67005,67026
67005,74888
67007,67014
67007,67020
67007,67022
67007,67026
67007,67031
67014,67020
67014,67022
67014,67026
67014,67031
67020,67022
67020,67026
67020,67031
67020,67037
67020,67042
67022,67031
67022,67037
67022,67042
67022,67043
67022,83978
67026,67031
67026,67037
67026,67042
67026,67043
67026,67044
67031,67042
67031,67044
67031,67049
67031,83874
67031,84251
67037,67042
67037,67043
67037,67044
67037,67049
67037,67068
67042,67044
67042,67081
67042,80511
67043,67044
67043,67049
67043,67068
67043,67081
67043,67084
67044,67049
67044,67068
67044,67081
67044,67084
67044,67086
67049,67068
67049,67081
67049,67084
67049,67086
67049,67090
67068,67081
67068,67084
67068,67086
67068,67090
67068,67092
67081,67084
67081,67090
67081,67092
67081,67104
67081,80695
67081,75935
67084,67086
67084,67090
67084,67104
67084,67106
67086,67092
67086,67104
67086,67106
67086,67110
67090,67092
67090,67106
67090,67110
67092,67104
67092,67106
67092,67110
67092,67114
67092,67129
67092,89879
67092,88442
67104,67106
67104,67110
67104,67132
67104,69679
67106,67110
67106,67114
67106,67129
67106,67132
67106,67137
67110,67114
67110,67129
67110,67132
67110,67137
67110,67138
67114,67129
67114,67132
67114,67137
67114,67138
67114,72928
67114,82167
67129,67132
67129,67138
67129,67141
67129,98810
67132,67137
67132,67138
67132,67141
67132,67142
67132,67146
67137,67138
67137,67141
67137,67146
67138,67141
67138,67142
67138,67146
67138,67149
67138,67153
67141,67142
67141,67146
67141,67149
67141,67153
67141,67157
67142,67146
67142,67149
67142,67153
67142,67157
67142,67161
67146,67149
67146,67153
67146,67157
67146,67161
67146,67162
67149,67153
67149,67157
67149,67161
67149,67162
67149,67173
67149,90966
67153,67157
67153,67161
67153,67162
67153,67173
67153,67174
67153,73384
67153,87272
67157,67161
67157,67162
67157,67173
67157,67174
67157,67175
67161,67162
67161,67174
67161,67176
67161,91787
67162,67173
67162,67174
67162,67175
67162,67176
67162,67180
67173,67174
67173,67175
67173,67176
67173,67180
67173,67182
67174,67175
67174,67176
67174,67180
67174,67187
67174,89288
67175,67180
67175,67182
67175,67187
67175,67188
67175,68667
67175,83749
67176,67180
67176,67182
67176,67187
67176,67188
67176,67191
67180,67182
67180,67187
67180,67188
67180,67191
67180,67194
67182,67187
67182,67188
67182,67191
67182,67194
67182,67195
67187,67188
67187,67191
67187,67194
67187,67195
67187,67198
67188,67191
67188,67194
67188,67195
67188,67198
67188,67199
67191,67194
67191,67195
67191,67198
67191,67199
67191,67203
67194,67195
67194,67198
67194,67199
67194,67207
67194,73561
67195,67198
67195,67199
67195,67203
67195,67209
67198,67199
67198,67203
67198,67207
67198,67209
67198,67211
67199,67203
67199,67209
67199,67211
67199,67212
67203,67207
67203,67209
67203,67211
67203,67212
67203,67219
67207,67209
67207,67211
67207,67212
67207,67219
67207,67220
67209,67211
67209,67212
67209,67219
67209,67220
67209,67228
67211,67212
67211,67219
67211,67220
67211,67228
67211,67231
67212,67219
67212,67220
67212,67228
67212,67235
67219,67220
67219,67228
67219,67231
67219,67235
67220,67228
67220,67231
67220,67235
67220,67236
67220,67248
67220,82793
67220,82532
67228,67231
67228,67235
67228,67236
67228,67248
67228,67256
67231,67235
67231,67236
67231,67248
67231,67256
67231,67261
67235,67236
67235,67248
67235,67256
67235,67261
67235,67262
67235,93049
67236,67248
67236,67256
67236,67261
67236,67262
67236,67265
67248,67256
67248,67261
67248,67262
67248,67265
67248,67267
67248,90665
67256,67261
67256,67262
67256,67265
67256,67267
67256,67269
67256,76961
67261,67262
67261,67267
67261,67269
67261,67270
67261,69042
67261,93892
67262,67265
67262,67267
67262,67269
67262,67270
67262,67283
67265,67267
67265,67269
67265,67270
67265,67283
67265,67284
67267,67270
67267,67283
67267,67284
67267,67299
67269,67270
67269,67283
67269,67284
67269,67299
67269,67305
67270,67284
67270,67299
67270,67305
67270,67309
67283,67284
67283,67299
67283,67305
67283,67309
67283,67310
67284,67299
67284,67305
67284,67309
67284,67310
67284,67313
67299,67309
67299,67310
67299,67313
67299,67318
67305,67309
67305,67310
67305,67313
67305,67318
67305,67319
67305,76348
67309,67310
67309,67313
67309,67318
67309,67319
67309,67324
67310,67313
67310,67318
67310,67319
67310,67324
67310,67328
67310,74737
67313,67318
67313,67319
67313,67324
67313,67328
67313,67332
67318,67319
67318,67324
67318,67328
67318,67332
67318,67334
67319,67328
67319,67332
67319,67334
67319,67338
67319,80033
67324,67334
67324,67338
67324,67344
67328,67332
67328,67334
67328,67338
67328,67344
67328,67353
67332,67334
67332,67338
67332,67344
67332,67353
67332,67356
67334,67338
67334,67344
67334,67356
67334,67357
67338,67344
67338,67353
67338,67356
67338,67357
67338,67367
67344,67353
67344,67356
67344,67357
67344,67367
67344,67375
67344,71795
67353,67356
67353,67357
67353,67367
67353,67375
67353,67380
67356,67357
67356,67367
67356,67375
67356,67380
67356,67389
67357,67375
67357,67380
67357,67389
67357,67392
67367,67375
67367,67380
67367,67389
67367,67392
67367,67395
67375,67389
67375,67395
67375,67396
67375,84650
67375,76055
67380,67389
67380,67392
67380,67395
67380,67400
67389,67392
67389,67395
67389,67396
67389,67403
67389,89701
67392,67395
67392,67396
67392,67400
67392,67403
67392,67423
67395,67396
67395,67400
67395,67403
67395,67423
67395,67425
67396,67400
67396,67403
67396,67423
67396,67425
67396,67431
67400,67403
67400,67423
67400,67425
67400,67431
67400,67433
67403,67423
67403,67425
67403,67431
67403,67433
67403,67448
67423,67425
67423,67431
67423,67433
67423,67448
67423,67453
67425,67431
67425,67433
67425,67448
67425,67453
67425,67457
67425,92253
67431,67433
67431,67453
67431,67457
67431,67461
67431,72818
67431,85452
67433,67448
67433,67453
67433,67457
67433,67461
67433,67463
67448,67453
67448,67457
67448,67461
67448,67463
67453,67457
67453,67463
67453,67469
67453,67470
67457,67461
67457,67469
67457,67471
67461,67463
67461,67469
67461,67470
67461,67471
67461,67472
67463,67470
67463,67471
67463,67472
67463,67481
67463,72743
67469,67470
67469,67471
67469,67472
67469,67481
67469,67483
67469,93992
67470,67471
67470,67472
67470,67481
67470,67483
67470,67488
67471,67472
67471,67483
67471,67492
67471,70411
67472,67481
67472,67483
67472,67488
67472,67492
67472,67494
67481,67483
67481,67488
67481,67492
67481,67494
67481,67507
67483,67488
67483,67492
67483,67494
67483,67507
67483,67510
67488,67492
67488,67494
67488,67510
67488,70185
67492,67494
67492,67507
67492,67510
67492,67514
67492,67516
67494,67507
67494,67510
67494,67514
67494,67516
67494,67517
67494,75693
67507,67510
67507,67514
67507,67517
67507,67519
67507,89545
67510,67514
67510,67516
67510,67517
67510,67519
67510,67520
67510,69984
67514,67517
67514,67519
67514,67521
67514,79126
67516,67517
67516,67519
67516,67520
67516,67521
67516,85465
67517,67520
67517,67521
67517,67523
67517,67525
67519,67520
67519,67521
67519,67525
67519,67526
67520,67521
67520,67523
67520,67525
67521,67523
67521,67525
67521,67526
67521,67529
67521,67530
67523,67525
67523,67526
67523,67530
67523,67536
67525,67526
67525,67529
67525,67536
67525,67540
67526,67529
67526,67530
67526,67536
67526,67540
67526,67545
67529,67530
67529,67536
67529,67540
67529,67545
67529,67546
67530,67536
67530,67540
67530,67545
67530,67546
67530,67548
67536,67540
67536,67545
67536,67546
67536,67548
67536,67551
67540,67545
67540,67546
67540,67548
67540,67552
67540,78220
67545,67546
67545,67548
67545,67551
67545,67555
67546,67548
67546,67551
67546,67552
67546,67555
67546,67558
67546,68907
67548,67551
67548,67555
67548,67558
67548,67562
67551,67555
67551,67558
67551,67569
67551,80107
67552,67555
67552,67558
67552,67562
67552,67569
67555,67558
67555,67562
67555,67569
67555,67576
67555,67577
67558,67562
67558,67569
67558,67576
67558,67577
67558,94749
67562,67569
67562,67577
67562,67579
67562,67585
67562,77449
67562,98350
67569,67576
67569,67579
67569,67585
67569,67588
67576,67577
67576,67579
67576,67588
67576,67590
67576,86650
67577,67579
67577,67585
67577,67590
67577,67601
67577,77746
67579,67585
67579,67588
67579,67590
67579,67601
67585,67588
67585,67590
67585,67601
67585,67605
67585,67606
67588,67590
67588,67601
67588,67605
67588,67606
67588,67607
67590,67601
67590,67605
67590,67606
67590,67607
67590,67608
67601,67605
67601,67606
67601,67607
67601,67608
67601,67609
67605,67606
67605,67607
67605,67608
67605,67609
67605,67620
67606,67608
67606,67609
67606,67620
67606,67623
67607,67608
67607,67609
67607,67620
67607,67623
67607,67624
67608,67620
67608,67623
67608,67624
67608,67630
67609,67620
67609,67623
67609,67624
67609,67630
67609,67634
67620,67623
67620,67624
67620,67630
67620,67634
67620,67637
67623,67624
67623,67630
67623,67634
67623,67637
67623,67642
67624,67630
67624,67634
67624,67637
67624,67642
67630,67634
67630,67637
67630,67642
67630,67647
67630,67651
67630,84425
67634,67637
67634,67642
67634,67647
67634,67651
67634,67654
67634,87573
67637,67642
67637,67647
67637,67651
67637,67654
67637,67656
67642,67647
67642,67651
67642,67654
67642,67656
67642,87727
67647,67651
67647,67656
67647,67658
67647,67659
67651,67654
67651,67656
67651,67658
67651,67659
67651,67661
67654,67656
67654,67658
67654,67659
67654,67661
67654,91913
67656,67658
67656,67659
67656,67661
67656,67662
67656,67672
67658,67659
67658,67662
67658,67672
67658,67674
67658,77481
67659,67661
67659,67662
67659,67672
67659,67674
67659,67676
67661,67662
67661,67672
67661,67676
67661,67680
67661,76735
67662,67672
67662,67674
67662,67676
67662,67680
67662,67691
67672,67674
67672,67676
67672,67680
67672,67691
67672,67692
67674,67676
67674,67680
67674,67691
67674,67692
67674,67699
67674,80529
67676,67680
67676,67691
67676,67692
67676,67701
67676,90664
67680,67691
67680,67692
67680,67699
67680,67701
67680,67704
67691,67692
67691,67699
67691,67701
67691,67704
67691,67705
67692,67699
67692,67701
67692,67704
67692,67705
67692,67712
67699,67701
67699,67704
67699,67705
67699,67712
67699,67726
67701,67705
67701,67712
67701,67726
67701,67728
67704,67705
67704,67712
67704,67728
67704,67733
67704,83085
67705,67712
67705,67726
67705,67728
67705,67733
67705,67734
67712,67726
67712,67728
67712,67733
67712,67734
67712,67738
67726,67738
67726,67741
67726,88116
67726,74945
67728,67733
67728,67734
67728,67738
67728,67741
67728,67761
67733,67734
67733,67738
67733,67741
67733,67761
67733,67762
67734,67738
67734,67741
67734,67761
67734,67762
67734,67766
67734,86616
67738,67741
67738,67761
67738,67762
67738,67766
67738,67770
67741,67761
67741,67762
67741,67766
67741,67770
67741,67771
67761,67762
67761,67766
67761,67770
67761,67773
67761,88299
67762,67766
67762,67770
67762,67771
67762,67773
67762,67775
67766,67770
67766,67771
67766,67773
67766,67775
67766,67778
67766,85585
67770,67771
67770,67773
67770,67775
67770,67778
67770,67781
67771,67773
67771,67775
67771,67778
67771,67781
67771,95476
67771,74772
67773,67778
67773,67781
67773,67782
67773,67783
67775,67778
67775,67782
67775,67783
67775,67788
67778,67781
67778,67782
67778,67783
67778,67788
67778,67789
67778,69160
67781,67782
67781,67783
67781,67788
67781,67789
67781,67790
67781,75335
67782,67788
67782,67789
67782,67790
67782,67793
67783,67788
67783,67789
67783,67790
67783,67793
67783,67797
67788,67789
67788,67790
67788,67793
67788,67797
67789,67790
67789,67793
67789,67797
67789,67798
67789,67806
67789,85555
67790,67793
67790,67797
67790,67806
67790,67808
67790,98381
67793,67797
67793,67798
67793,67806
67793,67808
67793,67813
67797,67798
67797,67806
67797,67808
67797,67813
67797,67819
67798,67806
67798,67808
67798,67813
67798,67819
67798,67820
67806,67813
67806,67819
67806,67820
67806,67823
67808,67813
67808,67819
67808,67820
67808,67824
67813,67820
67813,67823
67813,67827
67819,67820
67819,67823
67819,67824
67819,67827
67819,67829
67820,67823
67820,67824
67820,67827
67820,67829
67820,67847
67823,67827
67823,67829
67823,67847
67824,67827
67824,67829
67824,67847
67824,67848
67824,67858
67827,67829
67827,67847
67827,67848
67827,67858
67827,67860
67829,67847
67829,67848
67829,67858
67829,67860
67829,67866
67847,67848
67847,67858
67847,67860
67847,67873
67847,98490
67848,67858
67848,67860
67848,67866
67848,67873
67848,78490
67858,67866
67858,67873
67858,67874
67858,67875
67860,67866
67860,67873
67860,67875
67860,67876
67860,75043
67860,79170
67866,67873
67866,67874
67866,67875
67866,95803
67873,67874
67873,67875
67873,67876
67873,67880
67874,67875
67874,67876
67874,67877
67874,67880
67874,67881
67875,67877
67875,67880
67875,67881
67875,67882
67876,67877
67876,67880
67876,67881
67876,67882
67877,67880
67877,67881
67877,67882
67877,67886
67877,67888
67880,67881
67880,67882
67880,67886
67880,67888
67880,67894
67881,67882
67881,67886
67881,67888
67881,67898
67882,67886
67882,67888
67882,67894
67882,67898
67882,67902
67886,67888
67886,67894
67886,67902
67886,67915
67888,67894
67888,67898
67888,67902
67888,67915
67888,67917
67894,67898
67894,67902
67894,67915
67894,67917
67894,67920
67894,73854
67898,67902
67898,67915
67898,67917
67898,67920
67898,67922
67898,80095
67902,67915
67902,67922
67902,67924
67902,84516
67915,67917
67915,67922
67915,67924
67915,67928
67915,74268
67917,67920
67917,67922
67917,67924
67917,67928
67917,67931
67920,67922
67920,67924
67920,67928
67920,67931
67920,67934
67922,67924
67922,67928
67922,67931
67922,67934
67922,67944
67924,67931
67924,67934
67924,67955
67928,67931
67928,67934
67928,67944
67928,67955
67928,67957
67931,67934
67931,67944
67931,67955
67931,67957
67931,67959
67934,67944
67934,67955
67934,67957
67934,67959
67934,67973
67944,67955
67944,67957
67944,67959
67944,67973
67944,67976
67944,96711
67955,67957
67955,67976
67955,67977
67955,81880
67955,70222
67957,67959
67957,67973
67957,67977
67957,67981
67957,69907
67959,67973
67959,67976
67959,67977
67959,67981
67959,67985
67959,81439
67973,67976
67973,67977
67973,67981
67973,67985
67973,67986
67976,67977
67976,67981
67976,67985
67976,67986
67976,67990
67977,67981
67977,67985
67977,67986
67977,67990
67977,83318
67981,67985
67981,67986
67981,67990
67981,67992
67981,67995
67985,67986
67985,67990
67985,67992
67985,67995
67985,67998
67986,67990
67986,67992
67986,67995
67986,67998
67986,68002
67990,67992
67990,67995
67990,67998
67990,68002
67990,68009
67992,67995
67992,67998
67992,68002
67992,68009
67992,68021
67995,67998
67995,68002
67995,68009
67995,68021
67995,68022
67998,68009
67998,68021
67998,68022
67998,68027
68002,68009
68002,68021
68002,68022
68002,68027
68002,68036
68009,68021
68009,68022
68009,68036
68009,68037
68009,89656
68021,68022
68021,68027
68021,68036
68021,68037
68021,68040
68022,68027
68022,68037
68022,68040
68022,68048
68022,92522
68027,68036
68027,68037
68027,68040
68027,68048
68027,68059
68036,68037
68036,68040
68036,68048
68036,68059
68036,68062
68036,90493
68037,68040
68037,68048
68037,68059
68037,68062
68037,68064
68040,68048
68040,68059
68040,68062
68040,68064
68040,89203
68040,76583
68048,68059
68048,68062
68048,68064
68048,68072
68048,68073
68059,68062
68059,68064
68059,68072
68059,68073
68059,68074
68062,68064
68062,68073
68062,68074
68062,68084
68062,80739
68064,68073
68064,68074
68064,68084
68064,68086
68072,68073
68072,68074
68072,68084
68072,68086
68072,68093
68073,68074
68073,68086
68073,68098
68073,95767
68074,68084
68074,68086
68074,68093
68074,68098
68084,68086
68084,68093
68084,68098
68084,68121
68084,68124
68086,68093
68086,68098
68086,68121
68086,68124
68086,68128
68086,70602
68093,68098
68093,68121
68093,68124
68093,68128
68093,68130
68098,68121
68098,68124
68098,68128
68098,68130
68098,68131
68121,68124
68121,68128
68121,68130
68121,68131
68121,68134
68124,68128
68124,68131
68124,68134
68124,96814
68124,72472
68124,91811
68128,68130
68128,68131
68128,68134
68128,68143
68130,68131
68130,68134
68130,68138
68130,68152
68131,68134
68131,68138
68131,68143
68131,68152
68131,68155
68134,68138
68134,68143
68134,68152
68134,68156
68134,93959
68138,68152
68138,68155
68138,68156
68138,68161
68143,68152
68143,68155
68143,68156
68143,68161
68143,68164
68152,68155
68152,68156
68152,68164
68152,68168
68152,92087
68155,68156
68155,68161
68155,68164
68155,68168
68155,68169
68156,68161
68156,68164
68156,68168
68156,68169
68156,68179
68161,68164
68161,68168
68161,68169
68161,68179
68161,68183
68164,68168
68164,68169
68164,68179
68164,68183
68164,68184
68168,68169
68168,68183
68168,68184
68168,68189
68168,87730
68169,68179
68169,68183
68169,68184
68169,68189
68169,68194
68179,68183
68179,68184
68179,68189
68179,68194
68179,68195
68183,68184
68183,68189
68183,68194
68183,68195
68183,68199
68184,68189
68184,68194
68184,68199
68189,68194
68189,68195
68189,68199
68189,68200
68189,68207
68194,68195
68194,68199
68194,68200
68194,68207
68194,68213
68195,68199
68195,68200
68195,68207
68195,68213
68195,68217
68195,69185
68199,68200
68199,68207
68199,68213
68199,68217
68199,68218
68200,68207
68200,68213
68200,68217
68200,68218
68200,68229
68207,68213
68207,68217
68207,68218
68207,68229
68207,68233
68213,68217
68213,68218
68213,68229
68213,68233
68213,68234
68217,68218
68217,68229
68217,68233
68217,68236
68218,68229
68218,68233
68218,68234
68218,68236
68218,68245
68229,68233
68229,68234
68229,68236
68229,68245
68229,68248
68233,68234
68233,68236
68233,68248
68233,68250
68234,68236
68234,68245
68234,68248
68234,68250
68234,68251
68236,68245
68236,68248
68236,68251
68236,68257
68245,68248
68245,68250
68245,68251
68245,68257
68245,68263
68248,68250
68248,68251
68248,68271
68248,70401
68248,73544
68248,90753
68250,68251
68250,68257
68250,68263
68250,68271
68250,68276
68250,80559
68250,92512
68251,68257
68251,68263
68251,68271
68251,68276
68251,68279
68251,85261
68257,68271
68257,68276
68257,68279
68257,68282
68263,68271
68263,68276
68263,68279
68263,68282
68263,68283
68263,93420
68271,68279
68271,68282
68271,68283
68271,68287
68271,97626
68276,68279
68276,68283
68276,68287
68276,68289
68276,98796
68276,79415
68279,68282
68279,68283
68279,68287
68279,68291
68282,68287
68282,68289
68282,68291
68282,68294
68283,68287
68283,68289
68283,68291
68283,68294
68283,68295
68287,68289
68287,68294
68287,68295
68287,68299
68289,68291
68289,68294
68289,68299
68289,68305
68289,90194
68291,68294
68291,68295
68291,68299
68291,68305
68291,68307
68294,68295
68294,68299
68294,68305
68294,68307
68294,68308
68295,68299
68295,68305
68295,68307
68295,68308
68295,68309
68299,68305
68299,68307
68299,68308
68299,68309
68299,68313
68299,75299
68305,68307
68305,68308
68305,68309
68305,68313
68305,68320
68305,91303
68307,68308
68307,68313
68307,68320
68308,68309
68308,68313
68308,68320
68308,68321
68308,68327
68309,68313
68309,68321
68309,68327
68309,68329
68313,68320
68313,68321
68313,68327
68313,68331
68313,79897
68320,68321
68320,68327
68320,68329
68320,68331
68320,68339
68321,68327
68321,68329
68321,68331
68321,68339
68321,68340
68327,68329
68327,68331
68327,68339
68327,68340
68327,68343
68329,68331
68329,68339
68329,68340
68329,68343
68331,68339
68331,68340
68331,68343
68331,68350
68331,68363
68339,68340
68339,68350
68339,68363
68339,68364
68340,68343
68340,68350
68340,68363
68340,68364
68340,68369
68343,68363
68343,68364
68343,68369
68343,68371
68350,68363
68350,68364
68350,68369
68350,68371
68350,68383
68363,68364
68363,68369
68363,68371
68363,68383
68363,80649
68364,68369
68364,68371
68364,68383
68364,68390
68364,68394
68369,68371
68369,68383
68369,68390
68369,68394
68369,68396
68371,68383
68371,68390
68371,68394
68371,68396
68371,68400
68383,68390
68383,68394
68383,68396
68383,68400
68383,68403
68390,68394
68390,68396
68390,68400
68390,68403
68390,68410
68390,88378
68394,68396
68394,68400
68394,68403
68394,68410
68394,68415
68396,68400
68396,68403
68396,68410
68396,68415
68396,68416
68400,68403
68400,68410
68400,68415
68400,68416
68400,68419
68403,68410
68403,68415
68403,68416
68403,68419
68403,68442
68410,68415
68410,68416
68410,68419
68410,68442
68410,68448
68410,92001
68415,68416
68415,68442
68415,68448
68415,68449
68416,68419
68416,68442
68416,68448
68416,68449
68416,68469
68416,94691
68419,68442
68419,68448
68419,68469
68419,68470
68419,70654
68419,81706
68442,68448
68442,68449
68442,68470
68442,68473
68442,98446
68442,81721
68448,68449
68448,68469
68448,68470
68448,68473
68448,68479
68449,68469
68449,68470
68449,68479
68449,68482
68469,68470
68469,68473
68469,68479
68469,68482
68469,68488
68470,68473
68470,68479
68470,68482
68470,68488
68470,68492
68473,68479
68473,68482
68473,68488
68473,68492
68473,68494
68479,68482
68479,68492
68479,68494
68479,68497
68479,82213
68482,68488
68482,68492
68482,68494
68482,68497
68482,68500
68488,68492
68488,68494
68488,68497
68488,68500
68488,68501
68492,68494
68492,68497
68492,68500
68492,68501
68492,68510
68494,68500
68494,68501
68494,68510
68494,68512
68497,68500
68497,68501
68497,68510
68497,68512
68497,68513
68500,68501
68500,68510
68500,68512
68500,68513
68501,68510
68501,68512
68501,68513
68501,68520
68501,68521
68501,87283
68510,68512
68510,68513
68510,68520
68510,68521
68510,68524
68512,68513
68512,68520
68512,68524
68512,68525
68513,68520
68513,68521
68513,68524
68513,68525
68513,68546
68520,68521
68520,68524
68520,68525
68520,68546
68520,68552
68521,68525
68521,68546
68521,68553
68521,96594
68524,68546
68524,68552
68524,68553
68524,68558
68524,80529
68525,68546
68525,68552
68525,68553
68525,68558
68525,68560
68546,68552
68546,68553
68546,68558
68546,68560
68546,68564
68552,68558
68552,68560
68552,68564
68552,68566
68552,81390
68553,68558
68553,68560
68553,68564
68553,68566
68553,68570
68558,68560
68558,68564
68558,68566
68558,68570
68558,68573
68560,68564
68560,68566
68560,68570
68560,68573
68560,68583
68564,68566
68564,68570
68564,68573
68564,68583
68564,68589
68566,68570
68566,68573
68566,68583
68566,79682
68570,68573
68570,68583
68570,68589
68570,68593
68570,68608
68573,68583
68573,68589
68573,68593
68573,68608
68573,68615
68583,68589
68583,68608
68583,68616
68583,79335
68589,68593
68589,68608
68589,68615
68589,68616
68589,68618
68593,68608
68593,68615
68593,68618
68593,68621
68593,89046
68608,68615
68608,68616
68608,68618
68608,68621
68608,68622
68615,68618
68615,68622
68615,68624
68615,69616
68615,95060
68615,75914
68616,68618
68616,68622
68616,68624
68616,68627
68618,68621
68618,68622
68618,68624
68618,68627
68618,68631
68621,68622
68621,68627
68621,68631
68621,68643
68622,68624
68622,68627
68622,68631
68622,68643
68622,68647
68624,68627
68624,68631
68624,68643
68624,68647
68627,68631
68627,68643
68627,68647
68627,68648
68627,68649
68631,68647
68631,68648
68631,68650
68643,68647
68643,68648
68643,68649
68643,68650
68643,68656
68647,68648
68647,68649
68647,68650
68647,68656
68647,68658
68648,68649
68648,68650
68648,68656
68648,68658
68648,68667
68649,68650
68649,68656
68649,68658
68649,68667
68649,68672
68650,68656
68650,68658
68650,68667
68650,68673
68650,88501
68656,68667
68656,68672
68656,68673
68656,68676
68658,68667
68658,68672
68658,68673
68658,68676
68658,94843
68667,68672
68667,68673
68667,68676
68667,68679
68667,68688
68672,68673
68672,68676
68672,68679
68672,68688
68672,68690
68673,68676
68673,68679
68673,68688
68673,68690
68673,68692
68676,68690
68676,68693
68676,83899
68679,68688
68679,68690
68679,68692
68679,68693
68679,94114
68688,68690
68688,68692
68688,68693
68688,68700
68688,68701
68690,68692
68690,68693
68690,68700
68690,68701
68690,68706
68692,68693
68692,68700
68692,68701
68692,68706
68693,68700
68693,68701
68693,68706
68693,68711
68693,93198
68700,68701
68700,68706
68700,68711
68700,68712
68700,68715
68701,68711
68701,68712
68701,68715
68701,68717
68706,68712
68706,68715
68706,68717
68706,68721
68711,68712
68711,68717
68711,68721
68711,68733
68711,76839
68711,90411
68711,78337
68712,68715
68712,68717
68712,68721
68712,68736
68715,68717
68715,68733
68715,68736
68715,70184
68717,68721
68717,68733
68717,68736
68717,68739
68717,84413
68721,68733
68721,68736
68721,68739
68721,68742
68721,68744
68721,76103
68733,68736
68733,68739
68733,68742
68733,68744
68733,68747
68733,69679
68736,68742
68736,68747
68736,68748
68736,99451
68739,68742
68739,68744
68739,68747
68739,68748
68739,68752
68742,68744
68742,68747
68742,68748
68742,68752
68742,68756
68744,68747
68744,68748
68744,68752
68744,68756
68744,68762
68744,95147
68747,68752
68747,68756
68747,68762
68747,89874
68748,68752
68748,68756
68748,68762
68748,68770
68748,68771
68748,70357
68752,68770
68756,68762
68756,68770
68756,68802
68756,68809
68762,68770
68762,68771
68762,68802
68762,68809
68762,68812
68770,68771
68770,68802
68770,68809
68770,68812
68770,68818
68771,68802
68771,68809
68771,68812
68771,68818
68771,68821
68802,68809
68802,68812
68802,68818
68802,68821
68802,68822
68809,68812
68809,68818
68809,68821
68809,68822
68809,68823
68812,68818
68812,68821
68812,68822
68812,68832
68818,68821
68818,68822
68818,68823
68818,68832
68818,68835
68821,68832
68821,68835
68821,68846
68821,92035
68822,68823
68822,68832
68822,68835
68822,68846
68822,68848
68823,68832
68823,68835
68823,68846
68823,68848
68823,68852
68832,68835
68832,68846
68832,68852
68832,68858
68832,80517
68835,68846
68835,68848
68835,68852
68835,68858
68835,68860
68846,68848
68846,68852
68846,68858
68846,68860
68846,68862
68848,68852
68848,68858
68848,68860
68848,68862
68848,68867
68848,98458
68852,68858
68852,68860
68852,68862
68852,68867
68852,68868
68858,68860
68858,68862
68858,68867
68858,68868
68858,68870
68858,70826
68860,68862
68860,68867
68860,68868
68860,68870
68860,68872
68862,68867
68862,68868
68862,68870
68862,68872
68862,68873
68867,68868
68867,68870
68867,68872
68867,68873
68867,68874
68868,68872
68868,68873
68868,68874
68868,86341
68870,68872
68870,68873
68870,68874
68870,68876
68870,68877
68872,68873
68872,68874
68872,68876
68872,68877
68872,68878
68872,76975
68873,68874
68873,68877
68873,68885
68874,68876
68874,68877
68874,68878
68874,68885
68874,68891
68876,68877
68876,68878
68876,68885
68876,68891
68876,68904
68877,68878
68877,68885
68877,68891
68877,68904
68877,77350
68878,68885
68878,68891
68878,68904
68878,68907
68878,68908
68885,68891
68885,68904
68885,68907
68885,68908
68885,68916
68885,84946
68891,68904
68891,68907
68891,68908
68891,68916
68891,68919
68904,68907
68904,68908
68904,68916
68904,68919
68904,68920
68907,68908
68907,68920
68907,68923
68908,68916
68908,68919
68908,68920
68908,68923
68908,68925
68916,68919
68916,68920
68916,68923
68916,68925
68919,68920
68919,68923
68919,68925
68919,68929
68919,68930
68920,68923
68920,68925
68920,68929
68920,68930
68920,68945
68923,68925
68923,68929
68923,68930
68923,68945
68923,68947
68925,68929
68925,68930
68925,68945
68925,68947
68925,68948
68929,68930
68929,68945
68929,68948
68929,68952
68930,68947
68930,68948
68930,68952
68930,68953
68945,68947
68945,68948
68945,68952
68945,68953
68945,68954
68947,68948
68947,68954
68947,76224
68947,91499
68948,68952
68948,68953
68948,68954
68948,68956
68948,85578
68952,68953
68952,68954
68952,68956
68952,68960
68952,68976
68953,68954
68953,68956
68953,68960
68953,68976
68953,68980
68954,68956
68954,68960
68954,68976
68954,68980
68954,68981
68956,68960
68956,68976
68956,68980
68956,68981
68956,68982
68960,68976
68960,68980
68960,68981
68960,68982
68960,68990
68976,68980
68976,68981
68976,68982
68976,68990
68976,68993
68980,68981
68980,68982
68980,68993
68980,68998
68981,68982
68981,68990
68981,68993
68981,68998
68982,68990
68982,68993
68982,68998
68982,69000
68982,69002
68990,68993
68990,68998
68990,69000
68990,69002
68990,69006
68993,68998
68993,69000
68993,69002
68993,69006
68993,69010
68998,69000
68998,69002
68998,69006
68998,69010
68998,69012
69000,69002
69000,69010
69000,69015
69002,69010
69002,69012
69002,69015
69002,69018
69006,69010
69006,69015
69006,69018
69006,69021
69010,69012
69010,69015
69010,69018
69010,69021
69010,69024
69012,69015
69012,69018
69012,69021
69012,69024
69012,69026
69015,69018
69015,69021
69015,69024
69015,69026
69018,69021
69018,69024
69018,69027
69018,69028
69021,69024
69021,69026
69021,69027
69021,69030
69021,86960
69024,69026
69024,69027
69024,69028
69024,69030
69026,69027
69026,69028
69026,69030
69026,69041
69027,69028
69027,69030
69027,69036
69027,69041
69027,69042
69028,69030
69028,69036
69028,69041
69028,69042
69028,69047
69030,69036
69030,69041
69030,69042
69030,69047
69030,69055
69036,69041
69036,69042
69036,69047
69036,69055
69036,69060
69041,69047
69041,69055
69041,69060
69041,69063
69042,69047
69042,69060
69042,69063
69042,69076
69047,69055
69047,69060
69047,69063
69047,69076
69047,69078
69055,69060
69055,69063
69055,69076
69055,69078
69055,84034
69055,78985
69060,69063
69060,69076
69060,69078
69060,69079
69060,69081
69063,69076
69063,69078
69063,69079
69063,69081
69063,83475
69076,69078
69076,69079
69076,69081
69076,69084
69076,69086
69078,69079
69078,69081
69078,69084
69078,69086
69078,69091
69079,69081
69079,69084
69079,69086
69079,69091
69079,69092
69081,69084
69081,69086
69081,69091
69081,69092
69084,69086
69084,69091
69084,69092
69084,69094
69084,69103
69086,69092
69086,69094
69086,69103
69086,69104
69091,69092
69091,69094
69091,69103
69091,69104
69091,69105
69092,69094
69092,69103
69092,69104
69092,69105
69092,69109
69094,69103
69094,69104
69094,69109
69094,69110
69094,70308
69103,69104
69103,69105
69103,69109
69103,69110
69103,69113
69104,69105
69104,69109
69104,69110
69104,69113
69104,69117
69105,69109
69105,69110
69105,69113
69105,69120
69109,69110
69109,69113
69109,69117
69109,69120
69109,69122
69110,69113
69110,69117
69110,69120
69110,69122
69110,69125
69113,69117
69113,69120
69113,69122
69113,69125
69113,69129
69117,69122
69117,69125
69117,69129
69117,69130
69120,69122
69120,69129
69120,69130
69120,69132
69122,69125
69122,69129
69122,69130
69122,69132
69122,69133
69125,69129
69125,69132
69125,69133
69125,69136
69125,72956
69129,69130
69129,69132
69129,69133
69129,69136
69129,69144
69130,69132
69130,69136
69130,69144
69130,69160
69132,69133
69132,69136
69132,69144
69132,69160
69132,69162
69133,69136
69133,69144
69133,69160
69133,69167
69133,83705
69136,69160
69136,69162
69136,69167
69136,69171
69136,72244
69144,69160
69144,69162
69144,69167
69144,69174
69144,89711
69160,69162
69160,69167
69160,69171
69160,69178
69162,69167
69162,69171
69162,69174
69162,69178
69162,69182
69167,69171
69167,69174
69167,69178
69167,69182
69167,69185
69167,77887
69171,69174
69171,69178
69171,69182
69171,69185
69171,69186
69174,69178
69174,69182
69174,69185
69174,69186
69174,69194
69178,69182
69178,69185
69178,69186
69178,69194
69178,69199
69182,69185
69182,69186
69182,69194
69182,69199
69182,69206
69182,77200
69185,69186
69185,69194
69185,69206
69185,69217
69186,69194
69186,69199
69186,69206
69186,69217
69186,69220
69194,69199
69194,69206
69194,69217
69194,69220
69194,69223
69199,69206
69199,69220
69199,69223
69199,69225
69206,69217
69206,69220
69206,69225
69206,69232
69206,85950
69217,69220
69217,69223
69217,69225
69217,69232
69217,69234
69217,79270
69220,69223
69220,69225
69220,69232
69220,69234
69220,69239
69223,69225
69223,69232
69223,69234
69223,69239
69223,69241
69225,69232
69225,69234
69225,69239
69225,69241
69225,69246
69232,69234
69232,69239
69232,69241
69232,69246
69232,69247
69234,69239
69234,69241
69234,69246
69234,69247
69234,69256
69239,69241
69239,69246
69239,69247
69239,69258
69241,69246
69241,69247
69241,69256
69241,69258
69241,69259
69241,77417
69246,69247
69246,69256
69246,69258
69246,69259
69246,69263
69247,69256
69247,69258
69247,69259
69247,69263
69247,69267
69256,69258
69256,69263
69256,69267
69256,69270
69258,69259
69258,69263
69258,69267
69258,69270
69258,69272
69259,69263
69259,69267
69259,69272
69259,69274
69263,69267
69263,69270
69263,69272
69263,75667
69267,69270
69267,69272
69267,69274
69267,69289
69267,69291
69270,69272
69270,69274
69270,69289
69270,69291
69270,69299
69272,69274
69272,69289
69272,69291
69272,69299
69272,69302
69272,99739
69272,96171
69274,69291
69274,69299
69274,69302
69274,69304
69289,69291
69289,69299
69289,69302
69289,69304
69289,69306
69291,69299
69291,69304
69291,69306
69291,69307
69299,69302
69299,69304
69299,69306
69299,69307
69299,69309
69302,69304
69302,69306
69302,69307
69302,69309
69302,69318
69304,69306
69304,69307
69304,69309
69304,69318
69304,69323
69306,69309
69306,69318
69306,69323
69306,69327
69307,69309
69307,69323
69307,69327
69307,69328
69307,69991
69309,69318
69309,69323
69309,69327
69309,69328
69309,69335
69318,69323
69318,69327
69318,69345
69318,94977
69323,69327
69323,69328
69323,69335
69323,69345
69323,69347
69327,69328
69327,69335
69327,69345
69327,69347
69327,69349
69328,69335
69328,69345
69328,69347
69328,69352
69335,69345
69335,69349
69335,69352
69335,69356
69345,69347
69345,69349
69345,69352
69345,69356
69345,69357
69347,69349
69347,69352
69347,69356
69347,69357
69347,69367
69349,69352
69349,69356
69349,69357
69349,69367
69349,69370
69352,69356
69352,69357
69352,69367
69352,69380
69356,69357
69356,69367
69356,69370
69356,69380
69356,69385
69357,69367
69357,69370
69357,69380
69357,69385
69357,69386
69367,69370
69367,69380
69367,69385
69367,69386
69367,69389
69370,69380
69370,69385
69370,69386
69370,69389
69370,69392
69380,69385
69380,69386
69380,69389
69380,69392
69380,69397
69385,69389
69385,69392
69385,69397
69385,69399
69385,87376
69386,69389
69386,69392
69386,69397
69386,69399
69386,69402
69389,69392
69389,69397
69389,69399
69389,69402
69389,69405
69389,96087
69392,69397
69392,69399
69392,69402
69392,69405
69392,69406
69392,81865
69397,69399
69397,69402
69397,69405
69397,69406
69397,69413
69399,69402
69399,69405
69399,69413
69399,69421
69402,69405
69402,69406
69402,69413
69402,69421
69402,69427
69405,69406
69405,69413
69405,69421
69405,69427
69405,69428
69406,69413
69406,69421
69406,69427
69406,69428
69406,69438
69413,69421
69413,69427
69413,69428
69413,69438
69413,69442
69421,69427
69421,69428
69421,69438
69421,69442
69421,69449
69427,69438
69427,69442
69427,69449
69427,69452
69427,86931
69428,69438
69428,69442
69428,69452
69428,69456
69438,69442
69438,69449
69438,69452
69438,69456
69438,88160
69442,69449
69442,69452
69442,69456
69442,69458
69442,69460
69449,69452
69449,69456
69449,69458
69449,69460
69449,69465
69452,69456
69452,69458
69452,69465
69452,69469
69456,69458
69456,69460
69456,69465
69456,69469
69456,69471
69456,86787
69458,69460
69458,69465
69458,69469
69458,69471
69458,72200
69460,69465
69460,69469
69460,69471
69460,69472
69460,69474
69465,69469
69465,69471
69465,69472
69465,69474
69465,69476
69469,69471
69469,69472
69469,69474
69469,69477
69469,96619
69471,69472
69471,69474
69471,69476
69471,69477
69471,69481
69472,69474
69472,69477
69472,69481
69472,69482
69472,81884
69474,69476
69474,69477
69474,69481
69474,69482
69474,69484
69476,69477
69476,69481
69476,69482
69476,69484
69476,69486
69477,69481
69477,69484
69477,69486
69477,69492
69481,69482
69481,69484
69481,69486
69481,69492
69481,69499
69482,69486
69482,69492
69482,69499
69482,69505
69482,90831
69484,69486
69484,69492
69484,69499
69484,69505
69484,69508
69486,69492
69486,69499
69486,69505
69486,69508
69486,69512
69486,91050
69492,69499
69492,69512
69492,86125
69492,97219
69499,69505
69499,69508
69499,69512
69499,69523
69499,69525
69505,69512
69505,69523
69505,69525
69505,69534
69508,69512
69508,69523
69508,69525
69508,69534
69508,69539
69508,71628
69512,69523
69512,69525
69512,69534
69512,69539
69512,69543
69523,69525
69523,69534
69523,69539
69523,69543
69523,69545
69525,69534
69525,69539
69525,69543
69525,69545
69525,69547
69534,69547
69534,69551
69539,69543
69539,69545
69539,69547
69539,69551
69539,69552
69539,71219
69543,69545
69543,69547
69543,69552
69543,69562
69545,69547
69545,69551
69545,69552
69545,69562
69545,69564
69547,69551
69547,69552
69547,69562
69547,69564
69547,69567
69551,69562
69551,69564
69551,69567
69551,69571
69552,69562
69552,69564
69552,69567
69552,69571
69552,69576
69562,69564
69562,69567
69562,69571
69562,69576
69562,69578
69564,69567
69564,69571
69564,69576
69564,69578
69564,69580
69567,69571
69567,69576
69567,69578
69567,69580
69567,69585
69571,69576
69571,69578
69571,69580
69571,69585
69571,69586
69576,69580
69576,69585
69576,69586
69576,69590
69576,75900
69578,69580
69578,69585
69578,69586
69578,69591
69578,90748
69580,69585
69580,69586
69580,69590
69580,69591
69580,69592
69585,69586
69585,69590
69585,69591
69585,69592
69585,69595
69586,69590
69586,69591
69586,69592
69586,70464
69586,81695
69590,69591
69590,69592
69590,69595
69590,69598
69591,69592
69591,69595
69591,69596
69591,69598
69592,69595
69592,69598
69592,69609
69592,69611
69592,96644
69595,69596
69595,69609
69595,69611
69595,69616
69595,98036
69596,69598
69596,69611
69596,69616
69596,69617
69598,69609
69598,69616
69598,69617
69598,69622
69598,95375
69609,69611
69609,69616
69609,69617
69609,69622
69609,69625
69609,70619
69611,69616
69611,69617
69611,69622
69611,69625
69611,69640
69616,69617
69616,69640
69616,69646
69616,70825
69617,69622
69617,69625
69617,69646
69617,69658
69622,69625
69622,69640
69622,69646
69622,69658
69622,69659
69625,69640
69625,69646
69625,69658
69625,69659
69625,69668
69640,69646
69640,69658
69640,69659
69640,69668
69640,69671
69646,69658
69646,69659
69646,69668
69646,69671
69646,91997
69658,69659
69658,69668
69658,69671
69658,69672
69658,69679
69659,69671
69659,69672
69659,69679
69659,69683
69659,99061
69668,69671
69668,69672
69668,69679
69668,69683
69671,69679
69671,69683
69671,69685
69671,69687
69671,87105
69672,69679
69672,69683
69672,69685
69672,69687
69672,69693
69679,69683
69679,69685
69679,69687
69679,69694
69683,69685
69683,69687
69683,69693
69683,69694
69683,69699
69685,69687
69685,69694
69685,69699
69685,69701
69685,77815
69687,69693
69687,69694
69687,69699
69687,69701
69687,69709
69693,69694
69693,69699
69693,69701
69693,69709
69693,69710
69693,92053
69694,69699
69694,69709
69694,69710
69694,69711
69699,69701
69699,69709
69699,69711
69699,69712
69701,69710
69701,69711
69701,69712
69701,69714
69709,69710
69709,69711
69709,69712
69709,69714
69709,69715
69710,69711
69710,69712
69710,69714
69710,69715
69710,69734
69711,69712
69711,69714
69711,69715
69711,69740
69712,69714
69712,69740
69712,69743
69712,87253
69714,69715
69714,69734
69714,69740
69714,69753
69714,88644
69715,69734
69715,69740
69715,69743
69715,69753
69715,69755
69734,69740
69734,69743
69734,69753
69734,69757
69740,69743
69740,69753
69740,69755
69740,69757
69740,69760
69743,69753
69743,69755
69743,69757
69743,69760
69743,69761
69753,69755
69753,69757
69753,69760
69753,69761
69753,69771
69755,69757
69755,69760
69755,69761
69755,69771
69757,69760
69757,69761
69757,69771
69757,69772
69757,92864
69760,69761
69760,69771
69760,69772
69760,69788
69760,69789
69760,80571
69761,69771
69761,69772
69761,69788
69761,69789
69761,69791
69771,69772
69771,69788
69771,69789
69771,69791
69771,69797
69772,69788
69772,69789
69772,69791
69772,69797
69772,99563
69788,69789
69788,69791
69788,69797
69788,69805
69789,69791
69789,69797
69789,69798
69789,69811
69789,88695
69791,69797
69791,69798
69791,69805
69791,69811
69791,69813
69797,69805
69797,69811
69797,69813
69797,69816
69797,80721
69798,69805
69798,69811
69798,69813
69798,69816
69798,69817
69805,69811
69805,69813
69805,69816
69805,69817
69805,69821
69811,69816
69811,69817
69811,69821
69813,69816
69813,69817
69813,69821
69813,69826
69813,71716
69816,69821
69816,69822
69816,69826
69816,69828
69817,69821
69817,69822
69817,69826
69817,69828
69817,69829
69821,69826
69821,69828
69821,69829
69821,69844
69821,83215
69822,69826
69822,69828
69822,69829
69822,69844
69822,69846
69826,69828
69826,69829
69826,69844
69826,69846
69826,69851
69828,69829
69828,69844
69828,69846
69828,69851
69828,85476
69829,69844
69829,69846
69829,69851
69829,69858
69829,69861
69844,69846
69844,69851
69844,69858
69844,69861
69844,69870
69844,74077
69846,69851
69846,69858
69846,69861
69846,69870
69846,69871
69851,69858
69851,69861
69851,69870
69851,69871
69851,69882
69858,69861
69858,69870
69858,69871
69858,69882
69858,69885
69858,77232
69861,69870
69861,69871
69861,69882
69861,69886
69870,69871
69870,69886
69870,69902
69871,69882
69871,69885
69871,69886
69871,69902
69871,69907
69882,69886
69882,69902
69882,69907
69882,69909
69882,96471
69885,69886
69885,69902
69885,69907
69885,69912
69886,69902
69886,69907
69886,69909
69886,69912
69886,69914
69902,69907
69902,69909
69902,69914
69902,69915
69902,71764
69902,97619
69902,71589
69907,69909
69907,69912
69907,69914
69907,69915
69907,69919
69907,91053
69909,69912
69909,69914
69909,69915
69909,69919
69909,69921
69909,70393
69912,69914
69912,69915
69912,69919
69912,69926
69914,69921
69914,69926
69914,69927
69915,69919
69915,69921
69915,69926
69915,69927
69915,69940
69919,69921
69919,69926
69919,69927
69919,69940
69919,69942
69921,69926
69921,69927
69921,69940
69921,69942
69921,69951
69926,69927
69926,69940
69926,69942
69926,69951
69926,69952
69926,86604
69927,69940
69927,69942
69927,69951
69927,69952
69927,69955
69940,69942
69940,69951
69940,69952
69940,69955
69940,69956
69942,69951
69942,69952
69942,69956
69942,69957
69951,69952
69951,69955
69951,69956
69951,69957
69951,69959
69952,69955
69952,69956
69952,69957
69952,69959
69952,69964
69955,69956
69955,69957
69955,69959
69955,69964
69955,69968
69956,69957
69956,69959
69956,69964
69956,69984
69957,69959
69957,69964
69957,69968
69957,69984
69957,69985
69957,87329
69959,69964
69959,69968
69959,69985
69959,69986
69959,78659
69964,69984
69964,69985
69964,69986
69964,96039
69968,69984
69968,69985
69968,69986
69968,69991
69968,69993
69984,69985
69984,69991
69984,69993
69984,69996
69985,69991
69985,69993
69985,69996
69985,70001
69986,69991
69986,69996
69986,70001
69986,70002
69991,69993
69991,70002
69991,70007
69991,70274
69993,69996
69993,70001
69993,70002
69993,70007
69993,70008
69996,70001
69996,70002
69996,70007
69996,70008
69996,70009
69996,77640
70001,70002
70001,70007
70001,70008
70001,70009
70001,70011
70002,70007
70002,70008
70002,70011
70002,70012
70007,70008
70007,70009
70007,70011
70007,70025
70007,72693
70008,70009
70008,70011
70008,70012
70008,70025
70008,70027
70009,70011
70009,70012
70009,70025
70009,70027
70011,70012
70011,70025
70011,70027
70011,70028
70012,70025
70012,70027
70012,70028
70012,70030
70012,70031
70025,70027
70025,70028
70025,70030
70025,70031
70025,70350
70027,70028
70027,70035
70027,70039
70027,77687
70028,70030
70028,70031
70028,70035
70028,70039
70028,70046
70030,70031
70030,70035
70030,70039
70030,70046
70030,70065
70031,70035
70031,70039
70031,70046
70031,70067
70031,79847
70035,70039
70035,70046
70035,70065
70035,70067
70035,70073
70039,70046
70039,70065
70039,70067
70039,70077
70039,78437
70046,70065
70046,70067
70046,70073
70046,70077
70046,70078
70065,70067
70065,70077
70065,70078
70065,70084
70065,80769
70067,70073
70067,70077
70067,70078
70067,70084
70067,70086
70073,70077
70073,70078
70073,70084
70073,70086
70073,70089
70077,70078
70077,70084
70077,70086
70077,70089
70077,70092
70078,70086
70078,70089
70078,70092
70078,70108
70084,70086
70084,70089
70084,70108
70084,70116
70086,70089
70086,70092
70086,70108
70086,70116
70086,70119
70089,70092
70089,70108
70089,70116
70089,70119
70089,70121
70092,70108
70092,70116
70092,70119
70092,70121
70092,70126
70108,70116
70108,70119
70108,70121
70108,70126
70108,70127
70116,70119
70116,70121
70116,70126
70116,70127
70116,70128
70119,70126
70119,70127
70119,70128
70119,70129
70121,70126
70121,70127
70121,70128
70121,70129
70121,70130
70126,70127
70126,70128
70126,70129
70126,70130
70126,70135
70127,70128
70127,70130
70127,70135
70127,70139
70128,70129
70128,70130
70128,70135
70128,70139
70128,70141
70129,70130
70129,70135
70129,70139
70129,70141
70129,70143
70130,70135
70130,70139
70130,70141
70130,70149
70130,90838
70135,70139
70135,70141
70135,70143
70135,70149
70139,70141
70139,70143
70139,70149
70139,70152
70139,70156
70141,70143
70141,70149
70141,70152
70141,70156
70141,70157
70143,70149
70143,70152
70143,70156
70143,70157
70143,70159
70149,70152
70149,70156
70149,70159
70149,70167
70152,70157
70152,70167
70152,70169
70156,70157
70156,70159
70156,70167
70156,70169
70156,70176
70156,80567
70157,70159
70157,70167
70157,70176
70157,70181
70159,70167
70159,70169
70159,70176
70159,70181
70159,70184
70167,70169
70167,70176
70167,70181
70167,70184
70167,70185
70169,70176
70169,70184
70169,70185
70169,70186
70176,70181
70176,70184
70176,70186
70176,74167
70181,70184
70181,70185
70181,70186
70181,70192
70181,70197
70184,70185
70184,70192
70184,70197
70184,70201
70185,70192
70185,70197
70185,70201
70185,70203
70186,70192
70186,70197
70186,70201
70192,70197
70192,70201
70192,70203
70192,70206
70192,70207
70197,70201
70197,70203
70197,70206
70197,70213
70201,70206
70201,70207
70201,70213
70201,70214
70203,70206
70203,70207
70203,70213
70203,70214
70203,74528
70206,70207
70206,70213
70206,70214
70206,70217
70207,70214
70207,70216
70207,70217
70207,70221
70207,86119
70213,70214
70213,70216
70213,70217
70213,70221
70213,70222
70214,70216
70214,70217
70214,70221
70214,70222
70214,70228
70216,70217
70216,70221
70216,70222
70216,70228
70216,70230
70217,70222
70217,70228
70217,70230
70217,70231
70221,70222
70221,70228
70221,70231
70222,70228
70222,70230
70222,70231
70222,70232
70222,70243
70228,70230
70228,70231
70228,70232
70228,70243
70228,70245
70230,70231
70230,70232
70230,70243
70230,70245
70230,70251
70231,70232
70231,70243
70231,70245
70231,70254
70231,75429
70232,70243
70232,70245
70232,70251
70232,70255
70232,79158
70243,70245
70243,70251
70243,70254
70243,70255
70243,70257
70245,70251
70245,70254
70245,70255
70245,82268
70251,70254
70251,70255
70251,70257
70251,70263
70251,70270
70254,70255
70254,70257
70254,70263
70254,70270
70254,70274
70255,70257
70255,70263
70255,70270
70255,70274
70255,70288
70257,70263
70257,70288
70257,70289
70263,70274
70263,70288
70263,70289
70263,70292
70270,70288
70270,70289
70270,70292
70270,70295
70274,70288
70274,70289
70274,70292
70274,70299
70288,70289
70288,70292
70288,70295
70288,70299
70288,70308
70288,75479
70289,70292
70289,70295
70289,70299
70289,70308
70289,70317
70292,70295
70292,70299
70292,70308
70292,70317
70292,70320
70295,70299
70295,70308
70295,70317
70295,70320
70299,70308
70299,70317
70299,70320
70299,70321
70299,70324
70308,70317
70308,70320
70308,70321
70308,70324
70308,70326
70317,70320
70317,70321
70317,70324
70317,70326
70317,70328
70320,70321
70320,70324
70320,70326
70320,70328
70320,70333
70321,70324
70321,70326
70321,70333
70321,70336
70324,70326
70324,70328
70324,70333
70324,70336
70324,70340
70324,71177
70326,70328
70326,70333
70326,70336
70326,70340
70326,70342
70328,70333
70328,70336
70328,70340
70328,70342
70328,70344
70333,70336
70333,70340
70333,70342
70333,70344
70336,70342
70336,70344
70336,70346
70336,70347
70336,97622
70340,70342
70340,70344
70340,70347
70340,70350
70342,70344
70342,70346
70342,70347
70342,70350
70342,70353
70344,70346
70344,70347
70344,70350
70344,70353
70344,70356
70346,70353
70346,70356
70346,75089
70347,70350
70347,70353
70347,70356
70347,70357
70347,70361
70350,70353
70350,70356
70350,70357
70350,70361
70350,70364
70350,84623
70353,70356
70353,70357
70353,70361
70353,70365
70353,96620
70356,70357
70356,70361
70356,70364
70356,70365
70356,70371
70357,70361
70357,70365
70357,70371
70357,70375
70361,70364
70361,70365
70361,70371
70361,70375
70361,70381
70364,70371
70364,70375
70364,70382
70365,70371
70365,70375
70365,70381
70365,70382
70365,70383
70371,70375
70371,70381
70371,70382
70371,70383
70371,70393
70371,95744
70375,70381
70375,70382
70375,70383
70375,70393
70375,70398
70381,70382
70381,70383
70381,70398
70381,70401
70382,70383
70382,70393
70382,70398
70382,70401
70382,70405
70383,70393
70383,70398
70383,70401
70383,70405
70383,97259
70393,70398
70393,70405
70393,70411
70393,70413
70398,70405
70398,70411
70398,70413
70398,70414
70398,84762
70401,70405
70401,70413
70401,70414
70401,70417
70405,70411
70405,70413
70405,70414
70405,70417
70405,70421
70411,70413
70411,70414
70411,70417
70411,70421
70411,70427
70413,70417
70413,70421
70413,70427
70414,70417
70414,70421
70414,70427
70414,70429
70414,70430
70414,74860
70417,70421
70417,70427
70417,70429
70417,70430
70417,70443
70421,70429
70421,70430
70421,70443
70421,92457
70421,76516
70427,70430
70427,70443
70427,70446
70427,70450
70427,93952
70429,70430
70429,70443
70429,70446
70429,70450
70430,70446
70430,70450
70430,70456
70430,70457
70430,94006
70443,70446
70443,70450
70443,70456
70443,70457
70443,70464
70446,70450
70446,70456
70446,70457
70446,70464
70446,70471
70450,70456
70450,70457
70450,70464
70456,70457
70456,70464
70456,70471
70456,70474
70456,70475
70457,70464
70457,70471
70457,70474
70457,70475
70457,70477
70464,70471
70464,70475
70464,70477
70464,70481
70471,70474
70471,70475
70471,70477
70471,70481
70471,70482
70474,70475
70474,70477
70474,70481
70474,70482
70474,95116
70475,70477
70475,70481
70475,70484
70475,70489
70477,70481
70477,70482
70477,70484
70477,70489
70477,70494
70481,70482
70481,70484
70481,70489
70481,70494
70481,70495
70482,70484
70482,70489
70482,70494
70482,70495
70482,70496
70484,70489
70484,70494
70484,70495
70484,70496
70484,70499
70489,70495
70489,70496
70489,70499
70489,70502
70489,83478
70494,70495
70494,70496
70494,70499
70494,70502
70494,70503
70495,70496
70495,70499
70495,70502
70495,70508
70496,70499
70496,70502
70496,70508
70496,70509
70499,70502
70499,70503
70499,70508
70499,70509
70499,70512
70502,70503
70502,70508
70502,70509
70502,70512
70502,70522
70503,70508
70503,70509
70503,70512
70503,70522
70503,70524
70503,75731
70508,70509
70508,70512
70508,70522
70508,70524
70508,70527
70509,70512
70509,70524
70509,70527
70509,70532
70512,70522
70512,70524
70512,70527
70512,70532
70512,70534
70522,70524
70522,70527
70522,70532
70522,70534
70522,70538
70522,90504
70524,70532
70524,70534
70524,70543
70524,86213
70527,70532
70527,70534
70527,70538
70527,70543
70527,70554
70532,70534
70532,70538
70532,70543
70532,70554
70532,70556
70534,70538
70534,70543
70534,70554
70534,70556
70534,70562
70538,70543
70538,70554
70538,70562
70538,70564
70543,70554
70543,70562
70543,70564
70543,70567
70543,79510
70554,70556
70554,70564
70554,70567
70554,70577
70556,70562
70556,70567
70556,70577
70556,70586
70556,80504
70556,71043
70562,70564
70562,70567
70562,70577
70562,70586
70562,70589
70564,70577
70564,70586
70564,70589
70564,70600
70567,70577
70567,70586
70567,70589
70567,70600
70567,70601
70577,70586
70577,70589
70577,70600
70577,70601
70577,70602
70586,70589
70586,70600
70586,70601
70586,70602
70586,70603
70589,70600
70589,70602
70589,70603
70589,70607
70600,70601
70600,70602
70600,70603
70600,70607
70600,70608
70601,70602
70601,70607
70601,70609
70601,78450
70601,76966
70602,70603
70602,70607
70602,70609
70602,77887
70602,83698
70603,70607
70603,70608
70603,70609
70603,70612
70603,70616
70607,70608
70607,70609
70607,70612
70607,70619
70608,70609
70608,70612
70608,70616
70608,70619
70608,70621
70609,70612
70609,70616
70609,70619
70609,70621
70609,70623
70609,74017
70612,70616
70612,70619
70612,70621
70612,70623
70612,70628
70616,70619
70616,70621
70616,70623
70616,70628
70619,70623
70619,70628
70619,70633
70619,70635
70621,70623
70621,70628
70621,70633
70621,70635
70621,70637
70623,70628
70623,70633
70623,70637
70623,70649
70628,70633
70628,70635
70628,70637
70628,70649
70628,70653
70633,70635
70633,70637
70633,70649
70633,70653
70633,70654
70633,99675
70635,70637
70635,70653
70635,70654
70635,70657
70637,70649
70637,70653
70637,70654
70637,70657
70637,70661
70649,70653
70649,70654
70649,70661
70649,70676
70653,70654
70653,70657
70653,70661
70654,70657
70654,70661
70654,70676
70654,70683
70654,70693
70657,70661
70657,70676
70657,70683
70657,85112
70661,70676
70661,70683
70661,70702
70676,70683
70676,70693
70676,70694
70676,70702
70676,70704
70683,70693
70683,70694
70683,70702
70683,70704
70683,70705
70693,70694
70693,70702
70694,70702
70694,70704
70694,70705
70694,70720
70702,70704
70702,70705
70702,70720
70702,70722
70702,70727
70702,76456
70704,70705
70704,70720
70704,70722
70704,70727
70704,70728
70705,70720
70705,70722
70705,70728
70705,70735
70720,70722
70720,70727
70720,70728
70720,70735
70720,70743
70722,70727
70722,70728
70722,70735
70722,70752
70727,70728
70727,70735
70727,70743
70727,70752
70727,70763
70728,70735
70728,70743
70728,70752
70728,70763
70728,70764
70735,70752
70735,70763
70735,70764
70735,70767
70735,81565
70743,70752
70743,70763
70743,70764
70743,70767
70743,70770
70752,70763
70752,70764
70752,70767
70752,70778
70763,70764
70763,70770
70763,70778
70764,70767
70764,70770
70764,70778
70764,70779
70764,70801
70767,70770
70767,70778
70767,70779
70767,70801
70767,70809
70770,70778
70770,70779
70770,70801
70770,70809
70770,83811
70778,70779
70778,70801
70778,70809
70778,70812
70778,70814
70779,70801
70779,70809
70779,70812
70779,70814
70779,70817
70801,70809
70801,70812
70801,70814
70801,70817
70801,70818
70809,70812
70809,70814
70809,70817
70809,70818
70812,70814
70812,70817
70812,70819
70812,70822
70814,70817
70814,70818
70814,70819
70814,70825
70817,70818
70817,70822
70817,70825
70817,70826
70817,75884
70818,70819
70818,70822
70818,70825
70818,70826
70818,70829
70818,79403
70819,70822
70819,70825
70819,70826
70819,70829
70819,70832
70819,71951
70822,70825
70822,70826
70822,70829
70822,70832
70825,70826
70825,70829
70825,70833
70826,70829
70826,70833
70826,70836
70826,70837
70829,70833
70829,70836
70829,70837
70829,70838
70832,70833
70832,70836
70832,70837
70832,70839
70833,70836
70833,70837
70833,70838
70833,70839
70833,70840
70836,70837
70836,70838
70836,70839
70836,70840
70836,70842
70837,70838
70837,70839
70837,70840
70837,70842
70837,70847
70838,70839
70838,70840
70838,70842
70838,70847
70838,70857
70839,70840
70839,70842
70839,70847
70839,70857
70840,70842
70840,70847
70840,70857
70840,70858
70840,70859
70842,70857
70842,70858
70842,70859
70842,70860
70847,70857
70847,70858
70847,70859
70847,70860
70847,70865
70857,70858
70857,70859
70857,70860
70857,70865
70857,70866
70858,70859
70858,70860
70858,70865
70858,70870
70859,70860
70859,70865
70859,70870
70859,70876
70859,86986
70860,70865
70860,70866
70860,70870
70860,70876
70860,70882
70865,70870
70865,70876
70865,70885
70866,70870
70866,70876
70866,70882
70866,70885
70866,70888
70870,70876
70870,70882
70870,70885
70870,70888
70870,70891
70876,70882
70876,70885
70876,70888
70876,70891
70876,70892
70882,70888
70882,70891
70882,70899
70882,91386
70882,72397
70882,97047
70885,70888
70885,70891
70885,70892
70885,70899
70885,70900
70885,95162
70888,70891
70888,70892
70888,70899
70888,70900
70888,89322
70888,84090
70888,80871
70891,70892
70891,70899
70891,70900
70891,70907
70891,70911
70892,70899
70892,70907
70892,70911
70892,70912
70892,84082
70899,70900
70899,70907
70899,70911
70899,70914
70900,70907
70900,70911
70900,70912
70900,70914
70900,70917
70907,70911
70907,70912
70907,70914
70907,70917
70907,70920
70911,70912
70911,70914
70911,70917
70911,70920
70911,70921
70912,70914
70912,70917
70912,70920
70912,70921
70912,70922
70914,70917
70914,70920
70914,70921
70914,70922
70914,70927
70917,70920
70917,70921
70917,70922
70917,70927
70917,70930
70920,70921
70920,70922
70920,70927
70920,70930
70920,70933
70921,70922
70921,70927
70921,70930
70921,70933
70921,70937
70922,70927
70922,70930
70922,70933
70922,70937
70922,70940
70927,70937
70927,70940
70927,70943
70927,89965
70927,97874
70930,70933
70930,70937
70930,70940
70930,70943
70930,70948
70933,70940
70933,70943
70933,70948
70933,81701
70933,95423
70937,70940
70937,70943
70937,70952
70940,70943
70940,70948
70940,70952
70940,70953
70943,70952
70943,70953
70943,70956
70948,70951
70948,70953
70948,70956
70948,70959
70951,70952
70951,70953
70951,70956
70951,70959
70951,70965
70952,70956
70952,70959
70952,70965
70952,70967
70952,72499
70953,70956
70953,70959
70953,70965
70953,70967
70953,70973
70956,70967
70956,70973
70956,70975
70959,70965
70959,70967
70959,70973
70959,70975
70959,70981
70965,70967
70965,70973
70965,70975
70965,70981
70965,70989
70967,70973
70967,70975
70967,70989
70967,70997
70973,70975
70973,70981
70973,70989
70973,70997
70973,71005
70975,70981
70975,70997
70975,71005
70975,71012
70981,70989
70981,70997
70981,71005
70981,71012
70981,71015
70989,70997
70989,71005
70989,71012
70989,71015
70989,71019
70997,71005
70997,71012
70997,71015
70997,71019
70997,71021
71005,71012
71005,71015
71005,71019
71005,71021
71005,71022
71012,71015
71012,71019
71012,71021
71012,71022
71012,71025
71015,71019
71015,71021
71015,71022
71015,71025
71015,71040
71019,71021
71019,71022
71019,71025
71019,71040
71019,71042
71021,71025
71021,71040
71021,71042
71021,71043
71021,97217
71021,87955
71022,71025
71022,71040
71022,71043
71022,92851
71025,71040
71025,71042
71025,71043
71025,71047
71025,71050
71040,71042
71040,71043
71040,71047
71040,71050
71042,71043
71042,71047
71042,71050
71042,71053
71042,71056
71043,71047
71043,71050
71043,71053
71043,71056
71047,71050
71047,71053
71047,71056
71047,71061
71047,71065
71050,71053
71050,71056
71050,71061
71050,71065
71050,71071
71053,71061
71053,71065
71053,71071
71053,71074
71053,88711
71056,71061
71056,71065
71056,71071
71056,71074
71061,71065
71061,71074
71061,71077
71061,71078
71065,71071
71065,71074
71065,71077
71065,71078
71071,71074
71071,71077
71071,71078
71071,71081
71071,71082
71074,71077
71074,71078
71074,71081
71074,71082
71074,71084
71077,71078
71077,71081
71077,71082
71077,71084
71077,71094
71078,71081
71078,71082
71078,71084
71078,71094
71078,71096
71078,71805
71081,71082
71081,71084
71081,71094
71081,71096
71081,71100
71082,71084
71082,71094
71082,71096
71082,71100
71082,71102
71084,71094
71084,71096
71084,71100
71084,71104
71094,71096
71094,71100
71094,71104
71094,71108
71094,75744
71096,71100
71096,71102
71096,71108
71096,71111
71096,87517
71100,71102
71100,71104
71100,71111
71100,71112
71100,81916
71102,71104
71102,71108
71102,71111
71102,71112
71104,71108
71104,71111
71104,71112
71104,71116
71104,71119
71108,71111
71108,71112
71108,71119
71111,71112
71111,71116
71111,71119
71111,71130
71111,71135
71112,71116
71112,71119
71112,71130
71112,71135
71112,71137
71112,88939
71116,71119
71116,71130
71116,71135
71116,71137
71116,71138
71119,71130
71119,71135
71119,71137
71119,71138
71119,71143
71130,71135
71130,71138
71130,71143
71130,99953
71130,75371
71135,71137
71135,71138
71135,71143
71135,71150
71135,71151
71137,71138
71137,71143
71137,71150
71137,71151
71137,71152
71138,71143
71138,71150
71138,71151
71138,71154
71143,71150
71143,71151
71143,71152
71143,71154
71150,71151
71150,71152
71150,71155
71150,71156
71150,85657
71151,71152
71151,71154
71151,71155
71151,71157
71151,80695
71152,71154
71152,71155
71152,71156
71152,71157
71152,71164
71154,71156
71154,71157
71154,71164
71154,71166
71154,90210
71154,94843
71155,71156
71155,71157
71155,71164
71155,71166
71155,71167
71156,71157
71156,71164
71156,71166
71156,71167
71156,71172
71157,71164
71157,71166
71157,71167
71157,71172
71157,71177
71164,71166
71164,71167
71164,71177
71164,71189
71164,90934
71164,81654
71166,71167
71166,71172
71166,71177
71166,71189
71166,71194
71167,71172
71167,71189
71167,71195
71172,71177
71172,71189
71172,71194
71172,71195
71172,71201
71177,71194
71177,71195
71177,71201
71177,71205
71189,71194
71189,71195
71189,71201
71189,71205
71189,71208
71194,71195
71194,71201
71194,71208
71194,71212
71195,71201
71195,71205
71195,71212
71195,71214
71201,71205
71201,71208
71201,71212
71201,71214
71201,71216
71201,96881
71205,71208
71205,71212
71205,71214
71205,71216
71205,71218
71205,89708
71208,71212
71208,71214
71208,71216
71208,71219
71208,73680
71212,71214
71212,71216
71212,71218
71212,71219
71212,71224
71212,78836
71214,71216
71214,71218
71214,71219
71214,71224
71214,71225
71216,71218
71216,71219
71216,71224
71216,71225
71216,71226
71218,71219
71218,71225
71218,71226
71218,71235
71218,91536
71219,71224
71219,71226
71219,71235
71219,71240
71224,71225
71224,71226
71224,71235
71224,71240
71224,71242
71225,71226
71225,71235
71225,71240
71225,71242
71225,71245
71225,72543
71226,71235
71226,71240
71226,71242
71226,71245
71226,71249
71235,71240
71235,71242
71235,71245
71235,71249
71235,71250
71240,71242
71240,71249
71240,71250
71240,71258
71240,91489
71240,98851
71242,71245
71242,71250
71242,71258
71242,71263
71245,71249
71245,71250
71245,71258
71245,71263
71245,71277
71249,71250
71249,71258
71249,71263
71249,71277
71249,71280
71250,71258
71250,71263
71250,71277
71250,71280
71250,71293
71258,71263
71258,71277
71258,71280
71258,71293
71258,71300
71263,71277
71263,71280
71263,71293
71263,71300
71263,71305
71277,71280
71277,71293
71277,71300
71277,71305
71277,71309
71280,71293
71280,71300
71280,71305
71280,71309
71280,71321
71293,71300
71293,71305
71293,71309
71293,71321
71293,71324
71300,71305
71300,71309
71300,71321
71300,71324
71300,71329
71305,71309
71305,71321
71305,71324
71305,71329
71305,71333
71309,71321
71309,71324
71309,71329
71309,71333
71309,71338
71321,71324
71321,71329
71321,71333
71321,71338
71321,71339
71324,71329
71324,71333
71324,71338
71324,71339
71324,71341
71329,71333
71329,71338
71329,71339
71329,71341
71329,71347
71333,71338
71333,71339
71333,71341
71333,71347
71333,71353
71338,71339
71338,71341
71338,71347
71338,71353
71338,71355
71339,71341
71339,71347
71339,71353
71339,71355
71339,71356
71339,77056
71341,71347
71341,71353
71341,71355
71341,71356
71341,71361
71341,89427
71347,71353
71347,71355
71347,71356
71347,71361
71347,71370
71353,71355
71353,71356
71353,71361
71353,71370
71353,71373
71355,71361
71355,71370
71355,71373
71355,71374
71356,71361
71356,71370
71356,71373
71356,71374
71361,71370
71361,71373
71361,71374
71361,71381
71361,98964
71370,71373
71370,71374
71370,71377
71370,71381
71370,71384
71373,71374
71373,71377
71373,71381
71373,71384
71373,71387
71373,99479
71374,71377
71374,71384
71374,71387
71374,71391
71377,71381
71377,71387
71377,71391
71377,71393
71377,98446
71381,71387
71381,71391
71381,71393
71381,71396
71384,71387
71384,71391
71384,71393
71384,71396
71384,71398
71387,71391
71387,71393
71387,71398
71387,71399
71387,88800
71391,71393
71391,71396
71391,71398
71391,71399
71391,71400
71393,71396
71393,71398
71393,71399
71393,71400
71393,71401
71396,71398
71396,71399
71396,71400
71396,71401
71396,71404
71398,71399
71398,71400
71398,71401
71398,71404
71398,71409
71399,71400
71399,71401
71399,71404
71399,71409
71399,71410
71400,71401
71400,71404
71400,71409
71400,71410
71400,71411
71401,71404
71401,71410
71401,71411
71401,71417
71404,71409
71404,71410
71404,71417
71404,94419
71409,71410
71409,71417
71409,71446
71410,71411
71410,71417
71410,71446
71410,71452
71410,71781
71411,71417
71411,71429
71411,71446
71411,71452
71411,71453
71417,71429
71417,71446
71417,71452
71417,71453
71417,71455
71429,71446
71429,71452
71429,71453
71429,71455
71429,71466
71446,71452
71446,71453
71446,71455
71446,71466
71446,71467
71446,95847
71452,71453
71452,71455
71452,71466
71452,71467
71452,71469
71453,71455
71453,71466
71453,71467
71453,71469
71453,71471
71455,71466
71455,71467
71455,71469
71455,71471
71455,71474
71455,93346
71466,71467
71466,71469
71466,71471
71466,71474
71466,71475
71466,95628
71467,71469
71467,71471
71467,71474
71467,71475
71467,71479
71469,71471
71469,71474
71469,71475
71469,71479
71469,71487
71471,71474
71471,71475
71471,71479
71471,71487
71471,71488
71474,71475
71474,71479
71474,71487
71474,71488
71474,71490
71475,71479
71475,71487
71475,71488
71475,71490
71475,71499
71479,71487
71479,71488
71479,71490
71479,71499
71479,71501
71479,77019
71487,71488
71487,71490
71487,71499
71487,71501
71487,71507
71488,71490
71488,71499
71488,71501
71488,71507
71488,71512
71490,71499
71490,71501
71490,71507
71490,71512
71499,71507
71499,71512
71499,71520
71499,71522
71499,89459
71501,71507
71501,71520
71501,71522
71501,71534
71507,71512
71507,71520
71507,71522
71507,71534
71507,71542
71507,82378
71512,71520
71512,71522
71512,71534
71512,71542
71512,71543
71520,71522
71520,71534
71520,71542
71520,71543
71522,71534
71522,71542
71522,71543
71522,71548
71534,71542
71534,71543
71534,71548
71534,71551
71534,71559
71542,71548
71542,71551
71542,71559
71542,71561
71542,92151
71543,71548
71543,71551
71543,71559
71543,71561
71543,71564
71548,71551
71548,71561
71548,71564
71548,71577
71548,85385
71551,71559
71551,71561
71551,71564
71551,71577
71551,71578
71559,71561
71559,71564
71559,71577
71559,71578
71559,71580
71561,71564
71561,71577
71561,71578
71561,71580
71561,71588
71564,71578
71564,71580
71564,71588
71564,71589
71577,71578
71577,71580
71577,71588
71577,71589
71577,71592
71578,71580
71578,71588
71578,71589
71578,71592
71578,71602
71580,71588
71580,71589
71580,71592
71580,71602
71580,71606
71580,84287
71588,71589
71588,71592
71588,71602
71588,71606
71588,71608
71589,71592
71589,71602
71589,71606
71589,71608
71592,71602
71592,71606
71592,71608
71592,71612
71592,71618
71602,71606
71602,71608
71602,71612
71602,71618
71602,71619
71606,71608
71606,71612
71606,71618
71606,71619
71606,71620
71608,71612
71608,71618
71608,71619
71608,71620
71608,71628
71612,71618
71612,71619
71612,71620
71612,71628
71612,71632
71618,71619
71618,71620
71618,71628
71618,71632
71618,71635
71619,71620
71619,71628
71619,71632
71619,71635
71619,71636
71620,71628
71620,71632
71620,71635
71620,71636
71620,71637
71628,71632
71628,71636
71628,71637
71632,71635
71632,71636
71632,71637
71632,71639
71632,71648
71635,71636
71635,71637
71635,71639
71635,71648
71635,71649
71636,71637
71636,71639
71636,71648
71636,71649
71637,71639
71637,71648
71637,71649
71637,71651
71637,71652
71639,71648
71639,71649
71639,71651
71639,71652
71639,71655
71648,71649
71648,71651
71648,71652
71648,71655
71648,71656
71649,71651
71649,71652
71649,71655
71649,71656
71649,71658
71651,71652
71651,71655
71651,71656
71651,71658
71651,71660
71652,71655
71652,71656
71652,71658
71652,71660
71652,71664
71655,71656
71655,71658
71655,71660
71655,71664
71655,71669
71656,71658
71656,71660
71656,71664
71656,71669
71656,71679
71658,71660
71658,71664
71658,71669
71658,71679
71658,71680
71660,71669
71660,71679
71660,71680
71660,71686
71664,71669
71664,71679
71664,71680
71664,71686
71664,71696
71669,71679
71669,71680
71669,71686
71669,71696
71669,71699
71679,71680
71679,71686
71679,71696
71679,71699
71679,71707
71680,71686
71680,71699
71680,71707
71680,71716
71686,71696
71686,71699
71686,71707
71686,71716
71686,71717
71686,98598
71696,71699
71696,71707
71696,71716
71696,71717
71696,71718
71696,86840
71699,71707
71699,71716
71699,71717
71699,71718
71699,71719
71707,71716
71707,71717
71707,71718
71707,71719
71716,71717
71716,71718
71716,71719
71716,71724
71716,71727
71717,71718
71717,71719
71717,71727
71717,71729
71718,71724
71718,71727
71718,71729
71718,71740
71719,71724
71719,71727
71719,71729
71719,71740
71719,71742
71724,71727
71724,71729
71724,71740
71724,71742
71724,71761
71727,71729
71727,71740
71727,71742
71727,71761
71727,71764
71727,83162
71729,71740
71729,71742
71729,71761
71729,71764
71729,71768
71740,71742
71740,71761
71740,71764
71740,71768
71740,83066
71742,71761
71742,71764
71742,71768
71742,71770
71742,71781
71761,71764
71761,71770
71761,71781
71761,71787
71764,71768
71764,71770
71764,71781
71764,71787
71764,71795
71768,71770
71768,71781
71768,71787
71768,71795
71768,71798
71770,71795
71770,71798
71770,71805
71770,80769
71781,71787
71781,71795
71781,71805
71781,71806
71787,71795
71787,71798
71787,71805
71787,71806
71787,71812
71795,71806
71795,71812
71795,71814
71795,80746
71798,71805
71798,71812
71798,71814
71805,71806
71805,71812
71805,71820
71805,71829
71806,71812
71806,71814
71806,71820
71806,71829
71806,71834
71812,71814
71812,71820
71812,71829
71812,71834
71812,71836
71814,71820
71814,71829
71814,71834
71814,71836
71814,71841
71820,71829
71820,71834
71820,71836
71820,71841
71820,71849
71829,71834
71829,71836
71829,71841
71829,71849
71834,71836
71834,71849
71834,71856
71834,71859
71836,71841
71836,71849
71836,71859
71836,71864
71841,71849
71841,71864
71841,71871
71849,71856
71849,71859
71849,71871
71849,86303
71856,71859
71856,71864
71856,71871
71856,71880
71856,71884
71859,71864
71859,71871
71859,71880
71859,71884
71859,71885
71864,71871
71864,71880
71864,71884
71864,71885
71864,71888
71871,71880
71871,71884
71871,71885
71871,71888
71871,71895
71880,71884
71880,71885
71880,71895
71880,71902
71880,83758
71884,71888
71884,71895
71884,71902
71884,71904
71884,89327
71885,71888
71885,71895
71885,71902
71885,71904
71885,71917
71888,71895
71888,71902
71888,71917
71888,71923
71895,71902
71895,71904
71895,71923
71895,71925
71902,71904
71902,71917
71902,71923
71902,71925
71902,86086
71904,71923
71904,71925
71904,71927
71904,71929
71904,91710
71917,71923
71917,71925
71917,71927
71917,71929
71917,71933
71923,71925
71923,71927
71923,71929
71923,71941
71923,99198
71925,71927
71925,71933
71925,71941
71925,71943
71925,82428
71927,71929
71927,71933
71927,71941
71927,71943
71927,71944
71929,71933
71929,71941
71929,71943
71929,71944
71929,71947
71929,91757
71933,71941
71933,71943
71933,71944
71933,71947
71941,71943
71941,71944
71941,71947
71941,71951
71941,71952
71943,71944
71943,71947
71943,71952
71943,87891
71944,71947
71944,71951
71944,71952
71944,71956
71944,71963
71947,71951
71947,71956
71947,71963
71947,71972
71951,71952
71951,71956
71951,71963
71951,71977
71952,71956
71952,71963
71952,71972
71952,71977
71952,71978
71956,71963
71956,71972
71956,71978
71956,71982
71963,71972
71963,71978
71963,71982
71963,71985
71972,71977
71972,71978
71972,71982
71972,71985
71972,71990
71977,71982
71977,71985
71977,71990
71977,72000
71978,71982
71978,71990
71978,72000
71978,72006
71982,72000
71982,72006
71982,72008
71985,71990
71985,72000
71985,72006
71985,72008
71985,72010
71990,72000
71990,72006
71990,72010
71990,72013
72000,72006
72000,72008
72000,72010
72000,72013
72000,72017
72006,72008
72006,72010
72006,72017
72006,72028
72008,72010
72008,72013
72008,72017
72008,72028
72008,80728
72010,72017
72010,72028
72010,72032
72010,72040
72013,72017
72013,72028
72013,72032
72013,72040
72013,72044
72017,72028
72017,72032
72017,72040
72017,72044
72017,72045
72028,72032
72028,72040
72028,72044
72028,72045
72028,72046
72032,72040
72032,72045
72032,72046
72032,72053
72040,72044
72040,72045
72040,72046
72040,72053
72040,72057
72044,72045
72044,72046
72044,72053
72044,72057
72044,72069
72045,72046
72045,72053
72045,72069
72045,72071
72046,72053
72046,72057
72046,72069
72046,72071
72046,72072
72053,72057
72053,72071
72053,72072
72053,72083
72057,72069
72057,72072
72057,72083
72057,72096
72057,89688
72069,72071
72069,72072
72069,72083
72069,72096
72069,72111
72071,72072
72071,72083
72071,72096
72071,72111
72072,72083
72072,72096
72072,72116
72083,72111
72083,72116
72083,72117
72083,72118
72096,72116
72096,72117
72096,72121
72111,72116
72111,72117
72111,72118
72111,72121
72111,72131
72116,72117
72116,72118
72116,72121
72116,72131
72116,72135
72117,72118
72117,72121
72117,72131
72117,72135
72117,72143
72117,74701
72118,72121
72118,72131
72118,72135
72118,72143
72118,72144
72121,72131
72121,72143
72121,72144
72121,72151
72131,72135
72131,72143
72131,72144
72131,72151
72131,72155
72135,72143
72135,72144
72135,72151
72135,72155
72135,72158
72143,72144
72143,72151
72143,72155
72143,72158
72143,72163
72144,72151
72144,72155
72144,72158
72144,72163
72144,72166
72151,72155
72151,72158
72151,72163
72151,72166
72151,72178
72155,72158
72155,72163
72155,72166
72155,72178
72155,72180
72158,72166
72158,72178
72158,72180
72158,72185
72163,72166
72163,72178
72163,72180
72163,72185
72163,72189
72163,98196
72166,72178
72166,72180
72166,72185
72166,72189
72178,72180
72178,72185
72178,72196
72178,72199
72178,92389
72178,88066
72180,72185
72180,72189
72180,72196
72180,72199
72185,72189
72185,72196
72185,72199
72185,72200
72185,72208
72189,72196
72189,72199
72189,72200
72189,72208
72189,72209
72189,92934
72196,72199
72196,72200
72196,72208
72196,72209
72196,72216
72199,72200
72199,72208
72199,72216
72199,72219
72200,72208
72200,72209
72200,72219
72200,72220
72208,72209
72208,72216
72208,72219
72208,72220
72209,72216
72209,72219
72209,72220
72209,72223
72209,72226
72216,72219
72216,72220
72216,72223
72216,72226
72216,72229
72219,72220
72219,72223
72219,72226
72219,72229
72219,72237
72220,72223
72220,72226
72220,72229
72220,72237
72220,72239
72223,72226
72223,72229
72223,72237
72223,72239
72223,72244
72226,72229
72226,72237
72226,72239
72226,72244
72226,72245
72229,72237
72229,72239
72229,72244
72229,72251
72237,72239
72237,72244
72237,72245
72237,72252
72239,72244
72239,72245
72239,72251
72239,72252
72239,72256
72239,73219
72244,72245
72244,72251
72244,72252
72244,72256
72245,72251
72245,72252
72245,72256
72245,72263
72245,72264
72245,93431
72251,72252
72251,72256
72251,72263
72251,72264
72251,72270
72252,72256
72252,72263
72252,72264
72252,72270
72252,72275
72256,72263
72256,72270
72256,72275
72256,72287
72256,94701
72263,72264
72263,72270
72263,72287
72263,72288
72264,72270
72264,72287
72264,72288
72264,72295
72270,72275
72270,72298
72270,90949
72270,79450
72270,74399
72275,72287
72275,72288
72275,72295
72275,72298
72287,72288
72287,72295
72287,72298
72287,72311
72287,92163
72287,97404
72288,72295
72288,72298
72288,72299
72288,72311
72288,72324
72295,72298
72295,72299
72295,72324
72295,72327
72298,72299
72298,72311
72298,72324
72298,72327
72299,72311
72299,72324
72299,72327
72299,72332
72299,72334
72311,72324
72311,72327
72311,72332
72311,72334
72311,72336
72324,72332
72324,72334
72324,72336
72324,72340
72327,72332
72327,72334
72327,72336
72327,74933
72332,72334
72332,72336
72332,72340
72332,72353
72332,72360
72334,72340
72334,72353
72334,72360
72334,72364
72334,86088
72336,72353
72336,72360
72336,72364
72336,72365
72340,72353
72340,72360
72340,72364
72340,72365
72340,72369
72340,87011
72353,72360
72353,72364
72353,72369
72353,72373
72360,72364
72360,72365
72360,72369
72360,72373
72360,72375
72364,72365
72364,72369
72364,72375
72364,72376
72364,99550
72365,72369
72365,72373
72365,72375
72365,72376
72365,72379
72369,72373
72369,72375
72369,72376
72369,72379
72369,72385
72373,72375
72373,72379
72373,72391
72373,84413
72373,97520
72375,72376
72375,72379
72375,72385
72375,72391
72375,72394
72376,72379
72376,72385
72376,72391
72376,72394
72376,72396
72379,72385
72379,72391
72379,72394
72379,72396
72379,84693
72385,72391
72385,72394
72385,72396
72385,72397
72385,72398
72391,72396
72391,72397
72391,72398
72391,72399
72394,72396
72394,72397
72394,72398
72394,72399
72394,72405
72396,72397
72396,72398
72396,72399
72396,72405
72396,72417
72396,78896
72397,72398
72397,72399
72397,72405
72397,72417
72397,72429
72398,72399
72398,72405
72398,72417
72398,72429
72398,72430
72399,72405
72399,72417
72399,72429
72399,72430
72399,72436
72405,72417
72405,72429
72405,72430
72405,72436
72405,72437
72417,72429
72417,72430
72417,72436
72417,72437
72417,72441
72429,72430
72429,72436
72429,72437
72429,72441
72429,72442
72430,72436
72430,72437
72430,72441
72430,72442
72430,72443
72436,72437
72436,72441
72436,72442
72436,72443
72436,72444
72437,72441
72437,72443
72437,72444
72437,72448
72441,72442
72441,72443
72441,72444
72442,72443
72442,72448
72442,72449
72442,72455
72442,84413
72443,72444
72443,72448
72443,72449
72443,72455
72443,72458
72444,72448
72444,72449
72444,72455
72444,99780
72448,72449
72448,72455
72448,72458
72448,72459
72448,72464
72449,72455
72449,72458
72449,72459
72449,72464
72449,72466
72455,72458
72455,72459
72455,72464
72455,72466
72455,72472
72458,72459
72458,72466
72458,72472
72458,72481
72459,72464
72459,72466
72459,72472
72459,72481
72459,72482
72464,72466
72464,72472
72464,72481
72464,72482
72464,72484
72466,72472
72466,72481
72466,72482
72466,72484
72466,72489
72472,72481
72472,72484
72472,72489
72472,72491
72481,72482
72481,72484
72481,72489
72481,72491
72481,72492
72482,72484
72482,72489
72482,72491
72482,72492
72482,72496
72484,72489
72484,72491
72484,72492
72484,72496
72484,72499
72489,72491
72489,72492
72489,72496
72489,72499
72489,72500
72491,72492
72491,72496
72491,72499
72491,72500
72491,72506
72492,72496
72492,72499
72492,72500
72492,72506
72492,72510
72496,72499
72496,72506
72496,72515
72499,72500
72499,72506
72499,72510
72499,72515
72499,72519
72500,72506
72500,72510
72500,72515
72500,72519
72500,72530
72506,72510
72506,72515
72506,72519
72506,72530
72506,72536
72510,72515
72510,72519
72510,72530
72510,72536
72510,72539
72515,72519
72515,72530
72515,72536
72515,72539
72515,72541
72519,72530
72519,72536
72519,72539
72519,72541
72519,72543
72530,72536
72530,72539
72530,72541
72530,72543
72530,72552
72530,95279
72536,72539
72536,72541
72536,72543
72536,72552
72536,72557
72539,72541
72539,72543
72539,72552
72539,72557
72539,72559
72541,72543
72541,72552
72541,72557
72541,72564
72541,79514
72543,72552
72543,72557
72543,72559
72543,72564
72552,72557
72552,72559
72552,72564
72552,72568
72552,72572
72552,97985
72557,72559
72557,72564
72557,72568
72557,72572
72557,72574
72559,72564
72559,72568
72559,72572
72559,72574
72559,72576
72564,72568
72564,72572
72564,72574
72564,72576
72564,72578
72568,72572
72568,72574
72568,72576
72568,72578
72568,72580
72572,72574
72572,72576
72572,72580
72572,72581
72574,72576
72574,72578
72574,72580
72574,72581
72574,72583
72576,72578
72576,72580
72576,72581
72576,72583
72576,72592
72578,72580
72578,72581
72578,72583
72578,72592
72578,97927
72580,72581
72580,72583
72580,72592
72580,72601
72580,72605
72581,72583
72581,72592
72581,72601
72581,72605
72581,72606
72583,72601
72583,72605
72583,72606
72583,72608
72592,72601
72592,72605
72592,72606
72592,72608
72592,72610
72601,72605
72601,72606
72601,72608
72601,72610
72601,72614
72605,72606
72605,72608
72605,72610
72605,72614
72605,72621
72605,92437
72606,72608
72606,72610
72606,72614
72606,72621
72606,72627
72608,72610
72608,72614
72608,72621
72608,72627
72608,72628
72610,72614
72610,72621
72610,72627
72610,72635
72614,72621
72614,72627
72614,72628
72614,72635
72614,72638
72621,72627
72621,72628
72621,72635
72621,72643
72621,99609
72627,72638
72627,72649
72628,72635
72628,72638
72628,72643
72628,72663
72635,72638
72635,72643
72635,72649
72635,72663
72635,72666
72638,72643
72638,72649
72638,72663
72638,72666
72638,72669
72643,72649
72643,72663
72643,72666
72643,72669
72643,72671
72649,72663
72649,72666
72649,72669
72649,72671
72649,72677
72663,72666
72663,72669
72663,72671
72663,72677
72663,72680
72663,92204
72666,72671
72666,72677
72666,72680
72666,72693
72669,72671
72669,72677
72669,72680
72669,72693
72669,72694
72671,72677
72671,72680
72671,72693
72671,72694
72671,72698
72677,72680
72677,72693
72677,72694
72677,72698
72677,72703
72680,72693
72680,72694
72680,72698
72680,72703
72680,72708
72693,72694
72693,72698
72693,72703
72693,72708
72693,72712
72694,72698
72694,72703
72694,72708
72694,72712
72694,72713
72698,72703
72698,72708
72698,72712
72698,72713
72698,72715
72703,72708
72703,72712
72703,72713
72703,72715
72703,72719
72708,72712
72708,72713
72708,72719
72708,72720
72712,72713
72712,72715
72712,72719
72712,72720
72712,86902
72712,80918
72713,72715
72713,72719
72713,72720
72713,72721
72713,72735
72715,72719
72715,72720
72715,72721
72715,72735
72719,72720
72719,72721
72719,72735
72719,72739
72719,72740
72720,72735
72720,72739
72720,72740
72720,72743
72721,72735
72721,72739
72721,72740
72721,72743
72721,72746
72735,72740
72735,72743
72735,72746
72735,72750
72735,74129
72739,72740
72739,72743
72739,72746
72739,72750
72739,72752
72740,72743
72740,72746
72740,72750
72740,72752
72740,72760
72743,72746
72743,72750
72743,72752
72743,72760
72743,72765
72746,72750
72746,72752
72746,72760
72746,72765
72746,72772
72750,72752
72750,72760
72750,72765
72750,72772
72750,72785
72752,72760
72752,72765
72752,72772
72752,72785
72752,72788
72752,83444
72760,72765
72760,72772
72760,72788
72760,72789
72765,72772
72765,72785
72765,72789
72765,72790
72772,72785
72772,72788
72772,72789
72772,72790
72772,72791
72785,72788
72785,72789
72785,72790
72785,72791
72785,72793
72788,72791
72788,72793
72788,72797
72788,80991
72789,72790
72789,72791
72789,72793
72789,72797
72789,72800
72790,72791
72790,72797
72790,72800
72790,72802
72790,73561
72791,72793
72791,72797
72791,72800
72791,72802
72791,72805
72793,72797
72793,72800
72793,72802
72793,72805
72793,72808
72797,72800
72797,72802
72797,72805
72797,72808
72797,72810
72800,72802
72800,72805
72800,72808
72800,72810
72802,72805
72802,72808
72802,72813
72802,72814
72805,72808
72805,72810
72805,72813
72805,72814
72808,72810
72808,72813
72808,72814
72808,72817
72808,72818
72810,72813
72810,72817
72810,72818
72810,72822
72810,78834
72810,78353
72813,72814
72813,72817
72813,72818
72813,72822
72813,72840
72814,72817
72814,72818
72814,72822
72814,72840
72814,72846
72817,72818
72817,72822
72817,72840
72817,72846
72817,72850
72818,72840
72818,72846
72818,72850
72818,72851
72822,72840
72822,72846
72822,72850
72822,72851
72822,72852
72840,72846
72840,72850
72840,72851
72840,72852
72840,72854
72840,94434
72846,72850
72846,72851
72846,72852
72846,72854
72846,72858
72846,86390
72850,72851
72850,72852
72850,72854
72850,72858
72850,72860
72851,72852
72851,72854
72851,72858
72851,72871
72852,72854
72852,72858
72852,72860
72852,72871
72854,72858
72854,72860
72854,72871
72854,72873
72854,72877
72854,91678
72858,72860
72858,72871
72858,72873
72858,72877
72858,72884
72860,72871
72860,72873
72860,72877
72860,72884
72860,72885
72871,72873
72871,72877
72871,72884
72871,72885
72871,72894
72873,72877
72873,72884
72873,72894
72873,72898
72877,72884
72877,72885
72877,72894
72877,72898
72877,72902
72884,72885
72884,72894
72884,72898
72884,72902
72884,97882
72885,72894
72885,72898
72885,72902
72885,72904
72885,72906
72894,72898
72894,72902
72894,72904
72894,72906
72894,72919
72898,72902
72898,72904
72898,72906
72898,72919
72898,94049
72902,72904
72902,72906
72902,72919
72902,72921
72902,72923
72904,72906
72904,72919
72904,72921
72904,72923
72906,72919
72906,72921
72906,72923
72906,72927
72906,72928
72919,72921
72919,72923
72919,72927
72919,72928
72919,72931
72921,72923
72921,72928
72923,72927
72923,72928
72923,72931
72923,72932
72923,72942
72927,72928
72927,72931
72927,72932
72927,72942
72927,72944
72928,72931
72928,72942
72928,72944
72928,72948
72931,72932
72931,72942
72931,72944
72931,72950
72932,72942
72932,72944
72932,72948
72932,72952
72942,72944
72942,72948
72942,72950
72942,72952
72942,72954
72944,72948
72944,72950
72944,72952
72944,72954
72944,72955
72948,72950
72948,72952
72948,72954
72948,72955
72948,72956
72948,74528
72948,77481
72950,72952
72950,72954
72950,72956
72950,72957
72952,72954
72952,72955
72952,72956
72952,72957
72952,72966
72954,72955
72954,72956
72954,72957
72954,72966
72955,72956
72955,72966
72955,72967
72955,72968
72956,72957
72956,72966
72956,72967
72956,72975
72957,72967
72957,72975
72957,72978
72966,72967
72966,72968
72966,72975
72966,72979
72966,98225
72967,72968
72967,72975
72967,72978
72967,72979
72967,72995
72968,72975
72968,72978
72968,72979
72968,72995
72968,73005
72975,72978
72975,72979
72975,72995
72975,73005
72975,73014
72978,72979
72978,72995
72978,73005
72978,73014
72978,73017
72979,72995
72979,73005
72979,73014
72979,73017
72979,73021
72995,73005
72995,73014
72995,73017
72995,73021
72995,73032
72995,73195
72995,93497
73005,73014
73005,73017
73005,73021
73005,73032
73014,73017
73014,73021
73014,73032
73014,73035
73014,73036
73017,73021
73017,73032
73017,73035
73017,73036
73017,73037
73021,73032
73021,73036
73021,73037
73021,73039
73032,73035
73032,73039
73032,73045
73035,73036
73035,73037
73035,73039
73035,73045
73035,73048
73036,73037
73036,73039
73036,73045
73036,73048
73036,73050
73037,73039
73037,73048
73037,73050
73037,73051
73039,73045
73039,73048
73039,73050
73039,85355
73039,94290
73045,73048
73045,73050
73045,73051
73045,73055
73045,73057
73048,73050
73048,73051
73048,73055
73048,73057
73048,73058
73050,73051
73050,73055
73050,73057
73050,73058
73050,73061
73051,73055
73051,73057
73051,73058
73051,73061
73051,73065
73055,73057
73055,73058
73055,73061
73055,73065
73057,73061
73057,73065
73057,73067
73057,73070
73057,90670
73058,73061
73058,73065
73058,73067
73058,73070
73058,73073
73058,83637
73061,73065
73061,73067
73061,73070
73061,73073
73061,73076
73065,73067
73065,73070
73065,73073
73065,73077
73067,73070
73067,73073
73067,73076
73067,73077
73067,83924
73070,73073
73070,73076
73070,73077
73070,73080
73070,73082
73073,73076
73073,73077
73073,73080
73073,73082
73073,84020
73076,73077
73076,73080
73076,73082
73076,73084
73076,73089
73077,73080
73077,73082
73077,73084
73077,73089
73077,73094
73080,73082
73080,73084
73080,73089
73080,73094
73080,85873
73082,73084
73082,73089
73082,73094
73082,73097
73082,73098
73084,73089
73084,73094
73084,73097
73084,73098
73089,73094
73089,73097
73089,73098
73089,73099
73089,73103
73094,73097
73094,73098
73094,73099
73094,73103
73094,73107
73094,81454
73097,73098
73097,73103
73097,73107
73097,73110
73098,73099
73098,73107
73098,73110
73099,73103
73099,73110
73099,73120
73099,73213
73099,87986
73103,73107
73103,73110
73103,73120
73103,73121
73103,73126
73107,73110
73107,73120
73107,73121
73107,73133
73110,73120
73110,73126
73110,73133
73110,73136
73110,84250
73120,73121
73120,73126
73120,73133
73120,73136
73120,73142
73121,73126
73121,73133
73121,73136
73121,73142
73121,73152
73126,73133
73126,73136
73126,73152
73126,73172
73133,73136
73133,73142
73133,73172
73133,73176
73136,73142
73136,73152
73136,73172
73136,73176
73136,73177
73142,73152
73142,73172
73142,73176
73142,73177
73142,73179
73152,73172
73152,73177
73152,73179
73152,73183
73172,73176
73172,73177
73172,73183
73172,73187
73176,73177
73176,73179
73176,73183
73176,73187
73177,73179
73177,73183
73177,73192
73177,73195
73179,73183
73179,73187
73179,73192
73179,73195
73179,73199
73183,73187
73183,73192
73183,73195
73183,73199
73183,73204
73187,73192
73187,73199
73187,73204
73187,73205
73187,85118
73192,73199
73192,73204
73192,73205
73192,73208
73192,75153
73195,73199
73195,73204
73195,73205
73195,73208
73199,73204
73199,73205
73199,73208
73199,73213
73199,73218
73204,73205
73204,73208
73204,73213
73204,73218
73204,73219
73205,73208
73205,73213
73205,73218
73205,73219
73205,73224
73208,73213
73208,73218
73208,73219
73208,73224
73208,73227
73208,75227
73213,73218
73213,73219
73213,73224
73213,73227
73213,73234
73218,73219
73218,73224
73218,73227
73218,73234
73218,73239
73218,83615
73219,73234
73219,73239
73219,73244
73219,84175
73219,82495
73224,73227
73224,73234
73224,73239
73224,73244
73224,73247
73227,73234
73227,73239
73227,73244
73227,73247
73227,73248
73234,73239
73234,73244
73234,73247
73234,73248
73234,73249
73234,89555
73239,73244
73239,73248
73239,73260
73244,73247
73244,73248
73244,73249
73244,73260
73244,73262
73247,73248
73247,73249
73247,73260
73247,73262
73247,74077
73248,73249
73248,73260
73248,73262
73248,73268
73248,73273
73249,73260
73249,73262
73249,73268
73249,73273
73249,89345
73260,73262
73260,73268
73260,73273
73260,73277
73260,73282
73262,73268
73262,73273
73262,73277
73262,73282
73262,73285
73262,92310
73268,73273
73268,73277
73268,73282
73268,73285
73268,73289
73273,73277
73273,73282
73273,73285
73273,73289
73273,73292
73273,85883
73277,73282
73277,73285
73277,73289
73277,73292
73277,85565
73282,73285
73282,73289
73282,73292
73282,73303
73282,73310
73285,73289
73285,73292
73285,73303
73285,73310
73285,73320
73289,73292
73289,73303
73289,73320
73289,73321
73292,73303
73292,73310
73292,73320
73292,73321
73292,73324
73303,73310
73303,73320
73303,73321
73303,73324
73303,73328
73310,73320
73310,73321
73310,73324
73310,73328
73310,73329
73320,73321
73320,73324
73320,73328
73320,73329
73320,73331
73321,73324
73321,73328
73321,73329
73321,73331
73324,73328
73324,73329
73324,73333
73324,73337
73328,73329
73328,73331
73328,73333
73328,73337
73328,73340
73329,73331
73329,73333
73329,73340
73329,73342
73331,73333
73331,73337
73331,73340
73331,73342
73331,73348
73333,73337
73333,73342
73333,73348
73333,73349
73337,73340
73337,73348
73337,73349
73337,73361
73340,73342
73340,73348
73340,73349
73340,73361
73340,73362
73342,73348
73342,73349
73342,73361
73342,73362
73342,73365
73348,73349
73348,73361
73348,73362
73348,73365
73348,73366
73348,96970
73349,73361
73349,73362
73349,73365
73349,73366
73349,73378
73361,73362
73361,73365
73361,73381
73361,91782
73362,73365
73362,73366
73362,73378
73362,73381
73362,73384
73362,97242
73362,94139
73365,73366
73365,73378
73365,73381
73365,73384
73365,73388
73365,74265
73366,73378
73366,73381
73366,73384
73366,73388
73366,73389
73378,73381
73378,73384
73378,73388
73378,73389
73378,73394
73381,73384
73381,73388
73381,73389
73381,73394
73381,73406
73384,73389
73384,73394
73384,73406
73384,73411
73388,73389
73388,73394
73388,73411
73388,73412
73389,73394
73389,73406
73389,73411
73389,73412
73389,73421
73394,73406
73394,73411
73394,73412
73394,73421
73394,73422
73406,73411
73406,73412
73406,73421
73406,73422
73406,99167
73411,73412
73411,73421
73411,73422
73411,73425
73411,73433
73411,98407
73412,73421
73412,73422
73412,73425
73412,73433
73412,73441
73421,73422
73421,73425
73421,73433
73421,73441
73422,73425
73422,73433
73422,73441
73422,73442
73422,73446
73425,73433
73425,73441
73425,73442
73425,73446
73425,73454
73433,73441
73433,73442
73433,73446
73433,73454
73433,73457
73441,73442
73441,73446
73441,73454
73441,73457
73441,73462
73442,73446
73442,73454
73442,73457
73442,73462
73442,73463
73446,73457
73446,73462
73446,73463
73446,73474
73454,73462
73454,73463
73454,73474
73454,73475
73457,73462
73457,73474
73457,73475
73457,73477
73457,90229
73462,73463
73462,73474
73462,73477
73462,73495
73462,81170
73463,73474
73463,73475
73463,73477
73463,73495
73463,73502
73474,73475
73474,73477
73474,73495
73474,73502
73474,73504
73475,73477
73475,73495
73475,73502
73475,73504
73475,73507
73477,73495
73477,73502
73477,73504
73477,73507
73477,73517
73495,73502
73495,73504
73495,73507
73495,73517
73495,73525
73502,73504
73502,73507
73502,73517
73502,73525
73502,73528
73504,73507
73504,73517
73504,73525
73504,73535
73507,73517
73507,73525
73507,73528
73507,73535
73507,73542
73517,73525
73517,73528
73517,73535
73517,73542
73517,73544
73525,73528
73525,73535
73525,73542
73525,73544
73525,73546
73528,73535
73528,73542
73528,73544
73528,73546
73528,73548
73535,73544
73535,73546
73535,73548
73535,73550
73542,73544
73542,73546
73542,73548
73542,73550
73542,73561
73544,73546
73544,73548
73544,73561
73544,73562
73546,73550
73546,73563
73548,73550
73548,73561
73548,73563
73548,73564
73548,83758
73550,73561
73550,73562
73550,73563
73550,73564
73550,73567
73561,73562
73561,73563
73561,73564
73561,73567
73561,73568
73562,73564
73562,73567
73562,73568
73562,73570
73563,73564
73563,73567
73563,73568
73563,73570
73563,73573
73564,73567
73564,73568
73564,73570
73564,73573
73564,73574
73567,73568
73567,73570
73567,73573
73567,73574
73567,73575
73568,73570
73568,73573
73568,73574
73568,73575
73570,73573
73570,73574
73570,73575
73570,73578
73570,73579
73570,97544
73573,73574
73573,73575
73573,73578
73573,73579
73573,73588
73574,73575
73574,73578
73574,73579
73574,73588
73574,73593
73575,73578
73575,73579
73575,73588
73575,73594
73578,73579
73578,73588
73578,73593
73578,73594
73578,73596
73578,93802
73579,73588
73579,73593
73579,73594
73579,73596
73579,73602
73588,73593
73588,73594
73588,73596
73588,73606
73593,73594
73593,73596
73593,73602
73593,73606
73593,73612
73594,73596
73594,73602
73594,73606
73594,73612
73594,73617
73596,73602
73596,73617
73596,73619
73596,86209
73602,73606
73602,73612
73602,73617
73602,73619
73606,73612
73606,73620
73606,73622
73606,75576
73612,73617
73612,73619
73612,73620
73612,73622
73612,73629
73612,95670
73617,73620
73617,73622
73617,73629
73617,73631
73619,73620
73619,73622
73619,73629
73619,73631
73619,73633
73620,73622
73620,73629
73620,73631
73620,73633
73622,73629
73622,73631
73622,73633
73622,73639
73629,73631
73629,73639
73629,73648
73631,73633
73631,73639
73631,73641
73631,73648
73631,73650
73633,73639
73633,73641
73633,73648
73633,73650
73633,73656
73639,73648
73639,73650
73639,73656
73639,73657
73641,73648
73641,73650
73641,73656
73641,73657
73641,73664
73648,73650
73648,73656
73648,73657
73648,73664
73648,85248
73650,73656
73650,73664
73650,73667
73656,73657
73656,73664
73656,73667
73656,73680
73656,73683
73657,73664
73657,73667
73657,73680
73657,73683
73657,73685
73657,81721
73664,73667
73664,73680
73664,73683
73664,73688
73664,79630
73667,73680
73667,73683
73667,73685
73667,73688
73667,73691
73667,82823
73680,73683
73680,73685
73680,73691
73680,73696
73683,73685
73683,73688
73683,73691
73683,73714
73685,73688
73685,73691
73685,73696
73685,73714
73685,73716
73685,75767
73685,80046
73688,73691
73688,73696
73688,73716
73688,73720
73691,73696
73691,73714
73691,73716
73691,73720
73691,73722
73696,73714
73696,73720
73696,73722
73696,73725
73696,86968
73714,73722
73714,73725
73714,73727
73714,97601
73716,73720
73716,73722
73716,73725
73716,73727
73716,73729
73716,82184
73720,73722
73720,73725
73720,73727
73720,73729
73720,73733
73722,73725
73722,73727
73722,73729
73722,73733
73722,73742
73722,96008
73725,73727
73725,73729
73725,73733
73725,73742
73725,73743
73727,73729
73727,73733
73727,73742
73727,73743
73727,73748
73729,73733
73729,73742
73729,73743
73729,73748
73729,73754
73733,73742
73733,73748
73733,73756
73742,73743
73742,73748
73742,73754
73742,73756
73742,73760
73743,73748
73743,73754
73743,73756
73743,73760
73743,73770
73743,89835
73748,73754
73748,73756
73748,73760
73748,73770
73748,73779
73754,73756
73754,73760
73754,73770
73754,73779
73754,73782
73756,73770
73756,73779
73756,73782
73756,73783
73760,73770
73760,73779
73760,73782
73760,73783
73760,73786
73770,73782
73770,73783
73770,73786
73770,73788
73779,73783
73779,73786
73779,73788
73779,73789
73782,73783
73782,73786
73782,73788
73782,73789
73782,73798
73783,73786
73783,73789
73783,73798
73783,73799
73783,79553
73786,73788
73786,73789
73786,73798
73786,73799
73786,73801
73788,73789
73788,73798
73788,73799
73788,73801
73788,73811
73788,98225
73789,73798
73789,73799
73789,73801
73789,73811
73789,73815
73798,73799
73798,73801
73798,73815
73798,73819
73798,77108
73798,93509
73799,73801
73799,73811
73799,73815
73799,73819
73799,73827
73801,73811
73801,73815
73801,73819
73801,73834
73811,73815
73811,73827
73811,73834
73811,73836
73815,73827
73815,73834
73815,73836
73815,73839
73819,73834
73819,73836
73819,73839
73819,73854
73819,83478
73819,90140
73827,73834
73827,73836
73827,73839
73827,73854
73827,73856
73834,73836
73834,73839
73834,73854
73834,73856
73834,73858
73836,73856
73836,73858
73836,73859
73839,73854
73839,73856
73839,73858
73839,73859
73839,73862
73839,83705
73854,73856
73854,73858
73854,73862
73854,73867
73854,83114
73856,73858
73856,73859
73856,73862
73856,73867
73856,73868
73858,73859
73858,73862
73858,73867
73858,73868
73858,73871
73859,73862
73859,73867
73859,73868
73859,73871
73859,73875
73862,73867
73862,73868
73862,73871
73862,73875
73862,73877
73867,73868
73867,73871
73867,73875
73867,73877
73867,73891
73868,73871
73868,73875
73868,73877
73868,73891
73868,76301
73871,73875
73871,73877
73871,73891
73871,73897
73871,96077
73875,73877
73875,73891
73875,73892
73875,73897
73875,73901
73877,73901
73877,73905
73891,73892
73891,73897
73891,73901
73891,73919
73892,73901
73892,73905
73892,73919
73892,73922
73892,77395
73897,73901
73897,73905
73897,73919
73897,73922
73897,73926
73901,73905
73901,73919
73901,73922
73901,73926
73901,88263
73905,73919
73905,73922
73905,73926
73905,73931
73905,73932
73919,73922
73919,73926
73919,73931
73919,73932
73919,73933
73922,73926
73922,73931
73922,73932
73922,73933
73922,73940
73926,73931
73926,73932
73926,73933
73926,73940
73926,73942
73926,98578
73931,73932
73931,73933
73931,73940
73931,73942
73931,73953
73932,73933
73932,73940
73932,73942
73932,73953
73932,73954
73933,73940
73933,73942
73933,73953
73933,73954
73933,73955
73940,73942
73940,73953
73940,73954
73940,73955
73940,73957
73942,73953
73942,73954
73942,73955
73942,73957
73942,73961
73942,79071
73953,73954
73953,73955
73953,73957
73953,73961
73953,73963
73953,77372
73954,73955
73954,73957
73954,73961
73954,73963
73954,73972
73955,73957
73955,73961
73955,73963
73955,73972
73955,73980
73957,73961
73957,73963
73957,73972
73957,73980
73957,73985
73961,73963
73961,73972
73961,73980
73961,73985
73961,73990
73963,73972
73963,73980
73963,73985
73963,73990
73963,73992
73972,73980
73972,73985
73972,73990
73972,73992
73972,73995
73980,73985
73980,73990
73980,73992
73980,73995
73980,74005
73985,73990
73985,73992
73985,73995
73985,74005
73985,74006
73990,73992
73990,73995
73990,74005
73990,74006
73990,74011
73992,73995
73992,74006
73992,74011
73992,74017
73992,93484
73995,74005
73995,74011
73995,74017
73995,74018
74005,74006
74005,74011
74005,74017
74005,74018
74005,74021
74006,74011
74006,74017
74006,74018
74006,74021
74006,74028
74011,74017
74011,74021
74011,74028
74011,74032
74017,74018
74017,74028
74017,74032
74017,74033
74017,83056
74018,74021
74018,74028
74018,74033
74018,74036
74021,74028
74021,74032
74021,74033
74021,74036
74021,74039
74028,74032
74028,74036
74028,74039
74028,74041
74032,74033
74032,74036
74032,74039
74032,74041
74032,74042
74033,74036
74033,74039
74033,74041
74033,74042
74033,74045
74033,77625
74036,74039
74036,74041
74036,74045
74036,74047
74036,90415
74039,74042
74039,74045
74039,74047
74041,74042
74041,74045
74041,74047
74041,74051
74041,74056
74042,74045
74042,74047
74042,74051
74042,74056
74042,74058
74045,74047
74045,74051
74045,74056
74045,74058
74045,74059
74045,90174
74047,74051
74047,74056
74047,74058
74047,74059
74047,74063
74051,74056
74051,74058
74051,74059
74051,74063
74051,74064
74056,74058
74056,74063
74056,74064
74056,74067
74058,74059
74058,74063
74058,74064
74058,74067
74058,74072
74059,74063
74059,74064
74059,74067
74059,74072
74059,74073
74063,74064
74063,74067
74063,74073
74063,74077
74063,86486
74064,74067
74064,74073
74064,74077
74064,74078
74064,76601
74067,74072
74067,74073
74067,74077
74067,74079
74067,83309
74072,74073
74072,74077
74072,74078
74072,74079
74072,74088
74073,74077
74073,74079
74073,74088
74073,74089
74077,74078
74077,74079
74077,74088
74077,74089
74078,74079
74078,74088
74078,74089
74078,74092
74078,74093
74079,74088
74079,74089
74079,74092
74079,74096
74088,74089
74088,74092
74088,74093
74088,74096
74088,74102
74089,74092
74089,74093
74089,74096
74089,74104
74092,74093
74092,74102
74092,74104
74092,74108
74092,75897
74093,74096
74093,74102
74093,74104
74093,74108
74093,74116
74096,74102
74096,74104
74096,74108
74096,74116
74096,74120
74102,74104
74102,74108
74102,74116
74102,74120
74102,74123
74104,74108
74104,74116
74104,74120
74104,74123
74104,74129
74108,74116
74108,74120
74108,74123
74108,74129
74108,74130
74116,74120
74116,74123
74116,74129
74116,74130
74116,74133
74120,74123
74120,74129
74120,74130
74120,74133
74120,74141
74123,74129
74123,74130
74123,74133
74123,74141
74123,74150
74129,74130
74129,74133
74129,74141
74129,74150
74129,74155
74129,75986
74130,74133
74130,74141
74130,74150
74130,74155
74130,74163
74133,74141
74133,74155
74133,74163
74133,74167
74141,74150
74141,74155
74141,74163
74141,74167
74141,74172
74150,74163
74150,74172
74150,74173
74150,89669
74155,74163
74155,74167
74155,74172
74155,74173
74155,74175
74155,90034
74163,74167
74163,74173
74163,74190
74167,74172
74167,74173
74167,74175
74167,74190
74167,74195
74172,74173
74172,74175
74172,74190
74172,74805
74172,74842
74172,81530
74173,74175
74173,74190
74173,74195
74173,74196
74173,74200
74175,74190
74175,74195
74175,74196
74175,74200
74175,74203
74190,74196
74190,74200
74190,74203
74190,74213
74195,74200
74195,74203
74195,74213
74195,74220
74196,74200
74196,74203
74196,74220
74196,74221
74196,90721
74200,74203
74200,74213
74200,74220
74200,74221
74200,74224
74203,74213
74203,74220
74203,74221
74203,74224
74203,74232
74213,74220
74213,74221
74213,74224
74213,74233
74220,74221
74220,74224
74220,74232
74220,74233
74220,74235
74221,74224
74221,74232
74221,74233
74221,74235
74221,74236
74224,74232
74224,74233
74224,74235
74224,74236
74224,74237
74232,74233
74232,74235
74232,74236
74232,74237
74232,74238
74233,74236
74233,74237
74233,74238
74233,74241
74233,90108
74235,74236
74235,74237
74235,74238
74235,74241
74235,74249
74236,74237
74236,74238
74236,74241
74236,74249
74236,74250
74237,74238
74237,74241
74237,74249
74237,74250
74237,74253
74238,74241
74238,74249
74238,74250
74238,74253
74238,74265
74241,74249
74241,74250
74241,74265
74249,74250
74249,74253
74249,74265
74249,74266
74250,74265
74250,74266
74250,74268
74250,74270
74253,74265
74253,74266
74253,74268
74253,74270
74253,74272
74265,74266
74265,74268
74265,74270
74265,74283
74266,74268
74266,74270
74266,74283
74266,74291
74268,74270
74268,74272
74268,74283
74268,74291
74268,74295
74268,84980
74270,74272
74270,74283
74270,74291
74270,74295
74270,74297
74272,74283
74272,74291
74272,74295
74272,74297
74272,74298
74272,76095
74283,74291
74283,74295
74283,74297
74283,74298
74283,74301
74291,74295
74291,74297
74291,74298
74291,74301
74295,74297
74295,74298
74295,74301
74295,74302
74295,74304
74297,74301
74297,74302
74297,74304
74297,74312
74298,74301
74298,74302
74298,74304
74298,74312
74298,74323
74301,74302
74301,74304
74301,74312
74301,74323
74301,74326
74302,74304
74302,74312
74302,74323
74302,74326
74302,74331
74304,74312
74304,74323
74304,74326
74304,74331
74304,74342
74312,74323
74312,74326
74312,74331
74312,74343
74323,74326
74323,74331
74323,74342
74323,74343
74323,74344
74323,96819
74326,74331
74326,74342
74326,74343
74326,74344
74326,74347
74331,74342
74331,74343
74331,74344
74331,74347
74331,74351
74342,74343
74342,74344
74342,74347
74342,74351
74342,74357
74343,74347
74343,74351
74343,74357
74343,74358
74344,74347
74344,74351
74344,74357
74344,74358
74344,74359
74347,74351
74347,74358
74347,74359
74347,74361
74347,87646
74351,74357
74351,74358
74351,74359
74351,74362
74357,74359
74357,74361
74357,74362
74357,74363
74357,77462
74358,74359
74358,74361
74358,74363
74358,74366
74359,74361
74359,74362
74359,74363
74359,74366
74359,74369
74359,91468
74361,74362
74361,74363
74361,74366
74361,74369
74361,74371
74361,76191
74361,96706
74362,74363
74362,74366
74362,74369
74362,74373
74363,74366
74363,74371
74363,74373
74363,74379
74366,74369
74366,74371
74366,74373
74366,74379
74366,74383
74369,74373
74369,74379
74369,74383
74369,74391
74371,74373
74371,74379
74371,74383
74371,74391
74371,74393
74373,74383
74373,74391
74373,74393
74373,74395
74373,99007
74373,97634
74379,74383
74379,74391
74379,74393
74379,74395
74379,74399
74383,74391
74383,74393
74383,74395
74383,74399
74391,74393
74391,74395
74391,74399
74391,74400
74393,74395
74393,74400
74393,74419
74393,74421
74395,74399
74395,74400
74395,74419
74395,74421
74395,74430
74399,74400
74399,74419
74399,74421
74399,74430
74399,74436
74400,74419
74400,74421
74400,74430
74400,74436
74400,74442
74419,74436
74419,74442
74421,74430
74421,74436
74421,74442
74421,74443
74421,74446
74430,74436
74430,74442
74430,74443
74430,74446
74430,74452
74436,74442
74436,74443
74436,74446
74436,76461
74442,74443
74442,74446
74442,74452
74442,74453
74442,74459
74443,74446
74443,74452
74443,74453
74443,74459
74443,74472
74446,74452
74446,74453
74446,74459
74446,74472
74446,74475
74452,74459
74452,74472
74452,74475
74452,74477
74453,74459
74453,74472
74453,74475
74453,74477
74453,83201
74459,74472
74459,74475
74459,74481
74459,74483
74459,76125
74472,74475
74472,74477
74472,74481
74472,74483
74472,74488
74475,74481
74475,74483
74475,74488
74475,74490
74477,74481
74477,74483
74477,74488
74477,74490
74477,74491
74481,74483
74481,74488
74481,74490
74481,74491
74481,74492
74483,74490
74483,74491
74483,74492
74483,74499
74483,82062
74488,74490
74488,74491
74488,74492
74488,74499
74488,74500
74488,95031
74490,74491
74490,74492
74490,74499
74490,74500
74490,74509
74491,74492
74491,74499
74491,74500
74491,74509
74491,74517
74492,74499
74492,74500
74492,74517
74499,74509
74499,74517
74499,74522
74499,74523
74499,82905
74500,74509
74500,74517
74500,74522
74500,74523
74500,74528
74509,74517
74509,74522
74509,74523
74509,74528
74509,74531
74517,74522
74517,74523
74517,74528
74517,74531
74517,74532
74522,74523
74522,74528
74522,74531
74522,74532
74522,74545
74523,74528
74523,74531
74523,74532
74523,74545
74528,74531
74528,74545
74528,74548
74528,74553
74531,74532
74531,74548
74531,74553
74531,89488
74532,74545
74532,74548
74532,74553
74532,74565
74532,74566
74532,82879
74532,95001
74545,74548
74545,74553
74545,74565
74545,74577
74548,74553
74548,74565
74548,74566
74548,74577
74548,74580
74553,74565
74553,74566
74553,74577
74553,74580
74553,74582
74565,74566
74565,74577
74565,74580
74565,74582
74565,74584
74566,74577
74566,74582
74566,74584
74566,74586
74577,74580
74577,74582
74577,74584
74577,74588
74580,74582
74580,74584
74580,74586
74580,74588
74580,74590
74582,74584
74582,74586
74582,74588
74582,74590
74582,74593
74584,74588
74584,74593
74584,74596
74584,93226
74586,74588
74586,74590
74586,74593
74586,74596
74586,74597
74588,74590
74588,74593
74588,74596
74588,74597
74588,74601
74590,74593
74590,74596
74590,74601
74590,74602
74590,76461
74593,74596
74593,74597
74593,74601
74593,74602
74593,74603
74596,74601
74596,74602
74596,74603
74596,74607
74597,74601
74597,74602
74597,74603
74597,74607
74597,74610
74601,74602
74601,74603
74601,74607
74601,74632
74601,91512
74602,74603
74602,74607
74602,74610
74602,74632
74602,74635
74603,74610
74603,74635
74607,74610
74607,74635
74607,74644
74607,74645
74607,97508
74610,74632
74610,74635
74610,74644
74610,74645
74610,74646
74632,74635
74632,74644
74632,74645
74632,74646
74632,74647
74635,74644
74635,74645
74635,74646
74635,74647
74635,74650
74635,83089
74644,74646
74644,74647
74644,74650
74644,74666
74644,98520
74645,74647
74645,74650
74645,74666
74645,74668
74646,74647
74646,74650
74646,74666
74646,74668
74646,74673
74647,74650
74647,74666
74647,74668
74647,74673
74647,74679
74650,74666
74650,74668
74650,74673
74650,74679
74650,74683
74666,74668
74666,74673
74666,74679
74666,74683
74666,74692
74668,74673
74668,74683
74668,74692
74668,74694
74673,74679
74673,74683
74673,74692
74673,74694
74673,74695
74679,74683
74679,74692
74679,74694
74679,74695
74683,74692
74683,74694
74683,74695
74683,80329
74692,74694
74692,74695
74692,74696
74692,74698
74692,74701
74692,82272
74694,74695
74694,74696
74694,74698
74694,74701
74694,74703
74695,74696
74695,74698
74695,74701
74695,74703
74695,74708
74696,74698
74696,74701
74696,74703
74696,74713
74696,87621
74698,74701
74698,74703
74698,74708
74698,74714
74698,77837
74701,74703
74701,74708
74701,74714
74701,74718
74701,98683
74703,74708
74703,74713
74703,74714
74703,74718
74703,74719
74708,74713
74708,74719
74708,75948
74713,74714
74713,74718
74713,74719
74713,74720
74713,74735
74714,74718
74714,74720
74714,74735
74714,74736
74718,74719
74718,74720
74718,74736
74718,74737
74719,74720
74719,74736
74719,74745
74720,74735
74720,74737
74720,74745
74720,74761
74735,74736
74735,74737
74735,74745
74735,74761
74735,74762
74736,74737
74736,74745
74736,74761
74736,74762
74736,74769
74737,74769
74737,74770
74737,98603
74737,92037
74745,74761
74745,74762
74745,74769
74745,74770
74745,74772
74761,74762
74761,74770
74761,74772
74761,74775
74761,92050
74762,74769
74762,74770
74762,74772
74762,74775
74762,74776
74769,74770
74769,74772
74769,74776
74769,74782
74770,74772
74770,74775
74770,74776
74770,74782
74770,74783
74772,74775
74772,74776
74772,74782
74775,74776
74775,74782
74775,74783
74775,74800
74775,74803
74776,74782
74776,74800
74776,74803
74776,74805
74776,83205
74782,74783
74782,74800
74782,74803
74782,74805
74782,74808
74783,74800
74783,74803
74783,74805
74783,74808
74783,74811
74800,74803
74800,74805
74800,74808
74800,74811
74800,74817
74803,74805
74803,74808
74803,74811
74803,74817
74805,74811
74805,74817
74805,74821
74805,74822
74805,88293
74808,74811
74808,74817
74808,74821
74808,74822
74808,74827
74811,74817
74811,74821
74811,74822
74811,74827
74811,74831
74817,74821
74817,74822
74817,74831
74817,74833
74821,74827
74821,74831
74821,74833
74821,74835
74822,74827
74822,74831
74822,74833
74822,74835
74822,74839
74827,74831
74827,74833
74827,74835
74827,74839
74827,74840
74831,74835
74831,74841
74831,91372
74833,74839
74833,74840
74833,74841
74833,74842
74835,74839
74835,74840
74835,74841
74835,74842
74835,74843
74839,74841
74839,74842
74839,94442
74840,74842
74840,74843
74840,74855
74840,74856
74841,74842
74841,74855
74841,74856
74841,74860
74842,74843
74842,74855
74842,74856
74842,74860
74842,74861
74843,74855
74843,74856
74843,74860
74843,74861
74843,74862
74855,74856
74855,74860
74855,74861
74855,74862
74855,74865
74856,74860
74856,74861
74856,74862
74856,74865
74856,74869
74860,74861
74860,74865
74860,74873
74861,74862
74861,74865
74861,74869
74861,74873
74861,74876
74861,94361
74862,74865
74862,74869
74862,74873
74862,74876
74862,74885
74865,74873
74865,74876
74865,74888
74869,74873
74869,74876
74869,74885
74869,74888
74869,74891
74869,98458
74873,74876
74873,74885
74873,74888
74873,74891
74873,74893
74876,74885
74876,74888
74876,74891
74876,74893
74876,74895
74885,74888
74885,74891
74885,74893
74885,74915
74885,91529
74888,74893
74888,74895
74888,74915
74888,74925
74891,74893
74891,74895
74891,74915
74891,74925
74891,74932
74893,74895
74893,74915
74893,74925
74893,74933
74895,74915
74895,74925
74895,74932
74895,74933
74895,74934
74915,74925
74915,74932
74915,74933
74915,74934
74915,74939
74925,74932
74925,74933
74925,74934
74925,74939
74925,74940
74932,74933
74932,74939
74932,74940
74932,84234
74933,74934
74933,74939
74933,74940
74933,74945
74933,74946
74934,74939
74934,74940
74934,74945
74934,74946
74934,74951
74939,74940
74939,74945
74939,74946
74939,74951
74939,74953
74940,74945
74940,74946
74940,74951
74940,74953
74945,74946
74945,74951
74945,74954
74945,74963
74946,74951
74946,74953
74946,74954
74946,74963
74946,74968
74951,74953
74951,74954
74951,74963
74951,74968
74951,74977
74951,93687
74953,74954
74953,74963
74953,74968
74953,74977
74953,74978
74954,74963
74954,74968
74954,74977
74954,74978
74954,74983
74963,74968
74963,74977
74963,74978
74963,74983
74963,74984
74968,74977
74968,74978
74968,74984
74977,74983
74977,74984
74977,74990
74977,75005
74977,86635
74978,74983
74978,74984
74978,74990
74978,75005
74978,75012
74983,74984
74983,74990
74983,75014
74983,82316
74983,95565
74984,74990
74984,75005
74984,75012
74984,75014
74984,75021
74984,95529
74990,75005
74990,75012
74990,75014
74990,75021
74990,75025
75005,75012
75005,75014
75005,75021
75005,75025
75005,76340
75005,96396
75012,75014
75012,75021
75012,75025
75012,75027
75012,75029
75014,75021
75014,75025
75014,75027
75014,75043
75014,99290
75021,75025
75021,75027
75021,75029
75021,75043
75021,75049
75025,75027
75025,75029
75025,75043
75025,75049
75027,75029
75027,75043
75027,75049
75027,75050
75027,75056
75029,75043
75029,75049
75029,75050
75029,75056
75029,75061
75029,83717
75043,75050
75043,75056
75043,75061
75043,75062
75049,75050
75049,75056
75049,75061
75049,75063
75050,75056
75050,75061
75050,75062
75050,75063
75050,75065
75056,75061
75056,75062
75056,75063
75056,75065
75056,75067
75061,75062
75061,75063
75061,75065
75061,75067
75061,75071
75062,75063
75062,75065
75062,75067
75062,75071
75062,75076
75063,75065
75063,75067
75063,75071
75063,75076
75063,75078
75065,75067
75065,75071
75065,75076
75065,75078
75065,75085
75067,75071
75067,75076
75067,75078
75067,75085
75071,75078
75071,75085
75071,75088
75071,99666
75071,83153
75076,75078
75076,75085
75076,75087
75076,75088
75076,75089
75078,75085
75078,75087
75078,75088
75078,75089
75078,75098
75085,75087
75085,75088
75085,75089
75085,75098
75085,90832
75087,75088
75087,75089
75087,75098
75087,75101
75087,75105
75088,75089
75088,75098
75088,75101
75088,75105
75088,75107
75089,75098
75089,75101
75089,75105
75089,75107
75089,75109
75098,75101
75098,75105
75098,75107
75098,75109
75098,75110
75101,75105
75101,75107
75101,75109
75101,75110
75105,75107
75105,75109
75105,75110
75105,75111
75105,75112
75105,84315
75107,75109
75107,75110
75107,75111
75107,75112
75107,75115
75109,75110
75109,75111
75109,75112
75109,75115
75109,75119
75109,94224
75110,75111
75110,75112
75110,75115
75110,75119
75110,75123
75111,75112
75111,75115
75111,75119
75111,75123
75111,75130
75112,75115
75112,75119
75112,75123
75112,75130
75112,75131
75115,75119
75115,75123
75115,75130
75115,75131
75115,75136
75119,75123
75119,75130
75119,75131
75119,75136
75119,75139
75123,75130
75123,75131
75123,75136
75123,75139
75123,75502
75130,75131
75130,75136
75130,75139
75130,75141
75130,75147
75130,75739
75131,75136
75131,75139
75131,75141
75131,75147
75131,75153
75136,75141
75136,75147
75136,75153
75136,75154
75136,84895
75136,95376
75139,75141
75139,75153
75139,75154
75139,92075
75141,75147
75141,75153
75141,75154
75141,75161
75141,75162
75141,96777
75147,75153
75147,75154
75147,75161
75147,75162
75147,75164
75153,75154
75153,75161
75153,75162
75153,75164
75153,75165
75154,75161
75154,75162
75154,75164
75154,75165
75154,75166
75161,75162
75161,75164
75161,75165
75161,75166
75162,75164
75162,75165
75162,75174
75164,75165
75164,75166
75164,75173
75164,75174
75164,75187
75165,75166
75165,75173
75165,75174
75165,75187
75165,75188
75166,75173
75166,75174
75166,75188
75166,75190
75166,85691
75173,75174
75173,75187
75173,75188
75173,75199
75174,75187
75174,75188
75174,75190
75174,75199
75174,75201
75187,75188
75187,75190
75187,75201
75187,75205
75188,75190
75188,75199
75188,75201
75188,75205
75190,75199
75190,75201
75190,75205
75190,75215
75190,75217
75199,75201
75199,75205
75199,75215
75199,75217
75199,75222
75201,75205
75201,75215
75201,75217
75201,75222
75201,75227
75205,75215
75205,75217
75205,75222
75205,75227
75205,75228
75215,75217
75215,75222
75215,75227
75215,75228
75215,75237
75217,75228
75217,75237
75217,75238
75217,88223
75222,75227
75222,75228
75222,75237
75222,75238
75227,75228
75227,75237
75227,75238
75227,75243
75228,75237
75228,75238
75228,75243
75228,75247
75228,81012
75228,88035
75237,75238
75237,75243
75237,75247
75237,75250
75237,75255
75238,75243
75238,75250
75238,75255
75238,75256
75243,75247
75243,75250
75243,75255
75243,75256
75243,75258
75247,75250
75247,75255
75247,75256
75247,75258
75247,75261
75250,75255
75250,75256
75250,75258
75250,75261
75250,75271
75255,75256
75255,75258
75255,75261
75255,75271
75255,75280
75255,77216
75256,75258
75256,75271
75256,75280
75256,75283
75256,97025
75258,75261
75258,75271
75258,75280
75258,75283
75258,75285
75261,75271
75261,75280
75261,75283
75261,75285
75261,75296
75271,75280
75271,75285
75271,75299
75271,89408
75271,79733
75280,75283
75280,75285
75280,75296
75280,75299
75280,75300
75283,75285
75283,75296
75283,75299
75283,75300
75283,75302
75285,75296
75285,75299
75285,75300
75285,75302
75296,75299
75296,75300
75296,75307
75296,75310
75299,75302
75299,75307
75299,75310
75299,75311
75300,75302
75300,75307
75300,75310
75300,75311
75300,75313
75302,75307
75302,75313
75302,75315
75302,87001
75302,95429
75307,75310
75307,75311
75307,75315
75307,75328
75310,75311
75310,75313
75310,75315
75310,75328
75310,75335
75311,75313
75311,75315
75311,75328
75311,75335
75311,75339
75313,75315
75313,75328
75313,75335
75313,75339
75313,75349
75315,75335
75315,75339
75315,75349
75315,75352
75315,82698
75328,75335
75328,75339
75328,75352
75328,75355
75335,75349
75335,75352
75335,75355
75335,75356
75339,75349
75339,75352
75339,75355
75339,75356
75339,75362
75339,94188
75349,75352
75349,75355
75349,75356
75349,75362
75349,75368
75352,75355
75352,75356
75352,75362
75352,75368
75352,75371
75355,75356
75355,75362
75355,75368
75355,75371
75355,75379
75356,75362
75356,75368
75356,75371
75356,75379
75356,75383
75362,75368
75362,75371
75362,75379
75362,75383
75362,75387
75368,75371
75368,75379
75368,75383
75368,75387
75368,75392
75371,75379
75371,75383
75371,75392
75371,75393
75379,75383
75379,75387
75379,75392
75379,75393
75379,75399
75383,75387
75383,75392
75383,75399
75383,77236
75387,75392
75387,75393
75387,75399
75387,75406
75387,75413
75392,75393
75392,75399
75392,75406
75392,75413
75392,75414
75393,75399
75393,75406
75393,75413
75393,75414
75393,75421
75399,75406
75399,75413
75399,75414
75399,75421
75399,88053
75406,75413
75406,75414
75406,75421
75406,75427
75406,75429
75413,75414
75413,75421
75413,75427
75413,75429
75413,75431
75414,75421
75414,75427
75414,75429
75414,75431
75414,75438
75421,75427
75421,75429
75421,75431
75421,75438
75421,75445
75427,75429
75427,75431
75427,75438
75427,75445
75427,75449
75427,88047
75429,75431
75429,75438
75429,75445
75429,75449
75429,75452
75431,75438
75431,75449
75431,75452
75431,75456
75431,86103
75438,75445
75438,75449
75438,75452
75438,75456
75438,75459
75445,75449
75445,75452
75445,75456
75445,75459
75445,75461
75449,75452
75449,75456
75449,75459
75449,75461
75449,75462
75452,75456
75452,75459
75452,75461
75452,75462
75452,75463
75456,75459
75456,75461
75456,75462
75456,75463
75456,75464
75459,75461
75459,75462
75459,75463
75459,75464
75459,75468
75461,75462
75461,75463
75461,75464
75461,75468
75461,75469
75462,75463
75462,75464
75462,75468
75462,75469
75462,75471
75463,75464
75463,75468
75463,75469
75463,75471
75463,75478
75463,79652
75463,95928
75464,75468
75464,75471
75464,75478
75464,75479
75464,83158
75468,75469
75468,75471
75468,75479
75468,75480
75469,75478
75469,75479
75469,75480
75471,75479
75471,75483
75471,83902
75478,75479
75478,75480
75478,75483
75478,75485
75478,75493
75479,75480
75479,75483
75479,75493
75479,75497
75480,75483
75480,75493
75480,75497
75480,75502
75480,87973
75483,75485
75483,75493
75483,75497
75483,75502
75483,75505
75483,92047
75485,75493
75485,75502
75485,75508
75493,75502
75493,75505
75493,75508
75493,89859
75497,75502
75497,75505
75497,75508
75497,75510
75497,75512
75502,75505
75502,75508
75502,75510
75502,75512
75502,75513
75505,75508
75505,75510
75505,75512
75508,75510
75508,75512
75508,75513
75508,75514
75508,75529
75510,75512
75510,75513
75510,75529
75510,75532
75512,75513
75512,75514
75512,75532
75512,75539
75513,75514
75513,75532
75513,75539
75513,95088
75513,79300
75514,75529
75514,75532
75514,75539
75514,75541
75514,75550
75529,75532
75529,75541
75529,75550
75529,75555
75532,75539
75532,75541
75532,75550
75532,75559
75539,75541
75539,75550
75539,75555
75539,75559
75539,75563
75541,75550
75541,75555
75541,75559
75541,75563
75541,75567
75550,75563
75550,75567
75550,75576
75555,75559
75555,75563
75555,75567
75555,75576
75555,75580
75559,75563
75559,75567
75559,75576
75559,75580
75559,75581
75563,75567
75563,75576
75563,75581
75563,75582
75567,75576
75567,75580
75567,75581
75567,75582
75567,75583
75576,75582
75576,75583
75576,93454
75576,84772
75580,75581
75580,75582
75580,75583
75580,75591
75580,75592
75581,75582
75581,75583
75581,75591
75581,75592
75581,75595
75582,75583
75582,75591
75582,75592
75582,75595
75582,75598
75583,75591
75583,75592
75583,75595
75583,75598
75583,75599
75591,75595
75591,75598
75591,75599
75591,75602
75592,75598
75592,75599
75592,75602
75592,75605
75595,75598
75595,75599
75595,75602
75595,75605
75595,75609
75598,75599
75598,75602
75598,75609
75598,75610
75598,97299
75599,75602
75599,75605
75599,75609
75599,75614
75599,98742
75602,75605
75602,75609
75602,75610
75602,75614
75602,75622
75605,75609
75605,75610
75605,75614
75605,75622
75605,75628
75609,75610
75609,75614
75609,75622
75609,75628
75609,75632
75610,75614
75610,75622
75610,75628
75610,75632
75610,75633
75614,75622
75614,75628
75614,75632
75614,75633
75614,75636
75622,75628
75622,75632
75622,75633
75622,75636
75622,75642
75628,75632
75628,75633
75628,75636
75628,75642
75628,75644
75632,75633
75632,75636
75632,75642
75632,75644
75632,75645
75633,75636
75633,75642
75633,75644
75633,75645
75633,75648
75636,75642
75636,75644
75636,75648
75636,75651
75636,81807
75642,75644
75642,75645
75642,75648
75642,75651
75642,75666
75642,99893
75642,83288
75644,75645
75644,75648
75644,75651
75644,75666
75644,75667
75645,75648
75645,75651
75645,75666
75645,75679
75648,75651
75648,75666
75648,75667
75648,75679
75648,75681
75651,75666
75651,75667
75651,75679
75651,75681
75651,75684
75666,75667
75666,75679
75666,75681
75666,75684
75666,75687
75667,75679
75667,75681
75667,75684
75667,75687
75667,75689
75679,75681
75679,75684
75679,75687
75679,75689
75679,75693
75681,75684
75681,75689
75681,75693
75681,75709
75681,88840
75684,75689
75684,75693
75684,75709
75684,75710
75687,75689
75687,75693
75687,75709
75687,75710
75687,75713
75689,75693
75689,75713
75689,75721
75689,77586
75693,75709
75693,75710
75693,75713
75693,75727
75709,75710
75709,75713
75709,75727
75710,75713
75710,75721
75710,75727
75710,75731
75710,75732
75713,75721
75713,75727
75713,75731
75713,91130
75721,75727
75721,75731
75721,75732
75721,75735
75727,75731
75727,75732
75727,75735
75727,75736
75727,75738
75731,75732
75731,75735
75731,75736
75731,75738
75732,75736
75732,75738
75732,75744
75732,89203
75735,75736
75735,75738
75735,75739
75735,75744
75735,75748
75735,92220
75736,75738
75736,75739
75736,75744
75736,75748
75736,75753
75738,75739
75738,75744
75738,75748
75738,75753
75738,75755
75739,75744
75739,75748
75739,75753
75744,75748
75744,75753
75744,75755
75744,75760
75744,80869
75744,96017
75748,75753
75748,75757
75748,75760
75748,75767
75753,75755
75753,75757
75753,75760
75753,75767
75753,75775
75755,75757
75755,75760
75755,75775
75755,98017
75757,75760
75757,75767
75757,75775
75757,75777
75760,75767
75760,75775
75760,75777
75760,75779
75760,75783
75760,92431
75767,75775
75767,75777
75767,75783
75767,75786
75775,75777
75775,75779
75775,75783
75775,75786
75775,75787
75777,75779
75777,75783
75777,75787
75777,75790
75779,75783
75779,75786
75779,75787
75779,75790
75779,99708
75783,75786
75783,75790
75783,75799
75783,75816
75786,75787
75786,75790
75786,75799
75786,75816
75787,75790
75787,75799
75787,75816
75787,75835
75790,75799
75790,75816
75790,75835
75790,75843
75790,75846
75799,75835
75799,75843
75799,75846
75799,75850
75816,75835
75816,75843
75816,75851
75835,75843
75835,75846
75835,75850
75835,75851
75835,75861
75843,75846
75843,75851
75843,75861
75843,75879
75846,75850
75846,75851
75846,75861
75846,75879
75846,75883
75850,75851
75850,75861
75850,75879
75850,75884
75850,80938
75851,75861
75851,75879
75851,75883
75851,75884
75851,75893
75861,75879
75861,75883
75861,75884
75861,75893
75861,75894
75879,75883
75879,75884
75879,75893
75879,75894
75879,75896
75883,75884
75883,75893
75883,75894
75883,75896
75883,90313
75884,75893
75884,75894
75884,75896
75884,75897
75884,75899
75893,75894
75893,75896
75893,75897
75893,75899
75893,93666
75894,75897
75894,75899
75894,75900
75894,75901
75894,81477
75896,75897
75896,75899
75896,75900
75896,75901
75896,75907
75897,75899
75897,75900
75897,75901
75897,75907
75897,75914
75899,75901
75899,75914
75899,75917
75900,75907
75900,75914
75900,75919
75900,98591
75901,75907
75901,75914
75901,75917
75901,75919
75901,75934
75907,75914
75907,75917
75907,75919
75907,75934
75907,75935
75907,90552
75914,75917
75914,75919
75914,75934
75914,75935
75917,75919
75917,75934
75917,75935
75917,75936
75917,75940
75919,75934
75919,75935
75919,75936
75919,75940
75919,75944
75934,75935
75934,75936
75934,75940
75934,75944
75934,75948
75935,75936
75935,75944
75935,75948
75935,75949
75936,75940
75936,75944
75936,75948
75936,75949
75936,75953
75936,86405
75940,75948
75940,75949
75940,75953
75940,75969
75944,75948
75944,75949
75944,75953
75944,75969
75944,75971
75948,75949
75948,75969
75948,75971
75948,75975
75949,75953
75949,75969
75949,75971
75949,75975
75949,75977
75953,75969
75953,75971
75953,75975
75953,75977
75969,75971
75969,75975
75969,75977
75969,75980
75969,75984
75971,75975
75971,75984
75971,75986
75975,75980
75975,75984
75975,75986
75975,75992
75975,89221
75977,75980
75977,75986
75977,75992
75977,75994
75980,75984
75980,75986
75980,75992
75980,75994
75980,75995
75984,75986
75984,75992
75984,75994
75984,75995
75984,75997
75986,75992
75986,75994
75986,75995
75986,75997
75992,75995
75992,75997
75992,75999
75994,75995
75994,75997
75994,75999
75994,76005
75994,76006
75995,75997
75995,75999
75995,76005
75995,76006
75995,76007
75997,75999
75997,76005
75997,76006
75997,76007
75997,76010
75999,76005
75999,76006
75999,76007
75999,76010
75999,76015
76005,76006
76005,76007
76005,76010
76005,76015
76005,76017
76006,76007
76006,76010
76006,76015
76006,76022
76007,76010
76007,76015
76007,76017
76007,76022
76007,76026
76010,76015
76010,76017
76010,76022
76010,76028
76015,76017
76015,76026
76015,76028
76015,76033
76017,76022
76017,76026
76017,76028
76017,76033
76017,76050
76022,76026
76022,76028
76022,76033
76022,76050
76022,76053
76026,76028
76026,76033
76026,76050
76026,76053
76026,76055
76028,76033
76028,76050
76028,76053
76028,76055
76028,76057
76033,76053
76033,76055
76033,76057
76050,76053
76050,76057
76050,76066
76050,76072
76053,76055
76053,76057
76053,76066
76053,76072
76053,76075
76055,76057
76055,76066
76055,76072
76055,76075
76055,76079
76057,76066
76057,76075
76057,76079
76057,76080
76066,76072
76066,76075
76066,76079
76066,76080
76066,76082
76072,76079
76072,76080
76072,76082
76072,76084
76075,76079
76075,76080
76075,76082
76075,76084
76075,76086
76079,76080
76079,76082
76079,76086
76079,76090
76080,76082
76080,76084
76080,76086
76080,76090
76082,76084
76082,76086
76082,76090
76082,76095
76082,76099
76082,98734
76084,76086
76084,76090
76084,76099
76084,76101
76084,94737
76086,76090
76086,76095
76086,76099
76086,76101
76086,76103
76090,76095
76090,76099
76090,76101
76090,76103
76090,76106
76095,76103
76095,76106
76095,76107
76095,96075
76099,76101
76099,76103
76099,76106
76099,76107
76099,76108
76101,76106
76101,76107
76101,76108
76101,76110
76103,76106
76103,76107
76103,76110
76103,76118
76106,76108
76106,76110
76106,76118
76106,76120
76106,96573
76107,76108
76107,76110
76107,76118
76107,76120
76107,76122
76108,76110
76108,76118
76108,76120
76108,76122
76108,76125
76110,76118
76110,76120
76110,76122
76110,76125
76110,76126
76118,76120
76118,76122
76118,76125
76118,76126
76120,76122
76120,76125
76120,76126
76120,76127
76120,76128
76122,76125
76122,76126
76122,76127
76122,76128
76125,76126
76125,76128
76125,76139
76126,76127
76126,76130
76126,76139
76126,76143
76127,76128
76127,76130
76127,76139
76128,76130
76128,76139
76128,76143
76128,76144
76128,76146
76130,76139
76130,76143
76130,76144
76130,76146
76130,76156
76139,76143
76139,76144
76139,76168
76143,76144
76143,76146
76143,76156
76143,76168
76143,76170
76143,77238
76144,76156
76144,76168
76144,76170
76144,86565
76144,89433
76146,76156
76146,76168
76146,76170
76146,76171
76146,76173
76156,76168
76156,76170
76156,76171
76156,76173
76156,76182
76168,76170
76168,76171
76168,76173
76168,76182
76168,76190
76170,76171
76170,76173
76170,76182
76170,76191
76171,76173
76171,76182
76171,76190
76171,76195
76173,76182
76173,76190
76173,76195
76182,76190
76182,76191
76182,76195
76182,76196
76182,76201
76190,76191
76190,76195
76190,76196
76190,76201
76190,76204
76190,83859
76191,76195
76191,76196
76191,76201
76191,76204
76195,76201
76195,76204
76195,76212
76195,76215
76195,82854
76196,76201
76196,76204
76196,76212
76196,76215
76196,76220
76201,76204
76201,76212
76201,76215
76201,76220
76201,76221
76204,76212
76204,76215
76204,76220
76204,76222
76212,76215
76212,76220
76212,76221
76212,76222
76212,76223
76215,76220
76215,76221
76215,76223
76215,76224
76215,76481
76220,76221
76220,76222
76220,76224
76220,76226
76220,93930
76221,76222
76221,76223
76221,76224
76221,76226
76221,76248
76222,76223
76222,76224
76222,76226
76222,76248
76223,76224
76223,76226
76223,76248
76223,76252
76223,76257
76224,76226
76224,76248
76224,76252
76224,76257
76224,76262
76226,76248
76226,76252
76226,76257
76226,76262
76226,76271
76248,76252
76248,76257
76248,76262
76248,76279
76252,76257
76252,76262
76252,76271
76252,76279
76252,76280
76257,76262
76257,76271
76257,76279
76257,76280
76257,76281
76262,76271
76262,76279
76262,76280
76262,76281
76262,76282
76271,76279
76271,76280
76271,76281
76271,76282
76271,76283
76271,89117
76279,76281
76279,76282
76279,76287
76280,76281
76280,76282
76280,76283
76280,76288
76281,76282
76281,76283
76281,76287
76281,76288
76281,76295
76282,76287
76282,76288
76282,76295
76282,76300
76283,76287
76283,76288
76283,76295
76283,76300
76283,76301
76287,76288
76287,76300
76287,76301
76287,76307
76288,76295
76288,76300
76288,76307
76288,78922
76295,76300
76295,76301
76295,76307
76295,76310
76295,76314
76300,76301
76300,76310
76300,76314
76300,76318
76301,76307
76301,76310
76301,76314
76301,76318
76301,76319
76307,76310
76307,76314
76307,76318
76307,76319
76307,76321
76307,89344
76310,76318
76310,76319
76310,76321
76310,76322
76314,76318
76314,76321
76314,76322
76314,76332
76318,76321
76318,76322
76318,76332
76318,76340
76318,91532
76319,76321
76319,76322
76319,76332
76319,76340
76319,76348
76319,78747
76319,90636
76321,76322
76321,76332
76321,76340
76321,76348
76321,76351
76322,76332
76322,76340
76322,76348
76322,76351
76322,76356
76322,94198
76332,76340
76332,76348
76332,76351
76332,76356
76332,76357
76332,94229
76340,76351
76340,76356
76340,76358
76348,76356
76348,76357
76348,76358
76351,76357
76351,76358
76351,76363
76351,76365
76351,91897
76356,76357
76356,76358
76356,76363
76356,76365
76356,76368
76357,76358
76357,76363
76357,76365
76357,76368
76357,76375
76357,99923
76358,76363
76358,76365
76358,76368
76358,76375
76358,76377
76363,76365
76363,76368
76363,76375
76363,76377
76363,76378
76365,76368
76365,76375
76365,76378
76365,76386
76368,76375
76368,76377
76368,76378
76368,76386
76368,76388
76375,76377
76375,76388
76375,76394
76375,92803
76377,76378
76377,76386
76377,76388
76377,76394
76377,76399
76378,76388
76378,76394
76378,76399
76378,76413
76386,76388
76386,76394
76386,76399
76386,76413
76386,76414
76388,76394
76388,76399
76388,76413
76388,76414
76388,76417
76394,76413
76394,76414
76394,76417
76399,76414
76399,76417
76399,76423
76399,76427
76413,76414
76413,76417
76413,76423
76413,76427
76413,76430
76414,76417
76414,76423
76414,76427
76414,76430
76414,76432
76417,76423
76417,76427
76417,76432
76417,76449
76423,76427
76423,76430
76423,76432
76423,76449
76423,76456
76427,76432
76427,76449
76427,76456
76427,76461
76427,98890
76430,76432
76430,76449
76430,76461
76430,76466
76430,77242
76432,76449
76432,76456
76432,76461
76432,76466
76432,76468
76432,94573
76449,76456
76449,76461
76449,76466
76449,76468
76449,76469
76456,76461
76456,76466
76456,76468
76456,76473
76461,76466
76461,76468
76461,76469
76461,76473
76461,76477
76466,76473
76466,76477
76466,76478
76468,76469
76468,76473
76468,76477
76468,76479
76468,97754
76469,76473
76469,76477
76469,76478
76469,76479
76469,76481
76469,97026
76473,76477
76473,76478
76473,76479
76473,76481
76473,76492
76477,76478
76477,76479
76477,76492
76477,76503
76477,76511
76478,76479
76478,76481
76478,76492
76478,76503
76478,76504
76479,76481
76479,76492
76479,76504
76479,76508
76481,76492
76481,76503
76481,76504
76481,76508
76481,76511
76492,76503
76492,76504
76492,76508
76492,76513
76503,76504
76503,76508
76503,76511
76503,76513
76503,76516
76504,76508
76504,76511
76504,76513
76504,76516
76504,76524
76508,76511
76508,76513
76508,76516
76508,76524
76508,76537
76508,84175
76508,84400
76511,76513
76511,76516
76511,76524
76511,76537
76511,76539
76513,76516
76513,76524
76513,76537
76513,76539
76513,76543
76516,76524
76516,76539
76516,76543
76524,76537
76524,76539
76524,76543
76524,76544
76524,76547
76537,76539
76537,76543
76537,76544
76537,76547
76537,76562
76539,76543
76539,76544
76539,76547
76539,76562
76539,76563
76539,92006
76543,76547
76543,76563
76543,76564
76543,99997
76544,76562
76544,76564
76544,76565
76547,76562
76547,76563
76547,76564
76547,76565
76547,76571
76562,76563
76562,76565
76562,76571
76562,76572
76563,76564
76563,76565
76563,76571
76563,76572
76563,76573
76564,76565
76564,76571
76564,76572
76564,76573
76564,76579
76564,94834
76565,76571
76565,76572
76565,76573
76565,76579
76565,76580
76571,76572
76571,76573
76571,76579
76571,76580
76571,76583
76572,76579
76572,76580
76572,76584
76573,76579
76573,76580
76573,76583
76573,76584
76573,76585
76579,76580
76579,76583
76579,76584
76579,76585
76579,76591
76580,76584
76580,76585
76580,76591
76580,76597
76580,96283
76583,76584
76583,76585
76583,76591
76583,76597
76583,76601
76583,90183
76584,76585
76584,76591
76584,76597
76584,76601
76584,76603
76585,76591
76585,76601
76585,76603
76585,76606
76591,76597
76591,76601
76591,76603
76591,76606
76591,76609
76597,76601
76597,76603
76597,76606
76597,76609
76597,76614
76601,76603
76601,76606
76601,76609
76601,76616
76603,76606
76603,76609
76603,76614
76603,76616
76603,76624
76603,86360
76606,76609
76606,76614
76606,76616
76606,76624
76606,76626
76609,76614
76609,76616
76609,76624
76609,76626
76609,88983
76614,76616
76614,76624
76614,76626
76614,76627
76614,76644
76614,95776
76616,76624
76616,76626
76616,76644
76616,76663
76616,78006
76624,76627
76624,76644
76624,76672
76624,81855
76626,76627
76626,76644
76626,76663
76626,76672
76626,76684
76627,76644
76627,76663
76627,76672
76627,76684
76627,76691
76644,76663
76644,76672
76644,76684
76644,76691
76644,98595
76663,76672
76663,76684
76663,76691
76663,76702
76663,76704
76672,76684
76672,76691
76672,76702
76672,76704
76684,76691
76684,76702
76684,76704
76684,76705
76684,76711
76691,76702
76691,76704
76691,76711
76691,76714
76702,76704
76702,76705
76702,76711
76702,76714
76702,76720
76704,76705
76704,76711
76704,76714
76704,76720
76704,76726
76705,76711
76705,76714
76705,76720
76705,76727
76711,76714
76711,76720
76711,76726
76711,76727
76714,76720
76714,76726
76714,76735
76714,76739
76714,99023
76720,76726
76720,76727
76720,76735
76720,76739
76720,76747
76726,76727
76726,76735
76726,76739
76726,76747
76726,76748
76726,93584
76727,76735
76727,76739
76727,76747
76727,76748
76727,76757
76735,76739
76735,76747
76735,76748
76735,76757
76735,76758
76739,76747
76739,76748
76739,76757
76739,76765
76739,95424
76739,78814
76747,76748
76747,76757
76747,76758
76747,76766
76748,76757
76748,76758
76748,76765
76748,76767
76748,91193
76757,76758
76757,76765
76757,76766
76757,76767
76757,76768
76758,76765
76758,76766
76758,76767
76758,76768
76758,76769
76765,76768
76765,76769
76765,76777
76766,76767
76766,76768
76766,76769
76766,76777
76766,76785
76767,76768
76767,76769
76767,76777
76767,76785
76767,76787
76768,76769
76768,76777
76768,76785
76768,76787
76768,76792
76769,76777
76769,76785
76769,76787
76769,76792
76769,76793
76777,76785
76777,76787
76777,76792
76777,76794
76777,98714
76785,76787
76785,76792
76785,76793
76785,76794
76785,76802
76787,76792
76787,76793
76787,76794
76787,76802
76792,76793
76792,76794
76792,76802
76792,76804
76792,76805
76793,76794
76793,76802
76793,76804
76793,76805
76793,76808
76794,76805
76794,76808
76794,76811
76794,99808
76802,76804
76802,76805
76802,76808
76802,76811
76804,76805
76804,76811
76804,76820
76804,86119
76805,76808
76805,76816
76805,76820
76805,76823
76808,76811
76808,76816
76808,76820
76808,76823
76808,76828
76811,76816
76811,76820
76811,76823
76811,76828
76811,76829
76816,76820
76816,76823
76816,76828
76816,76829
76816,76832
76820,76823
76820,76828
76820,76829
76820,76832
76820,76836
76823,76828
76823,76829
76823,76832
76823,76836
76823,76839
76828,76829
76828,76832
76828,76836
76828,76839
76828,76846
76829,76832
76829,76836
76829,76839
76829,76846
76829,76847
76832,76836
76832,76839
76832,76846
76832,76847
76832,76852
76836,76839
76836,76846
76836,76847
76836,76852
76836,76855
76839,76846
76839,76847
76839,76855
76839,76857
76839,87502
76846,76847
76846,76852
76846,76857
76846,76858
76847,76852
76847,76857
76847,76858
76847,76875
76847,84750
76852,76855
76852,76857
76852,76858
76852,76875
76852,76876
76855,76857
76855,76858
76855,76876
76855,76878
76857,76858
76857,76875
76857,76876
76857,76878
76857,76879
76858,76875
76858,76876
76858,76878
76858,76879
76858,76896
76875,76876
76875,76878
76875,76879
76875,76896
76875,76906
76876,76878
76876,76879
76876,76896
76876,76906
76876,76914
76876,97330
76878,76879
76878,76896
76878,76906
76878,76914
76878,76921
76879,76896
76879,76906
76879,76914
76879,76921
76879,76926
76896,76906
76896,76914
76896,76921
76896,76926
76896,76931
76896,99426
76906,76914
76906,76921
76906,76926
76906,76931
76906,76933
76914,76921
76914,76926
76914,76931
76914,76933
76914,76935
76914,81820
76921,76926
76921,76931
76921,76933
76921,76935
76921,76936
76926,76931
76926,76933
76926,76935
76926,76936
76926,76938
76931,76933
76931,76935
76931,76938
76931,76942
76933,76935
76933,76936
76933,76942
76933,76947
76935,76936
76935,76942
76935,76949
76935,80282
76936,76942
76936,76947
76936,76949
76936,76952
76938,76942
76938,76947
76938,76949
76938,76952
76938,76954
76938,79796
76942,76947
76942,76949
76942,76952
76942,76954
76942,76955
76947,76952
76947,76954
76949,76952
76949,76954
76949,76955
76949,76957
76949,76960
76952,76954
76952,76955
76952,76957
76952,76960
76952,76961
76954,76955
76954,76957
76954,76960
76954,76961
76954,76963
76954,83191
76955,76957
76955,76960
76955,76961
76955,76963
76955,76966
76957,76961
76957,76963
76957,86699
76960,76961
76960,76963
76960,76966
76960,76967
76960,76975
76960,79945
76961,76963
76961,76966
76961,76975
76961,76976
76963,76975
76963,76976
76963,76977
76963,91425
76966,76967
76966,76975
76966,76976
76966,76977
76966,76979
76967,76975
76967,76976
76967,76977
76967,76979
76967,76981
76975,76977
76975,76979
76975,76988
76976,76977
76976,76979
76976,76981
76976,76988
76977,76979
76977,76981
76977,76988
76977,76990
76977,76991
76979,76981
76979,76988
76979,76990
76979,76991
76979,76993
76981,76988
76981,76990
76981,76991
76981,76993
76988,76991
76988,76993
76988,76998
76988,77001
76990,76991
76990,76993
76990,76998
76990,77001
76990,77002
76991,76993
76991,76998
76991,77001
76991,77002
76991,77013
76993,76998
76993,77001
76993,77013
76993,77015
76998,77001
76998,77002
76998,77013
76998,77017
77001,77002
77001,77013
77001,77017
77001,83281
77002,77013
77002,77017
77002,77019
77002,77025
77013,77015
77013,77019
77013,77025
77015,77017
77015,77019
77015,77025
77015,77028
77015,77034
77017,77019
77017,77025
77017,77028
77017,77034
77017,77035
77019,77025
77019,77028
77019,77035
77019,77039
77025,77028
77025,77034
77025,77039
77025,77040
77025,93169
77028,77034
77028,77035
77028,77039
77028,77040
77028,77043
77034,77035
77034,77039
77034,77040
77034,77043
77034,77056
77035,77039
77035,77040
77035,77056
77035,77061
77039,77043
77039,77056
77039,77061
77039,77066
77039,99753
77040,77043
77040,77056
77040,77066
77040,77070
77043,77056
77043,77061
77043,77066
77043,77070
77043,77071
77056,77061
77056,77070
77056,77071
77056,77074
77061,77070
77061,77071
77061,77074
77061,77077
77061,96224
77066,77070
77066,77071
77066,77077
77066,91337
77070,77071
77070,77074
77070,77078
77070,77083
77070,79608
77071,77074
77071,77078
77071,77083
77071,77085
77074,77077
77074,77078
77074,77083
77074,77085
77074,77088
77077,77078
77077,77083
77077,77085
77077,77088
77078,77083
77078,77085
77078,77088
77078,77089
77078,77094
77083,77085
77083,77088
77083,77089
77083,77094
77083,77102
77085,77088
77085,77089
77085,77094
77085,77102
77085,77104
77088,77089
77088,77094
77088,77102
77088,77104
77088,77106
77089,77094
77089,77102
77089,77104
77089,77106
77089,77108
77094,77102
77094,77104
77094,77106
77094,77108
77094,77111
77102,77104
77102,77106
77102,77108
77102,77111
77102,77113
77104,77106
77104,77108
77104,77111
77104,77113
77104,77114
77106,77108
77106,77111
77106,77113
77106,77116
77106,99461
77108,77114
77108,77116
77108,77127
77111,77113
77111,77116
77111,77127
77111,77138
77113,77114
77113,77116
77113,77127
77113,77148
77114,77116
77114,77127
77114,77138
77114,77148
77114,77150
77116,77127
77116,77138
77116,77148
77116,77150
77116,77163
77127,77138
77127,77150
77127,77163
77127,77168
77127,80900
77138,77148
77138,77150
77138,77163
77138,77169
77148,77150
77148,77163
77148,77168
77148,77169
77148,77170
77148,88803
77150,77163
77150,77168
77150,77169
77150,77170
77150,77171
77163,77168
77163,77169
77163,77170
77163,77174
77163,97543
77168,77169
77168,77170
77168,77171
77168,77174
77168,77180
77169,77170
77169,77171
77169,77174
77169,77180
77169,77183
77170,77171
77170,77174
77170,77180
77170,77183
77170,77185
77171,77174
77171,77180
77171,77183
77171,77185
77171,77186
77174,77180
77174,77183
77174,77186
77174,77190
77174,80236
77180,77183
77180,77185
77180,77186
77180,77193
77180,84754
77183,77185
77183,77186
77183,77190
77183,77193
77183,77194
77185,77186
77185,77190
77185,77193
77185,77194
77185,77200
77186,77190
77186,77194
77186,77200
77186,77210
77190,77193
77190,77194
77190,77200
77190,77210
77190,77216
77193,77194
77193,77200
77193,77210
77193,77216
77193,77218
77194,77200
77194,77210
77194,77216
77194,77218
77194,77221
77200,77210
77200,77216
77200,77218
77200,77223
77210,77216
77210,77218
77210,77221
77210,77223
77210,77225
77216,77218
77216,77221
77216,77223
77218,77221
77218,77223
77218,77225
77218,77226
77218,77232
77221,77226
77221,77232
77221,77236
77221,84267
77221,87064
77223,77225
77223,77226
77223,77232
77223,77236
77223,77553
77225,77226
77225,77232
77225,77236
77225,77238
77225,77239
77226,77232
77226,77236
77226,77238
77226,77239
77226,77241
77232,77238
77232,77239
77232,77241
77232,77242
77236,77238
77236,77239
77236,77241
77236,77242
77236,77257
77236,99872
77238,77239
77238,77241
77238,77242
77238,77257
77239,77242
77239,77257
77239,77260
77239,77265
77241,77242
77241,77257
77241,77260
77241,77271
77241,98583
77242,77257
77242,77260
77242,77265
77242,77271
77242,77275
77242,98197
77257,77260
77257,77265
77257,77271
77257,77275
77260,77265
77260,77271
77260,77275
77260,77276
77260,77286
77265,77271
77265,77275
77265,77276
77265,77286
77265,77292
77271,77275
77271,77276
77271,77286
77271,77292
77275,77276
77275,77286
77275,77292
77275,77301
77275,77304
77275,92373
77276,77286
77276,77292
77276,77301
77276,77304
77276,77310
77286,77292
77286,77301
77286,77304
77286,77310
77286,77316
77292,77301
77292,77304
77292,77310
77292,77316
77292,97021
77301,77304
77301,77310
77301,77316
77301,77318
77301,77321
77304,77310
77304,77316
77304,77318
77304,77321
77304,77326
77310,77316
77310,77318
77310,77321
77310,77326
77310,77327
77316,77318
77316,77321
77316,77326
77316,77327
77316,77330
77318,77321
77318,77327
77318,77330
77318,77332
77321,77327
77321,77330
77321,77332
77321,77337
77321,79053
77321,85423
77326,77327
77326,77330
77326,77332
77326,77337
77326,77339
77327,77330
77327,77332
77327,77337
77327,77339
77327,77341
77330,77332
77330,77337
77330,77339
77330,77341
77330,77350
77330,87251
77332,77337
77332,77339
77332,77341
77332,77350
77332,77355
77337,77339
77337,77341
77337,77350
77337,77355
77337,77364
77339,77341
77339,77350
77339,77355
77339,77364
77339,77365
77341,77350
77341,77355
77341,77364
77341,77365
77341,77366
77350,77355
77350,77364
77350,77365
77350,77366
77350,77369
77355,77364
77355,77365
77355,77366
77355,77369
77355,77371
77364,77365
77364,77366
77364,77369
77364,77371
77364,77372
77365,77366
77365,77369
77365,77371
77365,77372
77365,77374
77366,77369
77366,77371
77366,77372
77366,77374
77366,77379
77369,77371
77369,77372
77369,77374
77369,77379
77369,77380
77371,77372
77371,77374
77371,77379
77371,77380
77371,77383
77372,77374
77372,77380
77372,77383
77372,77395
77374,77380
77374,77383
77374,77395
77374,77397
77379,77380
77379,77383
77379,77395
77379,77397
77379,77400
77380,77383
77380,77395
77380,77397
77380,77400
77380,98595
77383,77395
77383,77397
77383,77400
77383,77402
77383,77409
77395,77397
77395,77400
77395,77402
77395,77409
77395,77415
77397,77400
77397,77415
77397,77417
77397,96644
77397,97102
77400,77402
77400,77409
77400,77415
77400,77417
77400,77418
77400,91817
77402,77409
77402,77415
77402,77417
77402,77418
77402,77428
77402,78552
77409,77415
77409,77417
77409,77428
77409,77436
77409,95244
77415,77417
77415,77418
77415,77428
77415,77436
77415,77438
77417,77418
77417,77428
77417,77436
77417,77438
77418,77428
77418,77436
77418,77438
77418,77439
77418,77443
77428,77436
77428,77438
77428,77439
77428,77443
77428,77445
77428,94227
77436,77438
77436,77439
77436,77443
77436,77445
77436,77448
77438,77439
77438,77443
77438,77445
77438,77448
77438,77449
77439,77445
77439,77448
77439,77449
77439,77462
77443,77445
77443,77448
77443,77462
77443,77470
77445,77448
77445,77449
77445,77462
77445,77470
77445,77471
77448,77449
77448,77462
77448,77470
77448,77471
77448,77476
77449,77462
77449,77470
77449,77471
77449,77476
77449,77480
77462,77470
77462,77476
77462,77480
77470,77471
77470,77476
77470,77480
77470,77481
77470,77483
77470,92157
77471,77476
77471,77480
77471,77481
77471,77483
77471,77486
77476,77480
77476,77481
77476,77483
77476,77486
77476,77487
77480,77481
77480,77483
77480,77486
77480,77487
77480,77488
77480,79102
77481,77483
77481,77486
77481,77488
77481,77491
77483,77487
77483,77488
77483,77491
77483,77495
77486,77487
77486,77488
77486,77491
77486,77495
77486,77500
77487,77488
77487,77491
77487,77495
77487,77500
77487,77508
77488,77491
77488,77495
77488,77500
77488,77508
77488,77511
77491,77495
77491,77500
77491,77508
77491,77511
77491,77514
77495,77500
77495,77508
77495,77511
77495,77514
77495,77517
77500,77508
77500,77511
77500,77514
77500,77517
77500,77519
77508,77511
77508,77514
77508,77517
77508,77519
77508,77522
77508,91193
77511,77514
77511,77519
77511,77527
77514,77517
77514,77519
77514,77522
77514,77527
77514,77532
77517,77522
77517,77527
77517,77532
77519,77527
77519,77532
77519,77536
77519,77551
77519,79469
77522,77527
77522,77532
77522,77536
77522,77551
77522,77552
77527,77532
77527,77536
77527,77551
77527,77553
77527,78794
77532,77536
77532,77551
77532,77552
77532,77553
77532,77567
77536,77551
77536,77552
77536,77553
77536,77567
77536,77583
77551,77553
77551,77567
77551,77584
77552,77553
77552,77567
77552,77584
77552,77585
77552,95383
77553,77567
77553,77583
77553,77584
77553,83016
77567,77583
77567,77584
77567,77586
77567,77596
77567,88100
77583,77584
77583,77585
77583,77586
77583,77596
77583,99666
77584,77586
77584,77596
77584,77605
77584,95279
77585,77586
77585,77596
77585,77601
77585,77605
77586,77596
77586,77601
77586,77605
77586,77608
77586,77610
77596,77601
77596,77605
77596,77608
77596,77610
77596,77612
77601,77605
77601,77608
77601,77610
77601,77612
77601,77613
77605,77608
77605,77610
77605,77612
77605,77613
77608,77610
77608,77612
77608,77613
77608,77616
77608,77617
77610,77612
77610,77613
77610,77616
77610,77617
77610,77619
77612,77616
77612,77617
77612,77619
77612,77625
77612,82939
77613,77616
77613,77617
77613,77619
77613,77625
77613,77707
77616,77617
77616,77619
77616,77625
77616,77626
77616,77627
77617,77619
77617,77625
77617,77627
77617,77640
77619,77625
77619,77626
77619,77627
77619,77641
77625,77626
77625,77641
77625,77648
77626,77627
77626,77640
77626,77641
77626,77648
77626,77655
77627,77640
77627,77641
77627,77648
77627,77655
77627,77657
77640,77648
77640,77655
77640,77657
77640,77658
77641,77648
77641,77655
77641,77657
77641,77658
77641,77659
77648,77655
77648,77657
77648,77658
77648,77659
77648,77660
77648,99997
77655,77657
77655,77658
77655,77659
77655,77660
77655,77662
77657,77658
77657,77659
77657,77660
77657,77663
77657,82146
77658,77659
77658,77662
77658,77663
77658,77667
77659,77660
77659,77662
77659,77667
77659,77670
77660,77662
77660,77663
77660,77667
77660,77670
77660,77676
77662,77663
77662,77667
77662,77670
77662,77676
77662,77678
77663,77670
77663,77676
77663,77678
77663,77680
77667,77676
77667,77678
77667,77680
77670,77676
77670,77678
77670,77688
77670,95628
77676,77678
77676,77680
77676,77687
77676,77688
77676,77691
77678,77680
77678,77687
77678,77693
77678,94329
77680,77688
77680,77691
77680,77694
77680,89476
77680,91568
77687,77688
77687,77691
77687,77693
77687,77694
77687,77698
77687,97822
77688,77691
77688,77693
77688,77694
77688,77698
77688,77702
77691,77693
77691,77694
77691,77698
77691,77702
77691,77707
77693,77694
77693,77698
77693,77702
77693,77707
77693,77712
77694,77698
77694,77702
77694,77707
77694,77712
77694,77713
77698,77702
77698,77707
77698,77712
77698,77713
77698,77715
77702,77707
77702,77712
77702,77713
77702,77715
77707,77712
77707,77713
77707,77715
77707,77718
77712,77713
77712,77715
77712,77716
77712,77718
77712,77723
77713,77715
77713,77716
77713,77718
77713,77723
77713,77724
77715,77718
77715,77724
77715,77738
77715,94021
77716,77718
77716,77723
77716,77724
77716,77738
77716,77746
77718,77723
77718,77738
77718,77746
77718,77747
77718,92083
77723,77724
77723,77738
77723,77747
77723,77750
77724,77738
77724,77747
77724,77750
77724,77751
77738,77746
77738,77747
77738,77750
77738,77751
77738,83066
77746,77747
77746,77750
77746,77751
77746,77764
77747,77750
77747,77751
77747,77764
77747,77765
77747,77767
77750,77751
77750,77764
77750,77765
77751,77764
77751,77765
77751,77767
77751,77776
77751,77778
77764,77767
77764,77776
77764,77778
77764,77779
77765,77767
77765,77776
77765,77778
77765,77790
77765,93363
77767,77776
77767,77778
77767,77779
77767,77790
77776,77778
77776,77779
77776,77790
77776,77791
77776,77792
77778,77779
77778,77790
77778,77791
77778,77792
77778,92805
77779,77790
77779,77791
77779,77792
77779,77803
77790,77791
77790,77792
77790,77803
77790,77805
77791,77792
77791,77803
77791,77804
77791,77805
77791,77807
77792,77803
77792,77804
77792,77805
77792,77807
77792,77812
77803,77804
77803,77807
77803,77812
77803,77814
77803,93777
77804,77805
77804,77807
77804,77812
77804,77814
77804,77815
77805,77807
77805,77812
77805,77814
77805,77815
77805,77819
77807,77814
77807,77815
77807,77819
77807,77822
77807,98113
77812,77814
77812,77815
77812,77819
77812,77824
77814,77815
77814,77819
77814,77825
77815,77819
77815,77822
77815,77825
77815,77828
77819,77822
77819,77825
77819,77828
77819,77837
77822,77824
77822,77825
77822,77828
77822,77837
77824,77828
77824,77837
77824,77843
77824,77845
77824,98149
77825,77828
77825,77837
77825,77843
77825,77845
77825,77846
77828,77837
77828,77845
77828,77846
77828,77847
77837,77845
77837,77846
77837,77847
77837,77850
77843,77845
77843,77846
77843,77847
77843,77850
77843,77854
77845,77846
77845,77847
77845,77850
77845,77854
77845,77860
77846,77847
77846,77854
77846,77860
77846,77865
77847,77850
77847,77854
77847,77860
77847,77872
77847,84299
77850,77854
77850,77860
77850,77865
77850,77872
77850,77875
77854,77860
77854,77865
77854,77872
77854,77875
77860,77865
77860,77872
77860,77875
77860,77877
77860,77886
77865,77872
77865,77875
77865,77877
77865,77886
77865,77887
77872,77875
77872,77886
77872,77887
77872,77888
77872,89236
77875,77877
77875,77886
77875,77887
77875,77888
77875,77891
77877,77886
77877,77887
77877,77888
77877,77891
77877,77903
77886,77887
77886,77888
77886,77891
77886,77903
77886,77910
77887,77903
77888,77891
77888,77903
77888,77910
77888,77913
77888,79581
77891,77910
77891,77913
77891,77925
77891,77926
77903,77910
77903,77913
77903,77926
77903,77930
77903,99668
77910,77913
77910,77925
77910,77926
77910,77930
77910,77933
77913,77925
77913,77926
77913,77930
77913,77935
77925,77930
77925,77933
77925,77935
77925,77943
77925,99461
77926,77930
77926,77933
77926,77935
77926,77945
77926,97326
77930,77935
77930,77943
77930,77945
77930,77948
77933,77935
77933,77943
77933,77948
77933,77955
77933,99822
77935,77943
77935,77945
77935,77948
77935,77955
77935,77956
77943,77945
77943,77948
77943,77955
77943,77957
77945,77955
77945,77956
77945,77957
77945,77962
77945,84051
77948,77955
77948,77956
77948,77957
77948,77962
77955,77956
77955,77957
77955,77962
77955,77966
77955,77968
77956,77957
77956,77962
77956,77966
77956,77968
77956,77971
77957,77966
77957,77971
77957,77974
77962,77966
77962,77968
77962,77971
77962,77974
77962,77981
77966,77968
77966,77971
77966,77974
77966,77993
77968,77971
77968,77981
77968,77993
77968,77995
77971,77974
77971,77981
77971,77993
77971,77995
77971,77998
77974,77981
77974,77995
77974,77998
77974,78004
77981,77998
77981,78004
77981,78006
77993,77995
77993,77998
77993,78004
77993,78006
77995,77998
77995,78004
77995,78006
77995,78011
77995,78021
77998,78004
77998,78006
77998,78011
77998,78021
77998,78031
78004,78006
78004,78011
78004,78021
78004,78031
78004,78037
78006,78011
78006,78021
78006,78031
78006,78039
78011,78021
78011,78031
78011,78037
78011,78039
78011,78043
78021,78031
78021,78037
78021,78039
78021,78043
78021,78053
78031,78039
78031,78053
78031,78055
78037,78043
78037,78053
78037,78055
78037,78083
78037,96336
78039,78043
78039,78053
78039,78055
78039,78083
78039,78090
78043,78053
78043,78055
78043,78083
78043,78090
78043,78093
78053,78055
78053,78083
78053,78093
78053,78097
78055,78090
78055,78093
78055,78097
78055,78100
78083,78090
78083,78093
78083,78097
78083,78109
78090,78093
78090,78097
78090,78100
78090,78109
78090,78110
78093,78100
78093,78109
78093,78110
78093,78129
78093,86979
78097,78100
78097,78109
78097,78110
78097,78129
78097,78131
78100,78109
78100,78110
78100,78129
78100,78131
78100,78132
78109,78110
78109,78129
78109,78131
78109,78132
78109,79586
78110,78129
78110,78131
78110,78132
78110,78133
78110,78134
78110,82586
78129,78131
78129,78132
78129,78133
78129,78134
78129,78137
78131,78132
78131,78133
78131,78134
78131,78137
78131,78159
78132,78133
78132,78134
78132,78137
78132,78159
78132,78160
78133,78137
78133,78159
78133,78160
78133,78172
78134,78137
78134,78159
78134,78160
78134,78172
78134,78174
78137,78159
78137,78160
78137,78172
78137,78174
78137,78175
78159,78160
78159,78172
78159,78174
78159,78175
78159,88325
78160,78174
78160,78175
78160,78176
78160,78178
78172,78174
78172,78175
78172,78176
78172,78178
78172,78179
78174,78175
78174,78176
78174,78178
78174,78179
78174,78182
78175,78176
78175,78178
78175,78179
78175,78182
78175,78183
78176,78178
78176,78179
78176,78182
78176,78183
78176,78186
78178,78179
78178,78182
78178,78189
78179,78182
78179,78183
78179,78186
78179,78189
78179,78193
78182,78183
78182,78186
78182,78189
78182,78193
78182,78194
78183,78186
78183,78189
78183,78193
78183,78194
78183,78202
78186,78189
78186,78193
78186,78194
78186,78202
78186,78213
78189,78194
78189,78213
78189,78216
78189,94737
78193,78194
78193,78202
78193,78213
78193,78216
78193,78220
78193,83719
78194,78213
78194,78220
78194,78221
78202,78213
78202,78216
78202,78221
78202,78223
78213,78216
78213,78220
78213,78221
78213,78223
78213,89789
78216,78220
78216,78221
78216,78223
78216,78230
78216,98388
78220,78221
78220,78223
78220,78238
78220,78247
78221,78223
78221,78230
78221,78238
78221,78247
78221,78255
78223,78230
78223,78238
78223,78247
78223,78255
78223,78261
78230,78238
78230,78247
78230,78255
78230,78261
78230,78264
78238,78247
78238,78255
78238,78264
78238,78267
78238,98640
78247,78255
78247,78261
78247,78264
78247,78267
78247,78269
78255,78261
78255,78264
78255,78267
78255,78269
78255,78290
78261,78264
78261,78269
78261,78290
78264,78267
78264,78269
78264,78290
78264,78291
78264,78300
78267,78269
78267,78290
78267,78291
78267,78300
78267,78301
78269,78290
78269,78291
78269,78300
78269,78301
78290,78291
78290,78301
78290,78312
78290,90184
78291,78300
78291,78301
78291,78311
78291,78319
78300,78311
78300,78312
78300,78319
78300,78320
78300,81146
78301,78311
78301,78312
78301,78319
78301,78320
78301,78326
78311,78312
78311,78319
78311,78326
78311,78327
78311,94924
78312,78319
78312,78320
78312,78326
78312,78327
78312,78337
78319,78320
78319,78326
78319,78337
78319,78353
78319,84746
78320,78326
78320,78327
78320,78337
78320,78353
78320,78357
78326,78327
78326,78337
78326,78353
78326,78357
78326,78359
78327,78337
78327,78353
78327,78357
78327,78359
78327,78361
78337,78353
78337,78357
78337,78361
78337,78370
78353,78357
78353,78359
78353,78361
78353,78372
78353,90141
78357,78359
78357,78361
78357,78370
78357,78372
78357,78377
78359,78361
78359,78370
78359,78380
78361,78370
78361,78372
78361,78377
78361,78380
78361,78386
78370,78372
78370,78377
78370,78380
78370,78386
78370,78387
78372,78377
78372,78380
78372,78386
78372,78387
78372,78388
78377,78380
78377,78387
78377,78388
78380,78386
78380,78387
78380,78388
78380,78389
78386,78388
78386,78389
78386,78400
78386,78409
78387,78388
78387,78389
78387,78400
78387,78409
78387,78412
78387,92050
78388,78389
78388,78400
78388,78409
78388,78412
78389,78400
78389,78409
78389,78412
78389,78420
78389,78421
78400,78412
78400,78420
78400,78421
78400,78423
78400,86360
78409,78412
78409,78420
78409,78421
78409,78423
78409,78437
78412,78420
78412,78421
78412,78423
78412,78437
78412,78440
78420,78421
78420,78437
78420,78440
78420,78447
78421,78437
78421,78440
78421,78447
78421,78450
78423,78437
78423,78440
78423,78447
78423,78450
78423,78453
78437,78450
78437,78453
78437,78454
78440,78447
78440,78450
78440,78453
78440,78454
78440,78460
78447,78450
78447,78453
78447,78454
78447,78460
78450,78453
78450,78454
78450,78460
78450,78469
78453,78454
78453,78460
78453,78463
78453,78469
78453,78473
78454,78460
78454,78463
78454,78469
78454,78473
78454,78476
78454,88629
78460,78463
78460,78469
78460,78473
78460,78476
78460,78478
78463,78469
78463,78473
78463,78476
78463,78478
78463,78487
78469,78476
78469,78478
78469,78487
78469,78490
78469,99033
78473,78476
78473,78478
78473,78487
78473,78496
78473,88645
78476,78478
78476,78487
78476,78490
78476,78496
78476,78504
78478,78487
78478,78490
78478,78504
78478,78507
78487,78490
78487,78496
78487,78507
78487,78510
78490,78496
78490,78504
78490,78507
78490,78510
78490,78514
78496,78504
78496,78507
78496,78514
78496,78521
78504,78507
78504,78510
78504,78514
78504,78521
78504,78532
78504,94961
78507,78510
78507,78514
78507,78521
78507,78532
78507,78547
78510,78514
78510,78521
78510,78532
78510,78552
78510,90022
78514,78521
78514,78558
78521,78532
78521,78547
78521,78558
78521,78560
78532,78547
78532,78552
78532,78558
78532,78560
78532,78569
78547,78552
78547,78558
78547,78560
78547,78569
78547,78584
78552,78558
78552,78560
78552,78584
78558,78560
78558,78584
78558,78587
78558,78595
78560,78569
78560,78584
78560,78587
78560,78595
78560,78602
78569,78584
78569,78587
78569,78595
78569,78602
78569,78606
78584,78587
78584,78595
78584,78602
78584,78606
78584,92490
78587,78595
78587,78602
78587,78606
78587,78610
78587,78613
78595,78602
78595,78606
78595,78610
78595,78613
78602,78606
78602,78610
78602,78613
78602,78618
78602,78624
78606,78610
78606,78613
78606,78618
78606,78624
78606,78628
78610,78613
78610,78618
78610,78624
78610,78628
78610,78630
78613,78618
78613,78624
78613,78628
78613,78630
78613,78632
78618,78624
78618,78628
78618,78630
78618,78632
78618,78638
78624,78628
78624,78630
78624,78638
78624,78652
78628,78630
78628,78632
78628,78638
78628,78652
78628,78654
78630,78632
78630,78638
78630,78652
78630,78654
78630,78657
78632,78638
78632,78652
78632,78654
78632,78657
78632,78659
78638,78652
78638,78654
78638,78657
78638,78659
78638,78664
78652,78657
78652,78659
78652,78664
78652,78682
78652,92626
78654,78657
78654,78659
78654,78691
78654,86360
78657,78659
78657,78664
78657,78682
78657,78691
78657,78692
78659,78664
78659,78682
78659,78692
78664,78682
78664,78691
78664,78692
78664,78697
78664,78704
78682,78691
78682,78692
78682,78697
78682,78704
78682,78705
78682,83783
78691,78692
78691,78697
78691,78704
78691,78705
78691,78707
78692,78697
78692,78704
78692,78705
78692,78707
78692,78708
78697,78704
78697,78705
78697,78707
78697,78710
78704,78705
78704,78707
78704,78708
78704,78710
78704,78712
78705,78707
78705,78708
78705,78710
78705,78712
78705,78718
78707,78710
78707,78718
78707,78730
78707,99707
78708,78710
78708,78712
78708,78718
78708,78730
78708,78737
78710,78712
78710,78718
78710,78730
78710,78737
78710,78739
78712,78718
78712,78730
78712,78737
78712,78739
78712,78744
78718,78730
78718,78737
78718,78739
78718,78744
78718,78747
78730,78737
78730,78739
78730,78744
78730,78747
78730,78749
78737,78744
78737,78747
78737,78749
78737,78751
78737,85651
78737,99984
78739,78744
78739,78747
78739,78751
78739,78754
78739,79077
78744,78747
78744,78749
78744,78751
78744,78754
78744,78768
78747,78749
78747,78754
78747,78768
78747,78772
78749,78751
78749,78754
78749,78768
78749,78772
78749,78777
78751,78754
78751,78768
78751,78772
78751,78777
78751,78787
78754,78768
78754,78772
78754,78787
78754,78792
78754,81125
78768,78777
78768,78787
78768,78792
78768,78794
78768,97916
78768,89881
78772,78777
78772,78787
78772,78792
78772,78794
78772,78796
78777,78787
78777,78792
78777,78794
78777,78800
78777,94447
78787,78792
78787,78796
78787,78800
78787,78805
78792,78794
78792,78796
78792,78800
78792,78805
78792,78814
78794,78796
78794,78800
78794,78805
78794,78814
78794,78822
78796,78800
78796,78805
78796,78814
78796,78822
78796,78825
78800,78805
78800,78814
78800,78822
78800,78825
78800,78830
78805,78814
78805,78822
78805,78825
78805,78830
78805,78834
78814,78822
78814,78825
78814,78830
78814,78834
78814,78836
78814,91303
78822,78825
78822,78830
78822,78834
78822,78836
78822,78839
78825,78830
78825,78834
78825,78839
78825,78840
78830,78834
78830,78836
78830,78839
78830,78840
78830,78841
78834,78836
78834,78839
78834,78840
78834,78841
78834,78847
78836,78839
78836,78840
78836,78841
78836,78847
78839,78840
78839,78841
78839,78847
78839,78850
78839,78851
78840,78841
78840,78847
78840,78850
78840,78851
78840,78853
78841,78847
78841,78850
78841,78851
78841,78859
78847,78850
78847,78851
78847,78853
78847,78859
78847,78874
78850,78851
78850,78853
78850,78859
78850,78874
78850,78885
78851,78853
78851,78859
78851,78885
78851,78886
78851,98123
78853,78874
78853,78885
78853,78886
78853,78890
78859,78874
78859,78886
78859,78890
78859,78896
78874,78885
78874,78886
78874,78890
78874,78896
78885,78886
78885,78890
78885,78896
78885,78898
78886,78890
78886,78898
78886,78901
78886,78903
78890,78896
78890,78898
78890,78903
78890,78904
78890,82981
78896,78898
78896,78903
78896,78905
78898,78904
78898,78905
78898,78911
78898,83561
78901,78903
78901,78904
78901,78905
78901,87964
78903,78904
78903,78905
78903,78911
78903,78914
78903,78915
78904,78911
78904,78914
78904,78915
78904,82558
78904,80585
78905,78911
78905,78915
78905,78918
78905,78921
78911,78914
78911,78918
78911,78921
78911,78922
78914,78915
78914,78918
78914,78921
78914,78922
78914,78926
78915,78918
78915,78921
78915,78922
78915,78926
78915,78929
78918,78921
78918,78922
78918,78926
78918,78929
78918,78933
78921,78922
78921,78926
78921,78929
78921,78933
78922,78926
78922,78929
78922,78933
78922,78934
78922,78935
78926,78929
78926,78933
78926,78935
78926,78938
78926,81841
78929,78933
78929,78934
78929,78935
78929,78938
78929,78943
78933,78938
78933,78943
78933,78956
78933,91527
78934,78935
78934,78938
78934,78943
78934,78956
78934,78959
78935,78938
78935,78943
78935,78956
78935,78959
78935,78972
78935,98883
78938,78943
78938,78956
78938,78959
78938,78972
78943,78956
78943,78959
78943,78972
78943,78974
78943,78979
78956,78959
78956,78972
78956,78974
78956,78979
78956,78985
78959,78972
78959,78974
78959,78979
78959,78985
78959,78990
78972,78979
78972,78985
78972,78990
78972,78994
78974,78979
78974,78985
78974,78990
78974,78994
78974,79002
78979,78985
78979,78990
78979,78994
78979,79002
78979,79011
78979,92133
78985,78990
78985,78994
78985,79002
78985,79011
78990,78994
78990,79011
78990,79016
78990,79034
78994,79002
78994,79011
78994,79016
78994,79034
78994,79040
79002,79011
79002,79016
79002,79034
79002,79040
79002,79048
79011,79016
79011,79034
79011,79040
79011,79048
79011,79053
79016,79034
79016,79040
79016,79055
79034,79040
79034,79048
79034,79053
79034,79055
79034,79061
79040,79048
79040,79053
79040,79055
79040,79061
79040,79067
79048,79053
79048,79055
79048,79061
79048,79067
79048,79070
79053,79061
79053,79067
79053,79071
79055,79061
79055,79067
79055,79070
79055,79071
79055,79072
79061,79067
79061,79071
79061,79072
79061,79077
79067,79070
79067,79071
79067,79072
79067,79080
79067,82156
79070,79071
79070,79072
79070,79077
79070,79080
79070,86516
79070,86171
79070,94690
79070,95038
79071,79072
79071,79077
79071,79080
79071,79087
79072,79080
79072,79087
79072,79095
79072,79102
79072,80975
79077,79080
79077,79087
79077,79095
79077,79105
79077,81214
79080,79087
79080,79095
79080,79102
79080,79105
79080,79113
79087,79095
79087,79102
79087,79105
79087,79113
79087,79114
79095,79102
79095,79105
79095,79113
79095,79114
79095,79119
79102,79113
79102,79114
79102,79119
79102,79126
79105,79113
79105,79114
79105,79119
79105,79126
79105,79128
79105,87064
79113,79114
79113,79119
79113,79126
79113,79128
79113,79142
79114,79119
79114,79126
79114,79128
79114,79142
79114,79145
79114,96229
79119,79126
79119,79128
79119,79142
79119,79145
79119,79147
79126,79128
79126,79142
79126,79145
79126,79147
79126,79148
79128,79145
79128,79147
79128,79148
79128,79158
79142,79145
79142,79147
79142,79148
79142,79158
79142,79168
79142,90991
79145,79147
79145,79148
79145,79158
79145,79170
79147,79148
79147,79158
79147,79170
79147,79171
79148,79158
79148,79168
79148,79171
79148,79186
79148,90714
79158,79170
79158,79171
79158,79186
79158,79189
79168,79170
79168,79171
79168,79186
79168,79189
79168,79199
79170,79171
79170,79186
79170,79189
79170,79202
79171,79186
79171,79189
79171,79199
79171,79202
79171,79218
79186,79189
79186,79199
79186,79202
79186,79218
79186,79224
79189,79199
79189,79202
79189,79218
79189,79224
79189,79226
79199,79202
79199,79218
79199,79224
79199,79226
79199,92726
79202,79218
79202,79224
79202,79226
79202,79227
79202,79229
79218,79224
79218,79226
79218,79227
79218,79229
79218,79239
79224,79226
79224,79227
79224,79229
79224,79239
79224,79241
79226,79227
79226,79229
79226,79239
79227,79229
79227,79239
79227,79241
79227,79251
79229,79239
79229,79251
79229,79254
79229,79256
79229,96838
79239,79241
79239,79251
79239,79254
79239,79256
79239,79258
79241,79251
79241,79256
79241,79258
79241,79267
79241,89604
79251,79254
79251,79256
79251,79258
79251,79267
79251,79269
79254,79256
79254,79258
79254,79269
79256,79258
79256,79267
79256,79270
79256,79282
79256,94479
79258,79267
79258,79269
79258,79270
79258,79282
79258,79283
79267,79269
79267,79270
79267,79282
79267,79283
79267,79284
79269,79270
79269,79282
79269,79283
79269,79284
79269,79287
79270,79282
79270,79283
79270,79284
79270,79287
79282,79283
79282,79284
79282,79287
79282,79292
79282,79295
79283,79284
79283,79287
79283,79292
79283,79295
79283,79300
79284,79287
79284,79292
79284,79295
79284,79300
79284,79306
79287,79292
79287,79295
79287,79300
79287,79306
79287,79311
79292,79295
79292,79300
79292,79306
79292,79313
79292,94087
79295,79300
79295,79306
79295,79311
79295,79313
79295,79316
79300,79306
79300,79311
79300,79313
79300,79322
79306,79311
79306,79316
79306,79322
79306,79324
79311,79313
79311,79316
79311,79322
79311,79324
79313,79316
79313,79322
79313,79324
79313,79328
79313,79330
79316,79322
79316,79324
79316,79328
79316,79330
79316,79335
79322,79324
79322,79330
79322,79335
79324,79328
79324,79330
79324,79335
79324,79337
79324,79339
79328,79330
79328,79335
79328,79337
79328,79339
79328,79348
79330,79337
79330,79339
79330,79348
79330,79353
79335,79337
79335,79339
79335,79353
79335,79360
79337,79339
79337,79348
79337,79353
79337,79360
79337,79365
79339,79348
79339,79353
79339,79360
79339,79365
79348,79353
79348,79360
79348,79367
79348,79373
79348,99304
79353,79360
79353,79365
79353,79367
79353,79373
79353,79392
79360,79365
79360,79367
79360,79373
79360,79392
79360,79401
79360,81059
79365,79367
79365,79373
79365,79392
79365,79401
79365,79403
79367,79373
79367,79392
79367,79401
79367,79403
79367,79406
79367,85202
79373,79392
79373,79401
79373,79403
79373,79406
79373,79409
79392,79401
79392,79403
79392,79406
79392,79409
79401,79403
79401,79406
79401,79415
79401,79419
79401,96503
79403,79406
79403,79409
79403,79419
79403,79421
79406,79415
79406,79421
79406,79427
79409,79415
79409,79419
79409,79421
79409,79427
79409,79428
79415,79419
79415,79421
79415,79427
79415,79428
79415,79432
79419,79421
79419,79427
79419,79428
79419,79432
79419,79434
79421,79427
79421,79428
79421,79432
79421,79434
79421,79436
79427,79428
79427,79432
79427,79434
79427,79436
79427,79438
79428,79432
79428,79434
79428,79436
79428,79438
79428,79448
79432,79434
79432,79436
79432,79438
79432,79448
79432,79450
79434,79438
79434,79448
79434,79450
79434,79469
79434,86465
79434,87225
79436,79438
79436,79448
79436,79450
79436,79475
79436,92986
79438,79448
79438,79450
79438,79469
79438,79475
79438,79477
79448,79450
79448,79469
79448,79475
79448,79477
79448,89229
79450,79469
79450,79475
79450,79477
79450,79482
79450,79483
79469,79482
79469,79483
79469,79488
79469,83138
79475,79477
79475,79482
79475,79483
79475,79488
79475,79490
79477,79482
79477,79483
79477,79488
79477,79490
79477,79500
79482,79490
79482,79500
79482,79510
79483,79488
79483,79490
79483,79510
79483,79513
79488,79490
79488,79500
79488,79514
79490,79500
79490,79513
79490,79514
79490,79515
79500,79510
79500,79513
79500,79514
79500,79515
79500,79517
79510,79513
79510,79514
79510,79515
79510,79517
79510,79519
79513,79514
79513,79515
79513,79517
79513,79519
79513,79528
79514,79515
79514,79517
79514,79519
79514,79533
79514,88290
79515,79517
79515,79519
79515,79533
79515,79535
79517,79519
79517,79528
79517,79533
79517,79535
79517,79536
79519,79528
79519,79533
79519,79535
79519,79536
79519,79538
79528,79533
79528,79538
79528,79540
79528,90756
79533,79535
79533,79536
79533,79538
79533,79540
79533,79543
79535,79536
79535,79538
79535,79540
79535,79543
79535,79547
79535,90291
79536,79538
79536,79540
79536,79543
79536,79547
79536,79549
79538,79540
79538,79543
79538,79547
79538,79549
79538,79553
79540,79543
79540,79547
79540,79549
79540,79555
79543,79547
79543,79549
79543,79553
79543,79555
79543,79561
79547,79549
79547,79553
79547,79555
79547,79561
79547,79564
79549,79553
79549,79555
79549,79561
79549,79564
79549,79576
79553,79561
79553,79576
79553,79581
79553,88722
79553,84883
79555,79561
79555,79564
79555,79576
79555,79581
79555,79586
79561,79564
79561,79576
79561,79581
79561,79586
79561,79591
79564,79581
79564,79586
79564,79591
79564,79593
79576,79581
79576,79586
79576,79591
79576,79593
79576,79598
79581,79586
79581,79591
79581,79593
79581,79598
79581,79600
79581,91151
79586,79591
79586,79593
79586,79598
79586,79600
79586,79606
79591,79593
79591,79598
79591,79600
79591,79606
79591,79608
79593,79598
79593,79600
79593,79606
79593,79608
79593,79615
79598,79606
79598,79608
79598,79615
79598,88147
79600,79606
79600,79608
79600,79615
79600,79618
79600,79619
79600,91548
79600,91492
79606,79608
79606,79615
79606,79618
79606,79619
79606,79626
79608,79615
79608,79618
79608,79619
79608,79626
79608,79627
79615,79619
79615,79626
79615,79629
79618,79619
79618,79626
79618,79627
79618,79629
79618,79630
79619,79626
79619,79627
79619,79629
79619,79630
79619,79631
79626,79627
79626,79630
79626,79632
79626,93322
79627,79629
79627,79630
79627,79631
79627,79632
79627,79634
79629,79630
79629,79631
79629,79632
79629,79635
79630,79632
79630,79634
79631,79632
79631,79634
79631,79635
79631,79639
79631,79647
79632,79634
79632,79635
79632,79639
79632,79647
79634,79639
79634,79647
79634,79649
79634,79650
79635,79647
79635,79650
79635,79651
79639,79647
79639,79649
79639,79650
79639,79651
79639,79652
79647,79649
79647,79650
79647,79651
79647,79652
79647,79657
79649,79650
79649,79652
79649,79657
79649,79659
79650,79651
79650,79652
79650,79657
79650,79659
79650,79662
79651,79652
79651,79659
79651,79662
79651,79672
79652,79662
79652,79672
79652,79673
79652,86140
79657,79659
79657,79662
79657,79672
79657,79673
79657,79679
79659,79662
79659,79672
79659,79673
79659,79679
79659,79682
79662,79672
79662,79673
79662,79679
79662,79682
79662,79694
79672,79673
79672,79682
79672,79694
79672,79708
79673,79679
79673,79682
79673,79694
79673,79708
79673,79720
79679,79682
79679,79694
79679,79708
79679,79720
79679,96448
79682,79694
79682,79708
79682,79720
79682,79722
79682,79727
79694,79708
79694,79720
79694,79722
79694,79727
79694,79733
79708,79720
79708,79722
79708,79727
79708,79733
79708,79736
79708,84636
79720,79722
79720,79727
79720,79733
79720,79736
79720,79739
79722,79736
79722,79739
79722,79748
79722,93019
79722,82946
79727,79733
79727,79736
79727,79739
79727,79748
79727,79751
79733,79739
79733,79751
79733,79754
79733,89210
79736,79739
79736,79748
79736,79751
79736,79754
79736,79758
79736,92750
79736,86780
79739,79748
79739,79751
79739,79754
79739,79758
79748,79751
79748,79754
79748,79758
79748,79764
79748,79767
79751,79754
79751,79758
79751,79764
79751,79778
79751,88325
79754,79758
79754,79764
79754,79767
79754,79778
79754,79780
79758,79764
79758,79767
79758,79778
79758,79780
79758,79783
79764,79767
79764,79778
79764,79780
79764,79783
79764,79786
79767,79780
79767,79783
79767,79786
79767,79789
79767,97795
79778,79780
79778,79783
79778,79786
79778,79789
79778,79790
79780,79786
79780,79789
79780,79790
79780,93570
79783,79786
79783,79789
79783,79790
79783,79805
79783,93931
79786,79789
79786,79790
79786,79796
79786,79805
79786,79806
79789,79790
79789,79796
79789,79805
79789,79806
79790,79796
79790,79806
79790,79809
79790,79810
79796,79805
79796,79806
79796,79809
79805,79806
79805,79810
79805,79811
79805,79814
79806,79809
79806,79810
79806,79814
79806,79824
79806,87104
79809,79810
79809,79814
79809,79824
79809,79829
79809,96233
79810,79811
79810,79814
79810,79824
79810,79829
79810,79837
79811,79814
79811,79824
79811,79829
79811,79837
79811,79840
79814,79824
79814,79829
79814,79837
79814,79840
79814,79843
79824,79829
79824,79837
79824,79840
79824,79843
79824,79847
79829,79840
79829,79843
79829,79847
79829,79849
79837,79840
79837,79843
79837,79847
79837,79849
79837,79850
79840,79843
79840,79847
79840,79849
79840,79850
79840,79852
79843,79847
79843,79849
79843,79850
79843,79852
79843,80055
79847,79849
79847,79850
79847,79852
79847,79853
79847,79858
79849,79850
79849,79852
79849,79858
79849,79861
79849,87746
79850,79852
79850,79853
79850,79858
79850,79861
79850,85250
79852,79853
79852,79858
79852,79861
79852,79868
79852,79877
79853,79858
79853,79861
79853,79868
79853,79877
79853,79883
79858,79861
79858,79877
79858,79883
79858,79885
79858,91059
79861,79868
79861,79877
79861,79883
79861,79885
79861,79897
79868,79877
79868,79883
79868,79885
79868,79897
79868,79900
79877,79883
79877,79885
79877,79897
79877,79900
79877,79902
79883,79885
79883,79897
79883,79903
79885,79897
79885,79900
79885,79902
79885,79903
79885,79907
79897,79900
79897,79902
79897,79903
79897,79907
79897,79910
79900,79902
79900,79903
79900,79907
79900,79910
79900,79913
79900,83073
79902,79903
79902,79907
79902,79910
79902,79913
79902,79914
79903,79907
79903,79910
79903,79913
79903,79914
79903,79916
79907,79910
79907,79913
79907,79914
79907,79916
79907,79924
79910,79913
79910,79914
79910,79916
79910,79924
79910,79933
79913,79914
79913,79916
79913,79924
79913,79933
79913,79935
79914,79916
79914,79924
79914,79933
79914,79935
79914,79945
79916,79924
79916,79933
79916,79935
79916,79945
79916,79947
79924,79933
79924,79935
79924,79945
79924,79947
79924,79951
79933,79935
79933,79945
79933,79947
79933,79951
79933,79953
79935,79945
79935,79947
79935,79951
79935,79953
79935,79955
79945,79953
79945,79955
79945,79965
79947,79951
79947,79955
79947,79965
79947,79967
79951,79953
79951,79955
79951,79965
79951,79967
79951,79978
79953,79955
79953,79965
79953,79967
79953,79978
79953,79983
79955,79965
79955,79967
79955,79984
79955,94867
79965,79967
79965,79978
79965,79983
79965,79984
79965,79991
79967,79978
79967,79983
79967,79984
79967,79991
79967,79992
79978,79983
79978,79991
79978,79998
79983,79984
79983,79991
79983,79992
79983,79998
79983,79999
79984,79991
79984,79998
79984,79999
79984,80002
79991,79992
79991,79998
79991,79999
79991,80002
79991,80007
79992,79998
79992,79999
79992,80002
79992,80007
79992,80032
79998,79999
79998,80002
79998,80007
79998,80032
79998,80033
79999,80002
79999,80007
79999,80032
79999,80033
79999,80041
80002,80007
80002,80032
80002,80033
80002,80041
80002,80043
80007,80032
80007,80033
80007,80041
80007,80043
80007,80044
80032,80033
80032,80041
80032,80043
80032,80046
80033,80041
80033,80043
80033,80044
80033,80049
80041,80043
80041,80044
80041,80046
80041,80049
80041,80051
80041,87058
80043,80044
80043,80046
80043,80049
80043,80051
80043,80055
80043,90086
80044,80046
80044,80049
80044,80051
80044,80055
80044,80057
80044,93613
80046,80049
80046,80051
80046,80055
80046,80057
80049,80051
80049,80057
80049,80059
80049,80062
80051,80055
80051,80057
80051,80059
80051,80065
80051,80887
80055,80057
80055,80059
80055,80065
80055,80071
80055,81927
80057,80059
80057,80062
80057,80065
80057,80071
80057,80075
80057,88748
80059,80062
80059,80065
80059,80071
80059,80075
80059,80076
80062,80065
80062,80071
80062,80075
80062,80076
80062,80077
80062,87805
80065,80071
80065,80075
80065,80076
80065,80077
80065,80078
80071,80075
80071,80076
80071,80077
80071,80078
80071,80083
80075,80076
80075,80077
80075,80078
80075,80083
80075,80089
80076,80077
80076,80083
80076,80089
80076,80095
80076,84079
80077,80078
80077,80083
80077,80095
80078,80083
80078,80089
80078,80095
80078,80103
80078,80105
80078,95213
80083,80089
80083,80103
80083,80105
80083,80107
80089,80095
80089,80103
80089,80105
80089,80107
80089,80109
80095,80103
80095,80105
80095,80109
80095,80112
80103,80105
80103,80107
80103,80109
80103,80112
80103,80117
80105,80107
80105,80109
80105,80112
80105,80117
80105,80125
80107,80109
80107,80112
80107,80117
80107,80125
80109,80112
80109,80117
80109,80125
80109,80130
80109,80131
80112,80117
80112,80125
80112,80130
80112,80131
80112,80137
80117,80125
80117,80131
80117,80137
80117,80140
80117,98576
80125,80130
80125,80131
80125,80137
80125,80140
80125,80149
80130,80131
80130,80137
80130,80140
80130,80149
80130,80151
80130,98534
80131,80137
80131,80140
80131,80149
80131,80151
80131,80152
80137,80140
80137,80149
80137,80151
80137,80152
80137,80157
80140,80149
80140,80151
80140,80157
80140,94447
80149,80151
80149,80152
80149,80157
80149,80161
80149,80167
80151,80152
80151,80161
80151,80167
80151,80174
80151,89859
80152,80157
80152,80161
80152,80167
80152,80174
80152,80175
80157,80161
80157,80167
80157,80174
80157,80175
80157,80177
80161,80167
80161,80175
80161,80177
80161,80178
80167,80174
80167,80175
80167,80177
80167,91177
80167,94770
80174,80175
80174,80177
80174,80179
80174,80180
80175,80177
80175,80178
80175,80179
80175,80186
80175,93069
80177,80178
80177,80179
80177,80186
80177,80188
80177,82610
80178,80179
80178,80180
80178,80186
80178,80188
80178,80195
80179,80180
80179,80188
80179,80195
80179,80198
80179,84131
80180,80186
80180,80188
80180,80195
80180,80198
80180,80202
80180,91408
80186,80188
80186,80195
80186,80198
80186,80202
80186,80206
80188,80195
80188,80198
80188,80206
80188,80207
80195,80198
80195,80202
80195,80206
80195,80207
80195,80208
80198,80202
80198,80206
80198,80207
80198,80208
80198,80211
80202,80206
80202,80208
80202,80211
80202,80213
80202,99874
80206,80207
80206,80208
80206,80211
80206,80213
80206,80215
80207,80208
80207,80211
80207,80213
80207,80218
80207,81939
80208,80211
80208,80213
80208,80218
80208,80220
80208,87659
80211,80213
80211,80215
80211,80218
80211,80220
80211,80226
80213,80215
80213,80218
80213,80220
80213,80226
80213,80230
80215,80218
80215,80220
80215,80226
80215,80230
80215,80236
80218,80220
80218,80226
80218,80236
80218,80241
80220,80226
80220,80230
80220,80236
80220,80252
80226,80230
80226,80236
80226,80241
80226,80252
80226,80253
80226,92760
80230,80236
80230,80241
80230,80252
80230,80253
80230,80254
80236,80241
80236,80253
80236,80259
80241,80253
80241,80254
80241,80259
80241,80260
80252,80253
80252,80254
80252,80259
80252,80260
80252,80261
80253,80254
80253,80259
80253,80260
80253,80261
80253,80276
80254,80259
80254,80260
80254,80261
80254,80276
80254,80277
80259,80260
80259,80276
80259,80277
80259,87064
80260,80261
80260,80276
80260,80277
80260,80278
80260,80280
80261,80276
80261,80277
80261,80278
80261,80280
80276,80277
80276,80278
80276,80280
80276,80282
80277,80278
80277,80280
80277,80282
80277,80289
80278,80280
80278,80282
80278,80284
80278,80302
80280,80282
80280,80284
80280,80289
80280,80303
80282,80284
80282,80289
80282,80303
80282,80308
80284,80289
80284,80302
80284,80303
80284,80308
80284,80315
80284,82688
80289,80302
80289,80303
80289,80308
80289,80315
80302,80303
80302,80308
80302,80315
80302,80329
80302,80330
80303,80308
80303,80315
80303,80329
80303,80330
80303,80339
80308,80315
80308,80329
80308,80339
80308,80341
80315,80329
80315,80330
80315,80339
80315,80341
80315,80347
80329,80330
80329,80339
80329,80341
80329,80347
80330,80339
80330,80341
80330,80347
80330,80349
80330,80350
80330,87663
80339,80341
80339,80347
80339,80349
80339,80350
80339,80356
80341,80347
80341,80349
80341,80350
80341,80356
80341,80358
80347,80349
80347,80356
80347,80362
80347,88391
80347,98292
80349,80350
80349,80356
80349,80358
80349,80364
80349,98810
80349,88169
80350,80356
80350,80358
80350,80364
80350,80367
80356,80358
80356,80362
80356,80364
80356,80367
80358,80362
80358,80364
80358,80367
80358,80369
80358,80372
80362,80364
80362,80367
80362,80369
80362,80372
80362,80383
80364,80367
80364,80369
80364,80372
80364,80383
80364,80385
80367,80369
80367,80372
80367,80383
80367,80385
80367,80397
80367,98446
80369,80372
80369,80383
80369,80385
80369,80397
80369,80403
80372,80383
80372,80385
80372,80397
80372,80403
80372,80410
80383,80385
80383,80397
80383,80403
80383,80410
80383,80411
80385,80403
80385,80410
80385,80411
80385,80418
80397,80403
80397,80410
80397,80411
80397,80418
80397,80422
80403,80410
80403,80411
80403,80418
80403,80422
80403,80426
80410,80411
80410,80418
80410,80422
80410,80426
80410,80428
80411,80418
80411,80422
80411,80428
80411,80429
80418,80422
80418,80426
80418,80428
80418,80429
80418,80437
80422,80426
80422,80428
80422,80429
80422,80437
80422,80443
80426,80428
80426,80429
80426,80437
80426,80443
80426,80447
80428,80429
80428,80437
80428,80443
80428,80447
80428,80465
80429,80447
80429,80466
80429,86780
80437,80443
80437,80447
80437,80465
80437,80466
80437,80471
80437,99329
80443,80447
80443,80465
80443,80466
80443,80471
80443,80479
80447,80465
80447,80466
80447,80471
80447,80479
80447,80481
80447,91913
80465,80466
80465,80471
80465,80481
80465,80482
80465,92516
80466,80471
80466,80479
80466,80481
80466,80482
80466,80503
80471,80479
80471,80481
80471,80503
80471,80504
80479,80481
80479,80503
80479,80505
80479,84131
80481,80482
80481,80503
80481,80504
80481,80505
80481,85605
80481,95552
80482,80503
80482,80504
80482,80505
80482,80511
80503,80504
80503,80505
80503,80511
80503,80514
80504,80505
80504,80507
80504,80511
80504,80514
80504,80517
80504,83959
80504,99997
80505,80507
80505,80511
80505,80514
80505,80517
80505,80518
80507,80511
80507,80514
80507,80517
80507,80518
80507,80529
80511,80514
80511,80517
80511,80518
80511,80529
80511,80531
80514,80518
80514,80529
80514,80531
80514,80534
80514,90195
80517,80531
80517,80534
80517,80538
80518,80529
80518,80531
80518,80534
80518,80538
80518,80540
80518,95562
80529,80531
80529,80534
80529,80538
80529,80540
80529,86370
80531,80534
80531,80538
80531,80540
80531,80544
80534,80538
80534,80540
80534,80544
80534,80548
80534,96619
80538,80540
80538,80544
80538,80548
80538,80556
80538,80559
80538,90241
80540,80544
80540,80548
80540,80556
80540,80559
80540,80561
80544,80548
80544,80556
80544,80559
80544,80567
80548,80556
80548,80559
80548,80561
80548,80567
80548,80568
80556,80559
80556,80561
80556,80567
80556,80568
80556,86209
80559,80561
80559,80567
80559,80568
80559,81020
80561,80567
80561,80568
80561,80571
80561,80573
80561,80574
80567,80568
80567,80571
80567,80574
80567,80576
80568,80571
80568,80573
80568,80574
80568,84754
80568,89863
80571,80573
80571,80574
80571,80577
80571,80584
80573,80574
80573,80576
80573,80577
80573,80584
80573,80585
80574,80576
80574,80577
80574,80584
80574,80585
80574,80587
80576,80577
80576,80584
80576,80585
80576,80587
80576,80590
80577,80584
80577,80585
80577,80587
80577,80590
80577,80594
80584,80585
80584,80587
80584,80590
80584,80594
80584,80597
80585,80587
80585,80590
80585,80594
80585,80597
80585,80598
80587,80590
80587,80594
80587,80597
80587,80599
80590,80594
80590,80597
80590,80598
80590,80599
80590,80600
80594,80597
80594,80598
80594,80599
80594,80600
80594,95136
80597,80598
80597,80599
80597,80600
80597,80604
80597,80614
80598,80599
80598,80600
80598,80604
80598,80614
80598,80616
80598,97811
80599,80600
80599,80604
80599,80614
80599,80616
80599,80620
80600,80604
80600,80614
80600,80616
80600,80620
80600,80625
80604,80614
80604,80616
80604,80620
80604,80625
80614,80616
80614,80620
80614,80625
80614,80626
80614,80635
80616,80620
80616,80625
80616,80626
80616,80635
80616,80637
80616,82157
80620,80626
80620,80635
80620,80637
80620,80640
80625,80635
80625,80637
80625,80640
80625,80645
80625,85390
80626,80635
80626,80637
80626,80640
80626,80645
80626,80649
80635,80637
80635,80640
80635,80645
80635,80649
80635,80666
80637,80640
80637,80645
80637,80649
80637,80666
80637,80667
80640,80645
80640,80649
80640,80666
80640,80667
80640,80672
80645,80649
80645,80667
80645,80672
80645,80673
80649,80666
80649,80672
80649,80684
80649,90428
80666,80667
80666,80672
80666,80673
80666,80684
80666,80691
80667,80672
80667,80673
80667,80684
80667,80691
80667,80695
80672,80673
80672,80684
80672,80691
80672,80695
80672,80698
80673,80684
80673,80691
80673,80695
80673,80698
80673,80707
80684,80691
80684,80698
80684,80707
80684,80713
80691,80695
80691,80698
80691,80707
80691,80713
80691,80721
80695,80698
80695,80707
80695,80713
80695,80721
80695,80728
80698,80707
80698,80713
80698,80721
80698,80728
80698,80730
80707,80713
80707,80721
80707,80728
80707,80730
80707,80733
80713,80721
80713,80728
80713,80730
80713,80733
80713,80739
80721,80728
80721,80730
80721,80739
80721,80740
80728,80730
80728,80733
80728,80740
80728,80746
80728,99093
80730,80739
80730,80740
80730,80746
80730,80748
80733,80739
80733,80740
80733,80746
80733,80748
80733,80758
80739,80740
80739,80746
80739,80748
80739,80759
80739,86779
80740,80746
80740,80748
80740,80758
80740,80759
80746,80748
80746,80758
80746,80759
80746,80766
80746,80769
80746,84952
80748,80758
80748,80759
80748,80766
80748,80769
80748,92484
80748,98343
80758,80759
80758,80769
80758,80779
80758,80780
80759,80766
80759,80769
80759,80779
80759,80780
80759,80783
80759,97881
80766,80769
80766,80779
80766,80780
80766,80783
80766,80786
80769,80780
80769,80783
80769,80791
80769,95026
80779,80783
80779,80786
80779,80791
80779,80793
80780,80783
80780,80786
80780,80791
80780,80793
80780,80802
80783,80786
80783,80791
80783,80793
80783,80802
80783,80811
80783,90043
80786,80791
80786,80793
80786,80802
80786,80811
80786,80817
80791,80802
80791,80811
80791,80817
80791,80832
80793,80802
80793,80811
80793,80817
80793,80832
80802,80811
80802,80817
80802,80832
80802,80848
80802,80860
80811,80817
80811,80832
80811,80848
80811,80860
80811,80866
80817,80848
80817,80860
80817,80866
80817,80869
80832,80848
80832,80860
80832,80871
80832,88690
80848,80860
80848,80866
80848,80869
80848,80871
80848,80872
80860,80866
80860,80869
80860,80871
80860,80872
80866,80869
80866,80872
80866,80876
80866,80881
80869,80871
80869,80872
80869,80881
80869,80887
80871,80872
80871,80876
80871,80881
80871,80887
80872,80876
80872,80881
80872,80887
80872,80891
80872,80894
80876,80881
80876,80887
80876,80894
80876,80898
80881,80887
80881,80891
80881,80898
80881,80900
80881,94381
80887,80891
80887,80894
80887,80898
80887,80904
80891,80894
80891,80898
80891,80900
80891,80904
80891,80905
80894,80898
80894,80904
80894,80905
80894,80912
80898,80900
80898,80904
80898,80905
80898,80912
80898,80914
80900,80904
80900,80905
80900,80914
80900,80916
80904,80905
80904,80912
80904,80914
80904,80916
80904,80917
80905,80912
80905,80914
80905,80916
80905,80917
80912,80914
80912,80916
80912,80917
80912,80918
80912,80924
80914,80916
80914,80917
80914,80918
80914,80924
80914,80925
80916,80917
80916,80918
80916,80924
80916,80925
80916,80937
80917,80918
80917,80925
80917,80937
80917,80938
80917,99355
80918,80924
80918,80925
80918,80937
80924,80925
80924,80937
80924,80938
80924,80945
80924,80946
80925,80937
80925,80938
80925,80945
80925,80946
80925,80947
80937,80938
80937,80945
80937,80946
80937,80947
80937,80948
80938,80945
80938,80946
80938,80947
80938,80948
80938,80949
80945,80946
80945,80947
80945,80949
80945,80956
80946,80947
80946,80948
80946,80949
80946,80956
80946,80957
80947,80948
80947,80949
80947,80956
80947,80957
80947,80961
80948,80949
80948,80956
80948,80957
80948,80961
80948,80969
80948,95087
80949,80956
80949,80957
80949,80961
80949,80969
80949,80973
80956,80957
80956,80961
80956,80969
80956,80973
80956,80975
80957,80961
80957,80973
80957,80975
80957,80977
80961,80969
80961,80973
80961,80975
80961,80977
80961,80978
80969,80975
80969,80978
80969,80979
80973,80975
80973,80977
80973,80978
80973,80985
80975,80977
80975,80978
80975,80979
80975,80985
80975,80987
80977,80978
80977,80979
80977,80985
80977,80987
80978,80979
80978,80987
80978,80988
80978,83309
80979,80985
80979,80987
80979,80988
80979,80989
80979,80991
80985,80987
80985,80988
80985,80989
80985,80991
80985,80997
80987,80988
80987,80989
80987,80991
80987,80997
80987,81001
80988,80989
80988,80991
80988,80997
80988,81001
80988,81006
80989,80991
80989,80997
80989,81001
80989,81006
80989,81012
80991,80997
80991,81001
80991,81006
80991,81012
80991,81013
80997,81001
80997,81006
80997,81012
80997,81013
80997,81015
81001,81006
81001,81012
81001,81013
81001,81015
81001,81016
81006,81012
81006,81013
81006,81015
81006,81016
81012,81013
81012,81015
81012,81018
81012,81020
81013,81015
81013,81016
81013,81018
81013,81020
81013,81021
81015,81018
81015,81020
81015,81021
81015,81024
81015,81334
81016,81018
81016,81020
81016,81021
81016,81024
81016,81029
81018,81020
81018,81021
81018,81024
81018,81030
81020,81021
81020,81024
81020,81030
81020,81031
81021,81024
81021,81030
81021,81031
81021,81037
81024,81029
81024,81031
81024,81037
81024,81040
81029,81031
81029,81037
81029,81040
81029,81041
81030,81031
81030,81037
81030,81041
81030,81047
81031,81037
81031,81040
81031,81041
81031,81047
81037,81040
81037,81041
81037,81047
81037,81059
81037,93883
81040,81041
81040,81047
81040,81058
81040,81059
81040,92049
81040,92129
81041,81047
81041,81058
81041,81059
81041,81071
81041,81073
81047,81058
81047,81059
81047,81071
81047,81073
81047,81082
81058,81059
81058,81071
81058,81073
81058,81082
81058,81085
81059,81071
81059,81073
81059,81085
81059,81102
81071,81073
81071,81082
81071,81085
81071,81102
81073,81082
81073,81085
81073,81102
81073,81104
81073,81107
81082,81085
81082,81102
81082,81104
81082,81107
81082,81112
81085,81102
81085,81104
81085,81107
81085,81112
81085,81113
81102,81104
81102,81107
81102,81112
81102,81113
81102,81114
81104,81107
81104,81112
81104,81113
81104,81114
81104,81115
81104,95424
81107,81112
81107,81113
81107,81115
81107,81117
81112,81114
81112,81115
81112,81117
81112,81125
81113,81114
81113,81115
81113,81117
81113,81125
81113,81132
81113,95590
81114,81115
81114,81117
81114,81125
81114,81132
81114,81135
81115,81117
81115,81125
81115,81132
81115,81135
81115,81139
81115,82656
81117,81125
81117,81132
81117,81139
81117,81144
81117,98321
81125,81132
81125,81139
81125,81144
81125,81146
81132,81135
81132,81139
81132,81146
81132,81147
81132,85898
81135,81144
81135,81146
81135,81147
81135,81148
81139,81144
81139,81146
81139,81147
81139,81166
81139,96024
81144,81146
81144,81147
81144,81148
81144,81166
81144,81168
81146,81147
81146,81148
81146,81166
81146,81168
81146,81169
81147,81148
81147,81166
81147,81168
81147,81169
81147,81170
81148,81166
81148,81168
81148,81169
81148,81171
81148,85294
81166,81168
81166,81169
81166,81170
81166,81171
81166,81176
81168,81169
81168,81170
81168,81171
81168,81176
81169,81170
81169,81171
81169,81176
81169,81178
81169,81179
81170,81176
81170,81179
81170,81181
81171,81176
81171,81178
81171,81179
81171,81181
81171,81182
81176,81178
81176,81179
81176,81181
81176,81182
81176,84623
81178,81179
81178,81181
81178,81182
81178,81183
81178,81194
81178,83487
81179,81181
81179,81182
81179,81183
81179,81194
81179,81203
81181,81182
81181,81183
81181,81194
81181,81203
81181,81208
81182,81183
81182,81194
81182,81203
81182,81208
81182,81212
81183,81194
81183,81208
81183,81212
81183,81213
81194,81203
81194,81212
81194,81213
81194,81214
81203,81208
81203,81212
81203,81213
81203,81214
81203,81220
81208,81212
81208,81214
81208,81220
81208,81223
81212,81213
81212,81214
81212,81220
81212,81223
81212,81224
81213,81214
81213,81220
81213,81223
81213,81224
81213,81244
81213,90171
81214,81220
81214,81223
81214,81224
81214,81244
81220,81223
81220,81224
81220,81244
81220,81247
81220,81252
81223,81224
81223,81244
81223,81247
81223,81252
81223,81253
81224,81247
81224,81252
81224,81253
81224,81262
81244,81247
81244,81252
81244,81253
81244,81262
81244,81263
81247,81252
81247,81253
81247,81262
81247,81263
81247,81266
81252,81262
81252,81263
81252,81266
81252,81278
81253,81262
81253,81263
81253,81278
81253,81282
81253,95529
81262,81263
81262,81266
81262,81278
81262,81282
81262,81307
81263,81266
81263,81278
81263,81282
81263,81307
81263,81312
81266,81278
81266,81282
81266,81307
81266,81312
81278,81282
81278,81307
81278,81312
81278,81316
81278,81318
81282,81307
81282,81312
81282,81316
81282,81318
81282,94851
81307,81312
81307,81316
81307,81318
81307,81320
81307,81321
81312,81320
81312,81321
81312,81323
81312,82485
81316,81318
81316,81320
81316,81321
81316,81334
81318,81320
81318,81321
81318,81323
81318,81334
81318,81342
81320,81321
81320,81323
81320,81334
81320,81342
81320,81344
81321,81323
81321,81334
81321,81346
81323,81334
81323,81342
81323,81344
81323,81347
81323,90412
81334,81344
81334,81346
81334,81347
81334,81353
81342,81344
81342,81346
81342,81347
81342,81353
81342,81354
81344,81346
81344,81347
81344,81353
81344,81354
81344,81355
81346,81347
81346,81355
81346,81379
81346,94900
81347,81353
81347,81354
81347,81385
81347,81455
81347,94145
81353,81354
81353,81385
81353,81386
81353,93798
81354,81355
81354,81379
81354,81385
81354,81386
81354,81390
81355,81379
81355,81385
81355,81386
81355,81390
81355,81403
81379,81385
81379,81386
81379,81390
81379,81403
81379,81408
81385,81386
81385,81390
81385,81403
81385,81408
81385,81415
81386,81390
81386,81403
81386,81408
81386,81415
81386,81419
81390,81403
81390,81408
81390,81419
81390,81420
81390,83232
81403,81408
81403,81415
81403,81419
81403,81420
81403,81429
81408,81415
81408,81419
81408,81420
81408,81429
81408,81431
81415,81420
81415,81429
81415,81431
81415,81433
81419,81420
81419,81429
81419,81431
81419,81433
81419,81434
81420,81429
81420,81433
81420,81434
81420,81435
81429,81431
81429,81433
81429,81435
81431,81433
81431,81435
81431,81439
81431,81442
81433,81434
81433,81435
81433,81439
81433,81442
81433,81447
81434,81435
81434,81439
81434,81442
81434,81447
81434,81454
81435,81439
81435,81442
81435,81447
81435,81455
81439,81442
81439,81447
81439,81454
81439,81455
81442,81447
81442,81454
81442,81458
81442,81461
81447,81454
81447,81458
81447,81465
81447,83142
81454,81461
81454,81465
81454,81468
81455,81458
81455,81465
81455,81468
81455,81471
81458,81461
81458,81465
81458,81468
81458,81471
81458,81477
81461,81465
81461,81468
81461,81471
81461,81477
81465,81468
81465,81471
81465,81477
81465,81496
81465,81498
81468,81471
81468,81477
81468,81496
81468,81498
81468,81503
81471,81477
81471,81496
81471,81498
81471,81503
81471,81519
81477,81496
81477,81498
81477,81503
81477,81519
81477,81523
81496,81498
81496,81503
81496,81519
81496,81523
81496,81524
81498,81503
81498,81519
81498,81523
81498,81524
81498,81528
81498,87251
81503,81519
81503,81523
81503,81524
81503,81528
81503,81530
81519,81524
81519,81528
81519,81530
81519,81535
81523,81524
81523,81528
81523,81530
81523,81535
81523,93030
81524,81528
81524,81530
81524,81538
81524,81546
81528,81530
81528,81535
81528,81538
81528,81546
81528,81550
81530,81535
81530,81538
81530,81550
81530,81551
81535,81538
81535,81546
81535,81550
81535,81551
81535,81557
81538,81546
81538,81550
81538,81551
81538,81557
81538,81558
81546,81550
81546,81551
81546,81557
81546,81558
81546,81559
81550,81551
81550,81557
81550,81558
81550,81559
81551,81557
81551,81558
81551,81562
81551,81563
81551,94658
81557,81558
81557,81559
81557,81562
81557,81563
81557,81565
81558,81559
81558,81562
81558,81563
81558,81565
81558,81568
81559,81562
81559,81563
81559,81568
81559,81570
81562,81563
81562,81565
81562,81568
81562,81570
81562,81573
81563,81565
81563,81568
81563,81570
81563,81573
81563,81580
81565,81568
81565,81570
81565,81573
81565,81580
81565,81582
81568,81570
81568,81573
81568,81582
81568,81591
81568,90603
81570,81573
81570,81591
81570,81596
81570,86265
81573,81580
81573,81582
81573,81591
81573,81596
81573,81607
81580,81582
81580,81596
81580,81607
81580,81611
81582,81591
81582,81596
81582,81607
81582,81611
81582,81612
81591,81607
81591,81611
81591,81612
81591,81617
81596,81607
81596,81611
81596,81612
81596,81617
81596,81621
81596,98932
81607,81611
81607,81612
81607,81617
81607,81626
81611,81612
81611,81617
81611,81621
81611,81626
81611,81627
81612,81617
81612,81621
81612,81626
81612,81627
81612,81629
81617,81621
81617,81626
81617,81627
81617,81629
81617,81637
81621,81626
81621,81627
81621,81629
81621,81637
81621,81640
81626,81627
81626,81629
81626,81637
81626,81640
81626,81642
81627,81629
81627,81637
81627,81640
81627,81642
81627,81645
81629,81637
81629,81640
81629,81642
81629,81645
81629,81651
81637,81640
81637,81642
81637,81645
81637,81651
81637,81654
81640,81642
81640,81645
81640,81651
81640,81654
81640,81655
81642,81645
81642,81651
81642,81654
81642,81655
81642,81668
81645,81651
81645,81654
81645,81655
81645,81668
81645,81675
81651,81654
81651,81655
81651,81668
81651,81675
81651,81676
81654,81655
81654,81668
81654,81675
81654,81677
81655,81668
81655,81675
81655,81676
81655,81677
81655,81678
81668,81676
81668,81677
81668,81680
81668,87000
81675,81677
81675,81678
81675,81680
81675,81687
81675,87852
81676,81678
81676,81680
81676,81687
81676,81695
81677,81678
81677,81680
81677,81687
81677,81695
81677,81696
81678,81680
81678,81687
81678,81695
81678,81696
81678,81699
81680,81687
81680,81695
81680,81696
81680,81699
81687,81695
81687,81696
81687,81699
81687,81701
81687,81703
81695,81696
81695,81699
81695,81701
81695,81703
81695,81706
81696,81699
81696,81701
81696,81703
81696,81706
81696,81710
81699,81701
81699,81703
81699,81706
81699,81710
81701,81703
81701,81706
81701,81710
81701,81718
81703,81706
81703,81710
81703,81718
81703,81720
81706,81710
81706,81715
81706,81720
81706,81721
81710,81715
81710,81718
81710,81720
81710,81721
81710,81729
81715,81718
81715,81720
81715,81721
81715,81729
81715,81733
81718,81720
81718,81721
81718,81729
81718,81733
81718,81736
81720,81721
81720,81729
81720,81733
81720,81736
81720,81746
81721,81729
81721,81733
81721,81754
81721,95711
81729,81733
81729,81746
81729,81754
81729,81757
81733,81746
81733,81754
81733,81757
81733,81770
81736,81746
81736,81754
81736,81757
81736,81771
81746,81754
81746,81757
81746,81770
81746,81771
81746,81777
81754,81757
81754,81770
81754,81771
81754,81777
81754,81780
81754,94565
81757,81770
81757,81771
81757,81777
81757,81780
81757,81782
81770,81771
81770,81777
81770,81782
81770,81796
81770,88722
81771,81777
81771,81780
81771,81782
81771,81796
81771,81800
81777,81780
81777,81782
81777,81796
81777,81800
81777,81801
81777,83317
81780,81782
81780,81796
81780,81800
81780,81801
81780,81804
81782,81796
81782,81800
81782,81801
81782,81804
81782,81807
81796,81800
81796,81801
81796,81804
81796,81807
81796,81809
81800,81801
81800,81804
81800,81807
81800,81809
81800,81810
81801,81804
81801,81807
81801,81809
81801,81810
81801,81811
81804,81807
81804,81809
81804,81810
81804,81811
81804,81813
81807,81809
81807,81810
81807,81811
81807,81813
81807,81815
81809,81810
81809,81811
81809,81813
81809,81815
81809,81820
81810,81811
81810,81813
81810,81815
81810,81820
81810,81823
81811,81813
81811,81815
81811,81820
81811,81823
81811,81827
81811,87577
81813,81815
81813,81820
81813,81823
81813,81827
81813,94189
81815,81820
81815,81823
81815,81827
81815,81834
81815,81841
81820,81823
81820,81827
81820,81834
81820,81841
81820,89630
81823,81827
81823,81834
81823,81841
81823,81842
81823,81849
81827,81834
81827,81841
81827,81842
81827,81849
81827,81850
81834,81841
81834,81842
81834,81849
81834,81850
81834,81855
81841,81842
81841,81849
81841,81850
81841,81855
81841,81859
81842,81850
81842,81855
81842,81859
81842,81863
81842,90241
81849,81850
81849,81855
81849,81859
81849,81863
81849,81864
81850,81855
81850,81864
81850,81865
81850,95255
81855,81859
81855,81863
81855,81864
81855,81865
81855,81866
81859,81863
81859,81864
81859,81865
81859,81866
81859,81880
81863,81864
81863,81865
81863,81880
81863,81882
81863,88392
81864,81865
81864,81866
81864,81880
81864,81882
81864,81883
81865,81866
81865,81880
81865,81882
81865,81884
81866,81880
81866,81882
81866,81884
81866,81893
81880,81882
81880,81883
81880,81884
81880,81893
81880,81895
81882,81883
81882,81884
81882,81893
81882,81895
81882,81898
81883,81884
81883,81893
81883,81898
81883,81899
81883,90497
81884,81893
81884,81898
81884,81899
81884,96443
81893,81895
81893,81898
81893,81899
81893,81902
81893,81904
81895,81898
81895,81899
81895,81902
81895,81904
81898,81899
81898,81902
81898,81906
81898,81913
81898,89300
81899,81902
81899,81904
81899,81906
81899,81913
81899,81916
81902,81904
81902,81913
81902,81916
81902,81919
81904,81906
81904,81913
81904,81916
81904,81919
81904,81923
81906,81913
81906,81916
81906,81919
81906,81923
81906,81927
81913,81916
81913,81919
81913,81923
81913,81927
81913,81928
81916,81919
81916,81923
81916,81927
81916,81928
81916,81929
81919,81923
81919,81927
81919,81928
81919,81929
81919,81933
81923,81927
81923,81928
81923,81929
81923,81933
81923,81934
81927,81929
81927,81933
81927,81934
81927,81935
81928,81933
81928,81934
81928,81935
81928,81937
81929,81933
81929,81934
81929,81935
81929,81937
81929,81939
81933,81934
81933,81937
81933,81939
81933,81942
81934,81935
81934,81937
81934,81942
81934,81949
81934,86917
81935,81937
81935,81939
81935,81942
81935,81949
81935,81952
81937,81942
81937,81949
81937,81961
81937,87957
81939,81942
81939,81949
81939,81952
81939,81961
81939,81962
81942,81949
81942,81952
81942,81962
81942,81963
81949,81952
81949,81961
81949,81962
81949,81963
81949,81966
81952,81961
81952,81962
81952,81963
81952,81966
81952,81971
81961,81962
81961,81963
81961,81966
81961,81971
81961,81972
81962,81963
81962,81966
81962,81972
81962,81973
81963,81966
81963,81971
81963,81972
81963,81973
81963,81977
81966,81972
81966,81973
81966,81977
81966,81978
81971,81972
81971,81973
81971,81977
81971,81978
81971,81985
81972,81973
81972,81977
81972,81978
81972,81985
81972,82001
81973,81977
81973,81978
81973,81985
81973,82001
81973,82002
81977,81978
81977,81985
81977,82001
81977,82002
81977,82009
81978,82001
81978,82002
81978,82009
81978,82020
81978,91490
81985,82001
81985,82002
81985,82009
81985,82020
81985,88368
82001,82002
82001,82020
82001,82021
82001,82032
82002,82009
82002,82020
82002,82021
82002,82032
82002,82034
82009,82021
82009,82032
82009,82034
82009,82036
82020,82021
82020,82032
82020,82034
82020,82036
82020,82040
82020,85998
82021,82032
82021,82034
82021,82036
82021,82040
82021,82044
82032,82034
82032,82036
82032,82040
82032,82044
82032,82062
82034,82036
82034,82040
82034,82044
82034,82062
82034,82063
82036,82040
82036,82044
82036,82062
82036,82063
82036,82067
82040,82044
82040,82063
82040,82067
82040,82074
82044,82062
82044,82063
82044,82067
82044,82074
82044,82080
82062,82063
82062,82067
82062,82074
82062,82080
82062,82089
82062,87804
82063,82067
82063,82074
82063,82080
82063,82089
82063,82090
82067,82080
82067,82089
82067,82090
82067,82091
82074,82080
82074,82089
82074,82090
82074,82091
82074,82096
82080,82089
82080,82090
82080,82091
82080,82096
82080,82111
82089,82090
82089,82091
82089,82096
82089,82111
82089,82114
82090,82091
82090,82096
82090,82114
82090,82115
82091,82096
82091,82111
82091,82114
82091,82115
82091,82118
82096,82111
82096,82114
82096,82115
82096,82118
82111,82114
82111,82115
82111,82118
82111,82120
82111,82122
82114,82115
82114,82118
82114,82120
82114,82123
82115,82118
82115,82120
82115,82122
82115,82123
82115,82130
82115,92448
82118,82120
82118,82122
82118,82123
82118,82130
82118,82132
82120,82122
82120,82123
82120,82130
82120,82137
82122,82123
82122,82130
82122,82132
82122,82137
82122,82141
82123,82130
82123,82132
82123,82137
82123,82141
82123,82143
82130,82132
82130,82137
82130,82141
82130,82143
82130,82146
82132,82141
82132,82143
82132,82146
82132,82148
82137,82141
82137,82143
82137,82146
82137,82148
82137,82149
82141,82143
82141,82146
82141,82148
82141,82149
82141,82151
82143,82146
82143,82148
82143,82149
82143,82151
82146,82148
82146,82149
82146,82152
82146,82153
82148,82149
82148,82151
82148,82152
82148,82153
82148,82156
82149,82151
82149,82152
82149,82153
82149,82156
82149,82157
82151,82152
82151,82153
82151,82156
82151,82157
82151,82163
82152,82153
82152,82156
82152,82157
82152,82163
82152,82166
82153,82156
82153,82157
82153,82163
82153,82166
82153,82167
82156,82157
82156,82163
82156,82166
82156,82167
82157,82166
82157,82167
82157,82168
82157,82170
82163,82166
82163,82167
82163,82168
82163,82170
82163,82173
82163,86317
82166,82167
82166,82168
82166,82170
82166,82173
82166,82177
82167,82168
82167,82170
82167,82173
82167,82177
82168,82170
82168,82173
82168,82182
82168,82183
82168,98082
82168,96314
82170,82177
82170,82182
82170,82184
82170,97822
82173,82177
82173,82183
82173,82190
82177,82182
82177,82183
82177,82184
82177,82190
82177,82193
82182,82183
82182,82184
82182,82190
82182,82193
82182,82194
82183,82184
82183,82190
82183,82193
82183,82194
82183,82199
82183,85579
82184,82190
82184,82193
82184,82194
82184,82201
82190,82193
82190,82194
82190,82199
82190,82201
82190,82202
82193,82194
82193,82199
82193,82201
82193,82202
82194,82199
82194,82201
82194,82202
82194,82203
82199,82201
82199,82202
82199,82203
82199,82205
82199,82213
82201,82202
82201,82203
82201,82205
82201,82213
82201,82226
82202,82203
82202,82205
82202,82213
82202,82226
82202,82228
82203,82205
82203,82213
82203,82226
82203,82228
82203,82229
82205,82213
82205,82226
82205,82228
82205,82229
82205,82238
82213,82226
82213,82228
82213,82229
82213,82238
82213,82241
82213,87101
82226,82228
82226,82229
82226,82238
82226,82241
82226,82246
82228,82229
82228,82238
82228,82241
82228,82246
82228,82247
82229,82238
82229,82241
82229,82246
82229,82247
82229,82248
82238,82241
82238,82246
82238,82247
82238,82248
82238,82249
82241,82246
82241,82247
82241,82249
82246,82248
82246,82249
82246,82253
82246,99693
82247,82248
82247,82249
82247,82253
82248,82249
82248,82253
82248,82255
82248,82266
82248,82267
82249,82253
82249,82255
82249,82266
82249,82267
82249,82268
82253,82255
82253,82266
82253,82267
82253,82268
82253,82272
82255,82266
82255,82267
82255,82268
82255,82273
82255,98196
82266,82267
82266,82268
82266,82272
82266,82273
82266,82277
82266,82807
82267,82268
82267,82272
82267,82277
82267,82278
82268,82272
82268,82273
82268,82277
82268,82278
82268,82287
82272,82273
82272,82277
82272,82287
82272,88017
82273,82277
82273,82278
82273,82287
82273,82290
82273,82292
82277,82278
82277,82287
82277,82290
82277,82292
82277,82301
82277,93454
82278,82287
82278,82290
82278,82292
82278,82301
82278,82302
82278,84710
82287,82290
82287,82292
82287,82301
82287,82302
82287,82303
82290,82292
82290,82301
82290,82302
82290,82303
82290,82306
82292,82301
82292,82302
82292,82303
82292,82306
82292,82307
82301,82302
82301,82303
82301,82306
82301,82308
82302,82303
82302,82306
82302,82307
82302,82308
82302,82310
82303,82306
82303,82307
82303,82308
82303,82310
82303,82312
82306,82307
82306,82308
82306,82310
82306,82312
82306,82313
82307,82308
82307,82310
82307,82312
82307,82313
82307,82315
82308,82310
82308,82312
82308,82313
82308,82315
82308,82316
82310,82312
82310,82313
82310,82315
82310,82316
82310,82317
82310,92933
82312,82313
82312,82315
82312,82316
82312,82317
82312,82319
82313,82315
82313,82316
82313,82317
82313,82319
82313,82320
82315,82316
82315,82317
82315,82319
82315,82320
82315,82326
82316,82317
82316,82319
82316,82320
82316,82326
82316,82328
82317,82319
82317,82320
82317,82326
82317,82328
82317,82330
82319,82320
82319,82326
82319,82328
82319,82330
82319,82337
82320,82328
82320,82330
82320,82337
82320,82339
82326,82330
82326,82337
82326,82339
82326,82344
82328,82330
82328,82337
82328,82339
82328,82344
82328,82351
82328,89940
82330,82337
82330,82339
82330,82344
82330,82351
82330,82352
82337,82339
82337,82344
82337,82351
82337,82352
82337,82355
82339,82344
82339,82351
82339,82355
82339,82360
82344,82351
82344,82352
82344,82355
82344,82361
82351,82352
82351,82355
82351,82361
82351,82370
82352,82355
82352,82360
82352,82361
82352,82370
82352,82378
82355,82360
82355,82361
82355,82370
82355,82378
82355,82380
82360,82361
82360,82370
82360,82380
82360,82386
82361,82370
82361,82378
82361,82380
82361,82386
82361,82390
82370,82378
82370,82380
82370,82386
82370,82390
82370,82395
82378,82386
82378,82390
82378,82395
82378,82400
82380,82386
82380,82390
82380,82395
82380,82400
82380,82404
82386,82390
82386,82395
82386,82400
82386,82404
82386,82411
82390,82400
82390,82411
82390,82412
82395,82400
82395,82404
82395,82412
82395,82413
82395,99053
82400,82404
82400,82411
82400,82412
82400,82413
82400,82414
82404,82412
82404,82414
82404,82422
82404,96491
82411,82412
82411,82413
82411,82414
82411,82422
82411,83304
82412,82413
82412,82414
82412,82422
82412,82424
82412,82425
82413,82414
82413,82422
82413,82424
82413,82425
82413,82428
82414,82424
82414,82425
82414,82428
82422,82424
82422,82425
82422,82442
82424,82425
82424,82429
82424,82442
82424,82449
82425,82429
82425,82442
82425,82449
82425,82457
82428,82429
82428,82442
82428,82449
82428,82457
82428,82458
82429,82442
82429,82449
82429,82457
82429,82459
82442,82449
82442,82457
82442,82458
82442,82459
82442,82461
82449,82458
82449,82459
82449,82462
82457,82458
82457,82459
82457,82461
82457,82463
82458,82459
82458,82461
82458,82462
82458,82463
82459,82461
82459,82462
82459,82463
82459,82471
82459,82474
82461,82462
82461,82463
82461,82471
82461,82474
82461,82480
82462,82463
82462,82471
82462,82474
82462,82480
82462,82482
82463,82471
82463,82474
82463,82482
82463,82485
82463,88790
82471,82474
82471,82480
82471,82482
82471,82485
82471,82487
82474,82480
82474,82482
82474,82485
82474,82487
82474,82495
82480,82482
82480,82485
82480,82487
82480,82495
82480,82496
82482,82485
82482,82487
82482,82495
82482,82497
82485,82487
82485,82495
82485,82496
82485,82497
82485,82503
82487,82495
82487,82496
82487,82497
82487,82503
82487,82504
82495,82496
82495,82497
82495,82503
82495,82505
82495,97996
82496,82497
82496,82503
82496,82504
82496,82505
82496,82512
82497,82503
82497,82504
82497,82505
82497,82512
82497,82517
82503,82504
82503,82505
82503,82512
82503,82517
82503,82521
82504,82505
82504,82512
82504,82517
82504,82521
82504,82523
82505,82512
82505,82517
82505,82521
82505,82523
82505,82526
82505,93400
82512,82517
82512,82521
82512,82523
82512,82526
82512,82532
82517,82523
82517,82526
82517,82532
82517,82533
82517,85120
82521,82523
82521,82526
82521,82532
82521,82533
82521,82534
82523,82526
82523,82532
82523,82533
82523,82534
82523,82536
82526,82532
82526,82534
82526,82536
82526,82550
82532,82533
82532,82534
82532,82536
82532,82550
82533,82534
82533,82536
82533,82550
82533,82557
82533,94188
82534,82536
82534,82550
82534,82557
82534,82558
82534,82933
82536,82550
82536,82557
82536,82558
82536,82560
82536,86088
82550,82555
82550,82557
82550,82558
82550,82560
82550,82562
82555,82557
82555,82558
82555,82560
82555,82562
82555,82563
82557,82558
82557,82560
82557,82562
82557,82563
82557,82566
82557,89019
82558,82560
82558,82562
82558,82566
82558,82569
82560,82562
82560,82563
82560,82566
82560,82573
82562,82563
82562,82566
82562,82569
82562,82573
82562,82577
82563,82566
82563,82569
82563,82573
82563,82584
82566,82569
82566,82573
82566,82577
82566,82584
82566,82586
82569,82573
82569,82577
82569,82584
82569,82610
82573,82577
82573,82584
82573,82586
82573,82610
82573,82618
82577,82586
82577,82610
82577,82618
82577,82628
82577,83764
82584,82586
82584,82610
82584,82618
82584,82628
82584,82629
82586,82618
82586,82628
82586,82629
82610,82618
82610,82628
82610,82635
82610,82641
82618,82628
82618,82629
82618,82635
82618,82641
82618,82644
82628,82629
82628,82635
82628,82641
82628,82645
82629,82635
82629,82641
82629,82644
82629,82645
82629,82656
82635,82641
82635,82644
82635,82645
82635,82656
82635,82662
82641,82644
82641,82645
82641,82656
82641,82664
82644,82645
82644,82656
82644,82662
82644,82664
82644,82676
82644,95526
82645,82656
82645,82662
82645,82664
82645,82676
82645,82680
82656,82662
82656,82664
82656,82680
82656,82682
82662,82664
82662,82676
82662,82680
82662,82682
82662,82688
82664,82676
82664,82682
82664,82688
82664,82698
82676,82680
82676,82682
82676,82698
82676,82700
82680,82682
82680,82688
82680,82698
82680,82700
82680,82709
82682,82688
82682,82698
82682,82700
82682,82719
82688,82698
82688,82709
82688,82719
82688,82731
82698,82700
82698,82709
82698,82719
82698,82731
82700,82709
82700,82719
82700,82731
82700,82734
82700,82741
82709,82719
82709,82731
82709,82734
82709,82744
82719,82731
82719,82734
82719,82741
82719,82744
82719,82746
82731,82734
82731,82741
82731,82744
82731,82746
82734,82741
82734,82744
82734,82746
82734,82750
82741,82744
82741,82746
82741,82750
82741,82778
82741,96581
82744,82746
82744,82748
82744,82750
82744,82778
82744,82780
82746,82748
82746,82750
82746,82778
82746,82787
82748,82750
82748,82778
82748,82780
82748,82787
82750,82778
82750,82780
82750,82787
82750,82793
82750,82799
82778,82787
82778,82793
82778,82799
82778,82807
82778,86253
82780,82787
82780,82793
82780,82799
82780,82811
82780,86681
82787,82793
82787,82799
82787,82807
82787,82811
82787,82817
82793,82799
82793,82811
82793,82818
82799,82807
82799,82811
82799,82818
82799,82823
82807,82818
82807,82825
82811,82817
82811,82818
82811,82823
82811,82825
82811,82827
82817,82823
82817,82825
82817,82827
82817,82832
82818,82823
82818,82827
82818,82832
82818,82833
82823,82825
82823,82827
82823,82833
82823,82834
82825,82827
82825,82833
82825,82837
82825,85039
82827,82832
82827,82833
82827,82834
82827,82837
82827,82839
82832,82833
82832,82834
82832,82837
82832,82839
82832,82847
82833,82834
82833,82837
82833,82839
82833,82847
82833,82848
82834,82837
82834,82847
82834,82848
82834,82851
82837,82839
82837,82848
82837,82851
82837,82854
82837,97247
82839,82847
82839,82848
82839,82854
82839,82855
82839,97206
82847,82848
82847,82851
82847,82854
82847,82855
82847,82857
82848,82854
82848,82855
82848,82857
82848,82865
82851,82854
82851,82855
82851,82865
82851,82866
82854,82855
82854,82857
82854,82865
82854,82866
82854,82869
82855,82857
82855,82865
82855,82866
82855,82869
82855,82870
82857,82865
82857,82866
82857,82869
82857,82870
82857,82875
82865,82866
82865,82869
82865,82879
82865,93583
82866,82869
82866,82870
82866,82875
82866,82879
82866,82883
82869,82870
82869,82875
82869,82879
82869,82883
82869,82885
82870,82875
82870,82883
82870,82885
82870,82890
82875,82879
82875,82883
82875,82885
82875,82890
82875,82891
82879,82883
82879,82885
82879,82891
82879,82892
82883,82885
82883,82890
82883,82891
82883,82892
82883,82893
82885,82890
82885,82891
82885,82892
82885,82894
82890,82892
82890,82893
82890,82894
82890,97132
82891,82893
82891,82894
82891,82899
82891,82905
82892,82893
82892,82894
82892,82899
82892,82905
82892,82906
82892,88990
82893,82894
82893,82899
82893,82905
82893,82906
82893,82908
82894,82905
82894,82906
82894,82908
82894,82915
82899,82905
82899,82906
82899,82908
82899,82915
82899,82917
82905,82906
82905,82908
82905,82915
82905,82917
82906,82908
82906,82915
82906,82917
82906,82925
82906,82927
82908,82915
82908,82917
82908,82925
82908,82927
82908,82933
82915,82917
82915,82925
82915,82927
82915,82933
82915,82939
82917,82925
82917,82927
82917,82939
82917,82945
82925,82927
82925,82933
82925,82939
82925,82945
82925,82946
82927,82933
82927,82939
82927,82945
82927,82946
82933,82939
82933,82945
82933,82946
82933,82950
82933,82952
82939,82945
82939,82946
82939,82950
82939,82952
82939,82953
82945,82946
82945,82950
82945,82952
82945,82953
82945,82963
82946,82950
82946,82952
82946,82953
82946,82963
82946,82966
82950,82952
82950,82963
82950,82966
82950,82967
82952,82953
82952,82963
82952,82967
82952,82977
82953,82963
82953,82966
82953,82967
82953,82977
82953,88466
82963,82966
82963,82967
82963,82977
82963,82979
82963,82981
82966,82967
82966,82977
82966,82979
82966,82981
82966,82988
82967,82977
82967,82981
82967,82988
82967,82992
82977,82979
82977,82981
82977,82988
82977,82992
82977,82993
82979,82981
82979,82988
82979,82992
82979,82993
82979,91275
82981,82988
82981,82992
82981,82993
82981,83001
82981,83008
82988,82992
82988,82993
82988,83001
82988,83008
82988,83012
82992,82993
82992,83001
82992,83008
82992,83015
82993,83001
82993,83008
82993,83012
82993,83015
83001,83012
83001,83015
83001,83016
83001,83021
83001,83745
83008,83012
83008,83016
83008,83021
83008,83024
83012,83015
83012,83016
83012,83024
83012,83026
83012,89498
83015,83016
83015,83021
83015,83024
83015,83026
83015,89640
83016,83021
83016,83024
83016,83026
83016,83027
83016,83028
83016,84366
83021,83024
83021,83026
83021,83027
83021,83028
83021,83030
83024,83026
83024,83027
83024,83028
83024,83030
83024,83032
83026,83027
83026,83028
83026,83030
83026,83032
83026,83033
83026,95334
83026,99176
83027,83028
83027,83030
83027,83032
83027,83033
83027,83041
83028,83030
83028,83032
83028,83041
83028,83048
83030,83032
83030,83033
83030,83041
83030,83048
83030,83051
83030,83491
83032,83033
83032,83041
83032,83051
83032,83054
83033,83041
83033,83048
83033,83051
83033,83056
83041,83048
83041,83051
83041,83054
83041,83056
83041,83062
83048,83051
83048,83054
83048,83056
83048,83062
83048,83063
83051,83054
83051,83056
83051,83062
83051,83063
83051,83065
83054,83063
83054,83065
83054,83066
83056,83062
83056,83065
83056,83066
83056,83067
83062,83063
83062,83065
83062,83066
83062,83067
83062,83069
83062,93369
83063,83065
83063,83066
83063,83067
83063,83069
83063,83073
83065,83066
83065,83067
83065,83069
83065,83073
83065,83074
83066,83069
83066,83073
83066,83074
83066,83076
83067,83073
83067,83074
83067,83076
83067,83079
83069,83073
83069,83074
83069,83076
83069,83079
83069,83083
83073,83076
83073,83079
83073,83083
83073,83085
83074,83076
83074,83079
83074,83083
83074,83085
83074,83087
83076,83079
83076,83085
83076,83087
83076,83089
83079,83083
83079,83085
83079,83087
83079,83089
83079,83091
83083,83087
83083,83089
83083,83091
83083,83093
83083,84147
83085,83087
83085,83093
83085,83102
83087,83089
83087,83091
83087,83093
83087,83102
83087,83110
83089,83091
83089,83110
83089,83114
83091,83093
83091,83102
83091,83110
83091,83114
83091,83115
83093,83102
83093,83110
83093,83114
83093,83115
83093,83119
83102,83110
83102,83115
83102,83119
83102,83130
83110,83114
83110,83115
83110,83119
83110,83133
83114,83115
83114,83130
83114,83133
83114,83134
83115,83119
83115,83130
83115,83133
83115,83134
83115,83138
83119,83130
83119,83133
83119,83138
83119,83142
83119,94692
83130,83133
83130,83134
83130,83138
83130,83142
83130,83143
83133,83134
83133,83138
83133,83142
83133,83143
83133,83146
83133,83388
83134,83138
83134,83142
83134,83143
83134,83153
83138,83142
83138,83143
83138,83146
83138,83158
83142,83143
83142,83146
83142,83153
83142,83158
83142,83162
83143,83146
83143,83153
83143,83158
83143,83162
83143,83164
83143,91429
83146,83153
83146,83158
83146,83162
83146,83164
83146,83179
83146,91110
83153,83158
83153,83162
83153,83164
83153,83179
83153,83183
83158,83162
83158,83164
83158,83179
83158,83183
83158,83188
83162,83164
83162,83183
83162,83188
83162,99484
83162,98303
83164,83179
83164,83183
83164,83188
83164,83190
83164,83191
83179,83183
83179,83188
83179,83190
83179,83191
83179,83196
83183,83191
83183,83196
83183,83201
83188,83191
83188,83196
83188,83201
83188,83205
83190,83191
83190,83196
83190,83201
83190,83215
83190,88229
83191,83196
83191,83205
83191,83215
83191,83217
83196,83201
83196,83205
83196,83215
83196,83217
83196,83218
83201,83205
83201,83217
83201,83220
83201,93404
83201,92004
83205,83217
83205,83220
83205,83222
83215,83217
83215,83218
83215,83220
83215,83222
83215,83226
83217,83218
83217,83220
83217,83222
83217,83232
83217,93530
83218,83220
83218,83222
83218,83226
83218,83232
83218,83251
83220,83222
83220,83226
83220,83232
83220,83251
83220,83254
83222,83226
83222,83232
83222,83251
83222,83254
83222,83261
83226,83232
83226,83251
83226,83254
83226,83261
83226,83269
83232,83251
83232,83254
83232,83261
83232,83269
83232,83270
83251,83261
83251,83269
83251,83270
83251,83273
83251,91867
83254,83261
83254,83269
83254,83270
83254,83273
83261,83269
83261,83270
83261,83273
83261,83275
83261,83281
83269,83270
83269,83273
83269,83275
83269,83281
83269,83288
83270,83273
83270,83275
83270,83281
83270,83288
83270,83292
83273,83275
83273,83281
83273,83288
83273,83292
83273,83302
83275,83281
83275,83288
83275,83292
83275,83302
83275,83303
83281,83288
83281,83292
83281,83302
83281,83303
83281,83304
83288,83292
83288,83302
83288,83303
83288,83304
83292,83302
83292,83303
83292,83304
83292,83306
83292,83309
83302,83303
83302,83304
83302,83306
83302,83310
83303,83304
83303,83306
83303,83309
83303,83310
83303,83314
83303,98424
83304,83306
83304,83309
83304,83310
83304,83314
83304,83316
83306,83309
83306,83310
83306,83314
83306,83316
83306,83317
83309,83310
83309,83314
83309,83317
83309,83318
83309,91468
83310,83314
83310,83316
83310,83317
83310,83318
83310,83334
83314,83317
83314,83318
83314,83334
83314,83336
83316,83317
83316,83318
83316,83336
83316,90062
83316,98341
83317,83336
83317,83337
83317,83341
83318,83334
83318,83336
83318,83337
83318,83341
83318,83355
83334,83336
83334,83337
83334,83341
83334,83355
83334,83356
83336,83337
83336,83341
83336,83355
83336,83356
83336,83357
83337,83341
83337,83355
83337,83356
83337,83357
83337,83359
83341,83355
83341,83356
83341,83357
83341,83362
83355,83356
83355,83357
83355,83359
83355,83362
83355,83372
83356,83357
83356,83359
83356,83362
83356,83372
83357,83359
83357,83362
83357,83372
83357,83378
83357,83386
83359,83362
83359,83372
83359,83378
83359,83388
83362,83372
83362,83386
83362,83388
83362,83392
83372,83378
83372,83386
83372,83388
83372,83392
83372,83398
83378,83386
83378,83388
83378,83392
83378,83398
83378,83400
83386,83388
83386,83392
83386,83398
83386,83400
83386,83405
83388,83392
83388,83398
83388,83400
83388,83407
83392,83398
83392,83400
83392,83405
83392,83407
83392,83408
83392,87226
83398,83400
83398,83405
83398,83407
83398,83408
83398,83409
83400,83407
83400,83408
83400,83409
83400,83410
83405,83407
83405,83408
83405,83409
83405,83410
83405,83411
83407,83408
83407,83409
83407,83410
83407,83411
83407,83413
83408,83409
83408,83410
83408,83413
83408,83415
83408,88843
83409,83410
83409,83411
83409,83413
83409,83415
83410,83411
83410,83413
83410,83415
83410,83417
83410,83419
83411,83413
83411,83415
83411,83417
83411,83419
83411,83420
83413,83415
83413,83417
83413,83419
83413,83420
83413,83428
83415,83417
83415,83419
83415,83428
83415,83442
83415,98419
83417,83419
83417,83420
83417,83428
83417,83442
83417,83444
83419,83420
83419,83428
83419,83442
83419,83444
83419,83445
83420,83428
83420,83442
83420,83444
83420,83445
83428,83442
83428,83444
83428,83445
83428,83446
83428,83451
83442,83444
83442,83445
83442,83446
83442,83451
83442,83455
83444,83445
83444,83446
83444,83455
83445,83446
83445,83451
83445,83455
83445,83462
83445,87150
83446,83451
83446,83455
83446,83456
83446,83466
83446,95471
83451,83455
83451,83462
83451,83466
83451,83475
83455,83456
83455,83462
83455,83466
83455,83475
83455,83478
83456,83462
83456,83475
83456,83478
83456,83481
83456,93781
83462,83466
83462,83475
83462,83478
83462,83481
83462,83484
83466,83475
83466,83478
83466,83481
83466,83484
83466,83487
83475,83478
83475,83481
83475,83484
83475,83487
83478,83481
83478,83484
83478,83487
83478,83488
83478,83489
83481,83487
83481,83489
83481,83491
83484,83487
83484,83488
83484,83489
83484,83491
83484,83496
83487,83488
83487,83491
83487,83496
83487,83498
83488,83489
83488,83491
83488,83496
83488,83498
83488,83504
83489,83491
83489,83496
83489,83498
83489,83504
83489,83508
83491,83498
83491,83508
83491,83511
83496,83498
83496,83504
83496,83508
83496,83511
83496,83518
83498,83504
83498,83508
83498,83511
83498,83518
83498,83528
83504,83508
83504,83511
83504,83518
83504,83528
83504,83534
83508,83511
83508,83518
83508,83528
83508,83534
83508,83542
83508,90216
83511,83518
83511,83528
83511,83534
83511,83542
83511,83543
83518,83528
83518,83534
83518,83542
83518,83543
83528,83542
83528,83543
83528,83544
83528,83548
83534,83542
83534,83543
83534,83544
83534,83552
83542,83543
83542,83544
83542,83548
83542,83552
83542,83556
83543,83544
83543,83548
83543,83552
83543,83556
83543,83560
83544,83548
83544,83552
83544,83556
83544,83560
83544,83561
83548,83552
83548,83560
83548,83561
83548,83567
83552,83556
83552,83560
83552,83561
83552,83567
83552,83573
83556,83561
83556,83567
83556,83573
83556,83576
83560,83567
83560,83573
83560,83576
83560,83579
83560,90752
83561,83567
83561,83573
83561,83576
83561,83579
83561,83582
83567,83573
83567,83582
83567,83583
83567,98173
83573,83576
83573,83582
83573,83583
83573,83586
83576,83579
83576,83582
83576,83583
83576,83594
83579,83582
83579,83583
83579,83586
83579,83594
83579,83595
83582,83583
83582,83586
83582,83594
83582,83595
83582,83596
83583,83586
83583,83594
83583,83595
83583,83596
83583,83600
83586,83595
83586,83596
83586,83600
83586,83603
83594,83595
83594,83596
83594,83600
83594,83604
83595,83596
83595,83600
83595,83603
83595,83604
83595,83606
83596,83603
83596,83604
83596,83606
83600,83603
83600,83604
83600,83606
83600,83611
83600,83612
83603,83604
83603,83611
83603,83612
83603,83613
83604,83606
83604,83611
83604,83612
83604,83613
83604,83614
83606,83611
83606,83612
83606,83613
83606,83614
83606,83615
83611,83612
83611,83613
83611,83614
83611,83615
83611,83624
83612,83613
83612,83614
83612,83615
83612,83624
83612,83625
83613,83614
83613,83615
83613,83624
83613,83625
83613,83628
83613,99005
83614,83615
83614,83624
83614,83625
83614,83628
83614,83630
83615,83624
83615,83628
83615,83630
83615,83637
83624,83625
83624,83628
83624,83630
83624,83637
83624,83638
83625,83628
83625,83630
83625,83637
83625,83638
83625,83640
83628,83630
83628,83637
83628,83638
83628,83640
83628,83646
83630,83637
83630,83638
83630,83640
83630,83652
83630,83990
83637,83640
83637,83646
83637,83652
83638,83640
83638,83646
83638,83652
83638,83653
83638,83660
83640,83646
83640,83652
83640,83653
83640,83660
83640,83663
83640,99256
83646,83652
83646,83653
83646,83660
83646,83663
83646,83664
83652,83653
83652,83660
83652,83663
83652,83664
83652,83667
83653,83660
83653,83663
83653,83664
83653,83667
83653,83674
83660,83663
83660,83664
83660,83667
83660,83674
83660,83678
83663,83664
83663,83667
83663,83674
83663,83678
83663,83683
83664,83667
83664,83674
83664,83683
83664,83688
83667,83674
83667,83678
83667,83683
83667,83688
83667,83697
83674,83678
83674,83688
83674,83697
83674,83698
83674,87880
83678,83683
83678,83698
83678,83700
83683,83688
83683,83697
83683,83698
83683,83700
83683,83701
83688,83697
83688,83698
83688,83700
83688,83701
83697,83698
83697,83700
83697,83701
83697,83705
83697,83710
83698,83700
83698,83701
83698,83705
83698,83710
83698,83715
83700,83701
83700,83705
83700,83710
83700,83715
83700,83717
83701,83705
83701,83710
83701,83715
83701,83717
83701,83718
83705,83710
83705,83715
83705,83717
83705,83719
83710,83715
83710,83717
83710,83718
83710,83719
83710,83731
83715,83717
83715,83718
83715,83731
83715,83732
83717,83719
83717,83731
83717,83732
83717,83735
83717,87329
83718,83719
83718,83731
83718,83732
83718,83737
83718,91159
83719,83731
83719,83732
83719,83735
83719,83737
83731,83732
83731,83737
83731,83742
83731,83745
83732,83735
83732,83742
83732,83745
83732,83747
83735,83737
83735,83742
83735,83745
83735,83747
83735,83749
83737,83742
83737,83745
83737,83747
83737,83755
83742,83745
83742,83747
83742,83749
83742,83755
83742,83757
83745,83747
83745,83749
83745,83755
83745,83757
83747,83749
83747,83755
83747,83757
83747,83758
83747,83759
83749,83757
83749,83758
83749,83759
83749,83760
83755,83757
83755,83758
83755,83759
83755,83760
83755,83764
83757,83758
83757,83759
83757,83760
83757,83764
83757,83772
83758,83759
83758,83760
83758,83764
83758,83772
83759,83760
83759,83764
83759,83772
83759,83783
83760,83764
83760,83772
83760,83780
83760,83783
83760,83784
83764,83772
83764,83780
83764,83783
83764,83784
83764,83787
83772,83780
83772,83783
83772,83784
83772,83787
83772,83792
83780,83783
83780,83784
83780,83787
83780,83792
83780,83797
83783,83784
83783,83787
83783,83797
83783,87724
83784,83787
83784,83792
83784,83797
83784,83803
83784,83805
83787,83792
83787,83797
83787,83803
83787,83808
83792,83797
83792,83803
83792,83805
83792,83808
83792,83809
83797,83803
83797,83805
83797,83808
83797,83809
83797,83810
83803,83805
83803,83808
83803,83809
83803,83810
83803,83811
83805,83808
83805,83809
83805,83810
83805,83811
83805,83814
83808,83809
83808,83810
83808,83811
83808,83814
83808,83815
83809,83810
83809,83811
83809,83814
83809,83815
83809,83826
83810,83814
83810,83815
83810,83826
83810,83828
83811,83814
83811,83826
83811,83831
83814,83815
83814,83826
83814,83828
83814,83831
83814,83839
83815,83826
83815,83828
83815,83831
83815,83841
83826,83828
83826,83831
83826,83839
83826,83841
83826,83845
83828,83831
83828,83841
83828,83845
83828,83847
83831,83839
83831,83841
83831,83845
83831,83847
83831,83850
83839,83845
83839,83847
83839,83850
83839,83855
83841,83845
83841,83847
83841,83855
83841,83859
83845,83847
83845,83850
83845,83855
83845,83859
83845,83860
83847,83850
83847,83855
83847,83859
83847,83860
83847,83864
83850,83855
83850,83859
83850,83860
83850,83864
83850,83866
83855,83859
83855,83864
83855,83870
83859,83864
83859,83866
83859,83873
83860,83864
83860,83866
83860,83870
83860,83873
83860,83874
83864,83866
83864,83870
83864,83873
83864,83874
83864,83876
83866,83870
83866,83873
83866,83874
83866,83876
83866,83877
83870,83873
83870,83874
83870,83876
83870,83877
83870,83878
83873,83874
83873,83876
83873,83877
83873,83878
83873,83879
83874,83876
83874,83878
83874,83879
83876,83877
83876,83878
83876,83879
83876,83883
83876,96155
83877,83878
83877,83879
83877,83883
83877,83896
83877,83897
83878,83879
83878,83883
83878,83896
83878,96939
83879,83883
83879,83896
83879,83897
83879,83899
83879,83902
83883,83896
83883,83897
83883,83899
83883,83902
83883,83903
83896,83897
83896,83899
83896,83902
83896,83903
83896,83905
83897,83899
83897,83902
83897,83903
83897,83905
83897,83908
83899,83903
83899,83908
83899,83912
83902,83903
83902,83905
83902,83908
83902,83912
83903,83905
83903,83908
83903,83912
83903,83914
83905,83908
83905,83912
83905,83914
83905,83919
83905,83924
83908,83912
83908,83914
83908,83919
83908,83924
83908,83925
83912,83914
83912,83924
83912,83925
83912,83926
83914,83919
83914,83924
83914,83925
83914,83926
83914,83929
83919,83924
83919,83925
83919,83926
83919,83929
83919,83932
83924,83925
83924,83926
83924,83929
83924,83935
83925,83926
83925,83929
83925,83932
83925,83935
83925,83941
83926,83929
83926,83932
83926,83935
83926,83941
83926,83945
83929,83932
83929,83941
83929,83945
83929,83954
83932,83935
83932,83941
83932,83945
83932,83956
83935,83941
83935,83945
83935,83954
83935,83956
83935,83959
83941,83945
83941,83954
83941,83956
83941,83959
83941,83964
83945,83954
83945,83956
83945,83959
83945,83964
83945,83971
83954,83956
83954,83959
83954,83971
83954,83975
83956,83959
83956,83964
83956,83978
83959,83964
83959,83971
83959,83978
83959,83983
83964,83971
83964,83975
83964,83978
83964,83983
83964,83985
83971,83975
83971,83978
83971,83983
83971,83985
83971,83990
83975,83983
83975,83985
83975,83990
83975,83999
83978,83983
83978,83985
83978,83990
83978,83999
83978,84001
83983,83985
83983,83999
83983,84001
83983,84003
83985,83990
83985,84001
83985,84003
83985,84006
83985,96927
83990,83999
83990,84003
83990,84019
83999,84001
83999,84003
83999,84006
83999,84019
83999,84020
84001,84003
84001,84006
84001,84019
84001,84020
84001,84023
84003,84006
84003,84019
84003,84023
84003,84027
84003,98200
84006,84019
84006,84020
84006,84023
84006,84027
84006,84034
84019,84020
84019,84023
84019,84027
84019,84041
84019,99803
84020,84023
84020,84027
84020,84041
84020,84047
84023,84034
84023,84041
84023,84047
84023,84051
84027,84034
84027,84041
84027,84047
84027,84051
84027,84052
84027,98426
84034,84047
84034,84051
84034,84052
84034,84055
84041,84047
84041,84051
84041,84052
84041,84055
84041,84057
84047,84051
84047,84052
84047,84055
84047,84057
84047,84064
84047,90458
84051,84055
84051,84057
84051,84064
84051,84069
84052,84055
84052,84057
84052,84064
84052,84069
84052,84076
84055,84064
84055,84069
84055,84076
84055,94888
84057,84064
84057,84069
84057,84076
84057,84078
84057,84079
84064,84069
84064,84076
84064,84078
84064,84079
84064,84080
84069,84076
84069,84078
84069,84079
84069,84081
84076,84078
84076,84080
84076,84081
84076,84082
84078,84079
84078,84080
84078,84081
84078,84082
84078,84088
84079,84080
84079,84081
84079,84088
84079,84089
84080,84081
84080,84082
84080,84088
84080,84089
84080,84935
84081,84082
84081,84088
84081,84089
84081,84090
84081,84093
84082,84089
84082,84090
84082,84093
84082,84101
84088,84089
84088,84090
84088,84093
84088,84101
84088,84109
84089,84090
84089,84093
84089,84101
84089,84109
84089,84115
84090,84093
84090,84101
84090,84115
84090,84119
84093,84101
84093,84109
84093,84115
84093,84120
84101,84109
84101,84115
84101,84119
84101,84120
84101,84122
84109,84115
84109,84119
84109,84120
84109,84122
84115,84119
84115,84120
84115,84122
84115,84128
84115,84131
84119,84120
84119,84122
84119,84128
84119,84131
84119,84136
84120,84122
84120,84128
84120,84131
84120,84136
84120,84137
84122,84128
84122,84131
84122,84136
84122,98518
84128,84131
84128,84136
84128,84137
84128,84139
84128,84141
84128,84267
84131,84137
84131,84139
84131,84141
84131,84145
84131,87964
84136,84137
84136,84139
84136,84141
84136,84147
84137,84139
84137,84141
84137,84145
84137,84147
84137,84151
84139,84141
84139,84145
84139,84147
84139,84151
84139,84155
84141,84145
84141,84147
84141,84151
84141,84155
84141,84157
84145,84147
84145,84151
84145,84155
84145,84157
84145,84165
84147,84151
84147,84157
84147,84165
84147,84172
84151,84155
84151,84157
84151,84165
84151,84172
84151,84175
84151,84366
84155,84157
84155,84165
84155,84172
84155,84175
84155,84182
84155,97734
84157,84165
84157,84172
84157,84175
84157,84182
84157,84192
84165,84172
84165,84182
84165,84192
84165,84193
84172,84175
84172,84182
84172,84192
84172,84193
84172,84194
84175,84192
84175,84193
84175,84194
84175,84197
84182,84192
84182,84193
84182,84194
84182,84197
84182,84214
84192,84193
84192,84194
84192,84197
84192,84218
84192,96244
84193,84194
84193,84197
84193,84214
84193,84218
84194,84197
84194,84214
84194,84218
84194,84219
84194,84230
84197,84214
84197,84218
84197,84219
84197,84230
84197,84231
84214,84218
84214,84219
84214,84230
84214,84231
84214,84233
84218,84219
84218,84230
84218,84231
84218,84233
84218,84234
84219,84230
84219,84231
84219,84233
84219,84234
84219,84237
84230,84231
84230,84233
84230,84234
84230,84237
84230,84246
84230,94581
84231,84233
84231,84234
84231,84237
84231,84246
84231,84250
84231,84924
84233,84234
84233,84246
84233,84250
84233,84251
84233,94766
84234,84237
84234,84246
84234,84250
84234,84251
84234,84254
84237,84246
84237,84250
84237,84251
84237,84259
84246,84250
84246,84254
84246,84259
84246,84267
84250,84251
84250,84254
84250,84259
84250,84267
84251,84254
84251,84259
84251,84267
84251,84276
84251,84277
84254,84259
84254,84267
84254,84276
84254,84277
84254,84278
84254,84374
84259,84267
84259,84277
84259,84278
84259,84281
84267,84276
84267,84278
84267,84281
84267,84284
84276,84277
84276,84278
84276,84284
84276,84286
84277,84278
84277,84281
84277,84284
84277,84287
84277,85408
84278,84281
84278,84284
84278,84286
84278,84287
84278,84292
84281,84287
84281,84292
84281,84299
84284,84286
84284,84287
84284,84299
84284,88917
84286,84287
84286,84292
84286,84299
84286,84301
84286,84306
84287,84299
84287,84301
84287,84307
84287,88442
84292,84299
84292,84306
84292,84309
84299,84301
84299,84306
84299,84307
84299,84311
84301,84306
84301,84307
84301,84309
84301,84311
84301,84312
84306,84307
84306,84309
84306,84311
84306,84312
84306,84315
84307,84309
84307,84311
84307,84312
84307,84315
84307,84321
84309,84311
84309,84312
84309,84315
84309,84321
84309,84325
84311,84315
84311,84321
84311,84325
84311,89711
84312,84315
84312,84321
84312,84325
84312,84328
84312,84330
84315,84321
84315,84325
84315,84330
84315,84337
84321,84325
84321,84328
84321,84330
84321,84337
84321,84339
84325,84328
84325,84330
84325,84337
84325,84339
84325,84340
84328,84330
84328,84339
84328,84340
84328,84348
84330,84339
84330,84340
84330,84355
84330,89331
84330,99167
84337,84339
84337,84340
84337,84348
84337,84355
84339,84340
84339,84348
84339,84355
84339,84362
84339,84363
84340,84348
84340,84355
84340,84362
84340,84363
84340,84366
84340,88508
84348,84355
84348,84362
84348,84363
84348,84366
84348,84372
84355,84362
84355,84363
84355,84366
84355,84372
84355,84373
84362,84363
84362,84366
84362,84372
84362,84373
84362,84374
84363,84366
84363,84372
84363,84373
84363,84374
84363,84376
84366,84373
84366,84376
84366,84382
84372,84373
84372,84374
84372,84376
84372,84382
84372,84388
84373,84374
84373,84376
84373,84382
84373,84388
84373,84389
84373,97342
84374,84382
84374,84397
84376,84382
84376,84388
84376,84389
84376,84397
84376,94447
84382,84388
84382,84389
84382,84397
84382,84398
84382,84399
84388,84389
84388,84397
84388,84398
84388,84399
84388,84400
84389,84397
84389,84398
84389,84399
84389,84400
84397,84399
84397,84400
84397,84413
84398,84399
84398,84400
84398,84407
84398,84413
84398,84414
84399,84400
84399,84407
84399,84413
84399,84414
84399,84415
84400,84413
84400,84414
84400,84415
84400,84424
84407,84413
84407,84414
84407,84415
84407,84425
84407,87826
84413,84414
84413,84415
84413,84425
84413,84435
84414,84415
84414,84424
84414,84425
84414,84435
84414,84440
84415,84440
84415,84442
84415,96120
84415,95590
84424,84425
84424,84435
84424,84440
84424,84442
84425,84435
84425,84440
84425,84446
84425,84454
84435,84440
84435,84442
84435,84446
84435,84454
84440,84442
84440,84446
84440,84454
84440,84464
84442,84446
84442,84454
84442,84464
84442,84468
84442,84469
84446,84454
84446,84464
84446,84468
84446,84469
84446,84472
84454,84464
84454,84468
84454,84469
84454,84472
84454,84473
84464,84469
84464,84473
84464,84474
84468,84469
84468,84472
84468,84473
84468,84474
84469,84472
84469,84473
84469,84474
84469,84478
84469,84490
84472,84473
84472,84474
84472,84478
84472,84491
84472,96014
84473,84474
84473,84490
84473,84491
84473,84492
84474,84478
84474,84491
84474,84492
84474,84494
84478,84490
84478,84491
84478,84492
84478,84494
84478,84516
84490,84492
84490,84494
84490,84516
84490,84527
84491,84492
84491,84494
84491,84516
84491,84527
84491,84528
84492,84494
84492,84516
84492,84527
84492,84528
84492,84537
84494,84527
84494,84528
84494,84537
84494,84552
84516,84527
84516,84528
84516,84537
84516,84552
84516,84554
84527,84528
84527,84537
84527,84552
84527,84554
84527,84567
84528,84537
84528,84552
84528,84554
84528,84567
84528,84572
84537,84552
84537,84554
84537,84567
84537,84583
84537,98019
84552,84554
84552,84567
84552,84572
84552,84583
84552,84584
84554,84567
84554,84583
84554,84584
84554,84587
84567,84572
84567,84583
84567,84584
84567,84587
84567,84592
84572,84583
84572,84584
84572,84587
84572,84592
84572,84600
84583,84584
84583,84587
84583,84592
84583,84600
84583,84608
84584,84592
84584,84600
84584,84608
84584,84609
84587,84592
84587,84600
84587,84609
84587,84613
84592,84600
84592,84608
84592,84609
84592,84613
84592,84614
84600,84608
84600,84609
84600,84613
84600,84614
84600,84622
84608,84609
84608,84613
84608,84614
84608,84622
84608,84623
84609,84613
84609,84614
84609,84623
84609,84636
84609,89669
84613,84614
84613,84622
84613,84623
84613,84636
84613,84638
84614,84622
84614,84623
84614,84636
84614,84638
84614,84641
84622,84623
84622,84636
84622,84638
84622,84646
84623,84636
84623,84641
84623,84646
84623,84647
84636,84638
84636,84641
84636,84647
84636,84649
84638,84641
84638,84646
84638,84647
84638,84649
84638,84650
84641,84646
84641,84647
84641,84649
84641,84650
84641,84651
84646,84647
84646,84649
84646,84650
84646,84651
84646,84658
84647,84649
84647,84650
84647,84651
84647,84658
84647,84663
84649,84650
84649,84651
84649,84658
84649,84663
84649,84667
84650,84651
84650,84658
84650,84663
84650,84667
84650,84670
84651,84658
84651,84663
84651,84667
84651,84670
84651,84671
84658,84663
84658,84667
84658,84670
84658,84671
84658,84675
84663,84667
84663,84670
84663,84671
84663,84677
84667,84670
84667,84671
84667,84675
84667,84677
84667,84679
84670,84671
84670,84675
84670,84677
84670,84679
84670,84682
84671,84675
84671,84677
84671,84679
84671,84682
84671,84686
84675,84677
84675,84682
84675,84686
84675,84693
84677,84679
84677,84682
84677,84686
84677,84693
84677,84710
84679,84686
84679,84693
84679,84710
84679,84712
84682,84686
84682,84710
84682,84712
84682,84715
84686,84693
84686,84710
84686,84715
84686,84716
84693,84710
84693,84712
84693,84715
84693,84716
84693,84719
84710,84712
84710,84715
84710,84716
84710,84721
84712,84715
84712,84716
84712,84719
84712,84721
84712,84723
84712,88775
84715,84719
84715,84723
84715,84726
84715,99550
84716,84721
84716,84723
84716,84726
84716,84729
84719,84721
84719,84726
84719,84729
84719,84731
84721,84723
84721,84726
84721,84729
84721,84731
84721,84736
84723,84726
84723,84729
84723,84731
84723,84736
84723,84746
84726,84729
84726,84731
84726,84736
84726,84746
84726,84750
84729,84731
84729,84736
84729,84746
84729,84750
84729,84752
84731,84736
84731,84746
84731,84750
84731,84752
84731,84754
84736,84746
84736,84750
84736,84752
84736,84754
84736,84755
84746,84750
84746,84752
84746,84754
84746,84755
84746,84758
84750,84752
84750,84754
84750,84755
84750,84758
84750,84762
84752,84754
84752,84755
84752,84758
84752,84762
84752,84772
84754,84758
84754,84762
84754,84772
84755,84758
84755,84762
84755,84773
84755,84781
84758,84772
84758,84773
84758,84781
84758,84782
84762,84772
84762,84773
84762,84781
84762,84795
84762,92862
84772,84773
84772,84781
84772,84782
84772,84795
84772,84799
84773,84781
84773,84782
84773,84795
84773,84799
84773,84809
84781,84782
84781,84799
84781,84809
84781,84813
84782,84795
84782,84809
84782,84815
84782,99882
84795,84799
84795,84809
84795,84813
84795,84815
84795,84816
84799,84809
84799,84813
84799,84815
84799,84820
84809,84813
84809,84815
84809,84816
84809,84820
84809,84822
84813,84815
84813,84816
84813,84820
84813,84822
84813,84824
84815,84816
84815,84820
84815,84822
84815,84824
84815,84830
84816,84820
84816,84822
84816,84824
84816,84830
84820,84822
84820,84824
84820,84830
84820,84837
84820,84838
84822,84824
84822,84830
84822,84837
84822,84838
84822,84855
84824,84830
84824,84837
84824,84838
84824,84855
84830,84838
84830,84855
84830,84863
84830,84869
84837,84838
84837,84855
84837,84863
84837,84869
84837,84872
84838,84855
84838,84863
84838,84872
84838,84877
84855,84863
84855,84869
84855,84877
84855,84882
84863,84869
84863,84877
84863,84882
84863,84883
84869,84872
84869,84877
84869,84882
84869,84886
84872,84877
84872,84882
84872,84883
84872,84886
84872,84895
84877,84882
84877,84883
84877,84886
84877,84895
84877,84897
84882,84883
84882,84886
84882,84895
84882,84897
84882,84901
84883,84895
84883,84897
84883,84901
84883,84908
84886,84895
84886,84901
84886,84908
84886,97330
84895,84897
84895,84901
84895,84908
84895,84915
84895,84916
84897,84901
84897,84908
84897,84915
84897,84916
84897,84918
84901,84908
84901,84915
84901,84916
84901,84918
84901,84921
84908,84915
84908,84916
84908,84918
84908,84921
84908,84924
84915,84916
84915,84921
84915,84924
84915,84925
84916,84918
84916,84921
84916,84924
84916,84925
84916,84926
84918,84921
84918,84924
84918,84925
84918,84926
84918,84927
84921,84924
84921,84925
84921,84926
84921,84927
84921,84933
84924,84925
84924,84927
84924,84933
84924,84935
84925,84926
84925,84927
84925,84933
84925,84935
84925,84938
84926,84927
84926,84933
84926,84935
84926,84938
84926,84946
84927,84933
84927,84935
84927,84938
84927,84946
84927,84952
84927,85934
84927,86494
84933,84935
84933,84938
84933,84946
84933,84952
84933,84969
84935,84938
84935,84946
84935,84952
84935,84969
84938,84946
84938,84952
84938,84975
84938,84976
84946,84952
84946,84969
84946,84975
84946,84976
84952,84975
84952,84976
84952,84981
84969,84975
84969,84976
84969,84980
84969,84981
84969,84982
84975,84976
84975,84980
84975,84981
84975,84982
84975,84986
84976,84980
84976,84981
84976,84982
84976,84986
84980,84981
84980,84982
84980,84986
84980,84995
84981,84982
84981,84986
84981,84993
84981,84995
84981,84996
84982,84986
84982,84993
84982,84995
84982,84996
84982,84999
84986,84993
84986,84995
84986,84996
84986,84999
84986,85000
84993,84995
84993,84996
84993,84999
84993,85000
84993,85004
84995,84996
84995,84999
84995,85000
84995,85008
84996,84999
84996,85000
84996,85004
84996,85008
84996,85009
84999,85000
84999,85004
84999,85008
84999,85009
84999,85013
85000,85004
85000,85008
85000,85009
85000,85022
85004,85008
85004,85009
85004,85013
85004,85022
85004,85024
85008,85009
85008,85013
85008,85022
85008,85024
85008,85028
85009,85013
85009,85022
85009,85024
85009,85028
85009,85032
85013,85022
85013,85024
85013,85028
85013,85032
85013,85037
85022,85024
85022,85028
85022,85032
85022,85037
85022,85038
85024,85028
85024,85032
85024,85037
85024,85038
85024,85039
85028,85032
85028,85037
85028,85038
85028,85039
85028,85040
85032,85037
85032,85038
85032,85040
85032,85047
85032,88665
85032,86543
85037,85038
85037,85040
85037,85047
85037,85049
85038,85039
85038,85040
85038,85047
85038,85049
85038,85050
85039,85040
85039,85049
85039,85050
85039,85057
85040,85047
85040,85049
85040,85050
85040,85057
85040,85060
85047,85049
85047,85050
85047,85057
85047,85060
85047,85070
85049,85050
85049,85057
85049,85060
85049,85070
85049,85071
85050,85057
85050,85060
85050,85070
85050,85071
85050,85079
85057,85060
85057,85070
85057,85071
85057,85079
85057,85092
85060,85070
85060,85071
85060,85092
85060,85094
85060,90240
85070,85079
85070,85092
85070,85094
85070,85103
85071,85079
85071,85092
85071,85094
85071,85103
85071,98148
85079,85092
85079,85094
85079,85103
85079,85105
85079,85108
85092,85094
85092,85103
85092,85105
85092,85108
85092,85112
85092,97822
85094,85103
85094,85105
85094,85112
85094,85118
85094,91542
85103,85105
85103,85108
85103,85112
85103,85118
85103,85119
85105,85108
85105,85112
85105,85119
85105,85120
85108,85112
85108,85118
85108,85119
85108,85120
85108,85124
85112,85118
85112,85119
85112,85120
85112,85124
85112,85131
85118,85120
85118,85124
85118,85131
85118,85132
85119,85120
85119,85124
85119,85132
85119,85133
85120,85124
85120,85131
85120,85133
85120,85134
85124,85131
85124,85132
85124,85133
85124,85134
85124,85142
85131,85132
85131,85133
85131,85134
85131,85150
85132,85133
85132,85134
85132,85142
85132,85150
85132,85153
85133,85134
85133,85142
85133,85150
85133,85153
85133,85155
85134,85142
85134,85150
85134,85153
85134,85155
85134,85156
85142,85150
85142,85153
85142,85155
85142,85156
85142,85171
85150,85153
85150,85155
85150,85156
85150,85171
85150,85175
85153,85155
85153,85156
85153,85171
85153,85175
85153,85181
85155,85156
85155,85171
85155,85175
85155,85181
85155,85182
85156,85171
85156,85181
85156,85182
85156,85184
85156,94311
85156,86998
85171,85175
85171,85181
85171,85182
85171,85184
85175,85181
85175,85182
85175,85184
85175,85190
85175,85196
85181,85182
85181,85184
85181,85190
85181,85196
85181,85199
85182,85184
85182,85190
85182,85196
85182,85199
85184,85190
85184,85196
85184,85199
85184,85200
85184,85201
85190,85196
85190,85199
85190,85200
85190,85201
85190,85202
85196,85199
85196,85200
85196,85201
85196,85202
85196,85203
85199,85200
85199,85201
85199,85202
85199,85203
85199,85205
85200,85201
85200,85202
85200,85203
85200,85205
85200,85215
85201,85205
85201,85215
85201,85219
85202,85203
85202,85205
85202,85215
85202,85219
85203,85205
85203,85215
85203,85219
85203,85224
85203,85229
85203,89701
85205,85215
85205,85219
85205,85224
85205,85229
85205,85234
85215,85219
85215,85229
85215,85234
85215,85246
85219,85224
85219,85229
85219,85234
85219,85246
85219,85248
85224,85229
85224,85234
85224,85246
85224,85248
85224,85250
85229,85234
85229,85246
85229,85250
85229,85261
85234,85246
85234,85248
85234,85250
85234,85261
85234,85263
85246,85248
85246,85250
85246,85261
85246,85263
85246,85265
85248,85250
85248,85261
85248,85263
85248,85275
85250,85261
85250,85263
85250,85265
85250,85275
85250,85276
85261,85265
85261,85275
85261,85276
85261,85293
85263,85265
85263,85275
85263,85276
85263,85293
85263,85294
85265,85275
85265,85276
85265,85293
85265,85300
85275,85276
85275,85293
85275,85294
85275,85300
85275,85308
85276,85294
85276,85300
85276,85308
85276,85309
85276,90354
85293,85294
85293,85300
85293,85308
85293,85309
85293,85311
85294,85300
85294,85308
85294,85311
85294,85317
85300,85308
85300,85309
85300,85311
85300,85317
85308,85309
85308,85311
85308,85317
85308,85325
85308,85330
85308,97095
85309,85311
85309,85325
85309,85331
85309,98394
85311,85317
85311,85325
85311,85330
85311,85341
85311,90552
85317,85325
85317,85330
85317,85331
85317,85341
85317,85343
85325,85330
85325,85331
85325,85341
85325,85343
85330,85331
85330,85341
85330,85343
85330,85350
85330,85352
85331,85341
85331,85350
85331,85352
85331,85355
85341,85343
85341,85350
85341,85355
85341,85361
85343,85350
85343,85352
85343,85355
85343,85361
85343,85365
85350,85352
85350,85355
85350,85361
85350,85365
85350,85366
85352,85355
85352,85365
85352,85366
85352,85368
85355,85365
85355,85368
85355,85373
85361,85368
85361,85373
85361,85374
85365,85366
85365,85368
85365,85373
85365,85374
85365,85385
85366,85368
85366,85385
85366,85390
85366,95006
85368,85373
85368,85374
85368,85385
85368,85390
85368,85392
85368,96304
85373,85374
85373,85385
85373,85390
85373,85392
85374,85385
85374,85390
85374,85392
85374,85408
85374,85409
85385,85390
85385,85392
85385,85408
85385,85409
85385,85416
85385,87338
85390,85392
85390,85408
85390,85409
85390,85416
85390,85419
85392,85408
85392,85416
85392,85419
85392,85421
85408,85409
85408,85419
85408,85421
85408,85423
85409,85416
85409,85419
85409,85423
85409,85428
85416,85419
85416,85421
85416,85423
85416,85428
85416,85431
85419,85421
85419,85428
85419,85434
85419,94694
85421,85423
85421,85428
85421,85431
85421,85434
85421,85435
85423,85428
85423,85434
85423,85435
85423,85437
85428,85431
85428,85435
85428,85437
85428,85442
85428,89204
85431,85435
85431,85437
85431,85442
85431,85443
85434,85435
85434,85442
85434,85443
85434,85444
85435,85437
85435,85443
85435,85444
85435,85447
85437,85442
85437,85443
85437,85444
85437,85447
85437,85452
85442,85443
85442,85444
85442,85447
85442,85452
85442,85453
85443,85444
85443,85447
85443,85452
85443,85453
85443,85460
85444,85447
85444,85452
85444,85453
85444,85460
85444,85465
85447,85452
85447,85453
85447,85460
85447,85465
85447,85471
85452,85453
85452,85460
85452,85465
85452,85476
85453,85460
85453,85465
85453,85471
85453,85476
85453,85479
85460,85465
85460,85471
85460,85476
85460,85479
85460,85486
85465,85471
85465,85476
85465,85479
85465,85486
85465,87225
85471,85476
85471,85479
85471,85486
85471,85488
85471,85490
85476,85479
85476,85486
85476,85488
85476,85490
85476,85491
85479,85486
85479,85488
85479,85490
85479,85491
85479,85502
85486,85488
85486,85490
85486,85491
85486,85502
85486,85504
85488,85490
85488,85491
85488,85502
85488,85504
85488,85523
85490,85491
85490,85502
85490,85504
85490,85523
85490,85525
85491,85502
85491,85504
85491,85523
85491,85525
85491,85530
85502,85504
85502,85523
85502,85525
85502,85530
85502,85547
85504,85523
85504,85525
85504,85530
85504,85547
85504,85548
85523,85530
85523,85547
85523,85548
85523,85549
85525,85530
85525,85547
85525,85548
85525,85549
85525,85555
85530,85547
85530,85548
85530,85549
85530,85555
85530,85558
85547,85548
85547,85549
85547,85555
85547,85558
85547,85563
85548,85549
85548,85558
85548,85563
85548,85565
85549,85558
85549,85563
85549,85565
85549,85566
85549,89325
85555,85558
85555,85563
85555,85565
85555,85566
85558,85563
85558,85566
85558,85567
85558,85568
85563,85565
85563,85566
85563,85568
85563,85569
85565,85566
85565,85567
85565,85568
85565,85569
85565,85570
85566,85567
85566,85568
85566,85569
85566,85570
85566,85573
85567,85568
85567,85569
85567,85570
85567,85573
85567,85574
85568,85569
85568,85570
85568,85573
85568,85574
85568,85576
85569,85570
85569,85573
85569,85574
85569,85576
85569,85578
85570,85573
85570,85574
85570,85576
85570,85578
85570,85579
85573,85574
85573,85576
85573,85578
85573,85579
85573,85583
85574,85576
85574,85578
85574,85579
85574,85583
85574,85585
85576,85578
85576,85579
85576,85583
85576,85585
85576,85587
85578,85579
85578,85583
85578,85585
85578,85587
85578,85589
85579,85583
85579,85585
85579,85587
85579,85589
85579,99486
85583,85585
85583,85587
85583,85593
85583,85595
85583,86714
85585,85587
85585,85589
85585,85595
85585,85596
85587,85593
85587,85595
85587,85596
85587,99780
85589,85593
85589,85595
85589,85596
85589,85597
85589,85605
85593,85595
85593,85596
85593,85597
85593,85605
85593,85608
85595,85596
85595,85597
85595,85605
85595,85608
85595,85612
85596,85597
85596,85605
85596,85608
85596,85612
85596,85615
85597,85605
85597,85608
85597,85612
85597,85615
85597,85618
85605,85608
85605,85615
85605,85621
85608,85612
85608,85615
85608,85618
85608,85621
85608,85622
85612,85615
85612,85618
85612,85622
85612,85639
85612,95583
85615,85618
85615,85621
85615,85622
85615,85639
85615,85641
85618,85621
85618,85622
85618,85639
85618,85641
85618,85644
85621,85622
85621,85639
85621,85641
85621,85644
85621,85651
85622,85639
85622,85641
85622,85644
85622,85651
85622,85657
85639,85641
85639,85644
85639,85651
85639,85657
85641,85644
85641,85651
85641,85657
85641,85665
85641,93428
85641,99029
85644,85651
85644,85657
85644,85665
85644,85671
85644,94684
85651,85665
85651,85671
85651,85673
85651,85677
85657,85671
85657,85673
85657,85677
85657,85679
85665,85671
85665,85673
85665,85677
85665,85679
85665,85682
85665,86370
85671,85673
85671,85677
85671,85679
85671,85682
85671,85691
85673,85677
85673,85679
85673,85682
85673,85691
85673,85693
85677,85679
85677,85682
85677,85691
85677,85693
85677,85696
85679,85682
85679,85691
85679,85693
85679,85696
85679,85699
85679,97271
85682,85691
85682,85693
85682,85696
85682,85699
85682,85701
85691,85693
85691,85696
85691,85699
85691,85701
85691,85702
85693,85696
85693,85701
85693,85702
85693,85722
85696,85701
85696,85702
85696,85722
85696,85736
85696,99034
85699,85701
85699,85702
85699,85722
85699,85736
85699,85747
85701,85702
85701,85722
85701,85736
85701,85747
85701,85749
85702,85736
85702,85749
85702,85774
85722,85736
85722,85747
85722,85749
85722,85774
85722,85775
85736,85747
85736,85749
85736,85775
85736,85781
85747,85749
85747,85774
85747,85775
85747,85781
85747,85783
85749,85774
85749,85775
85749,85781
85749,85783
85749,85788
85774,85775
85774,85781
85774,85783
85774,85788
85774,85794
85775,85781
85775,85788
85775,85794
85775,85795
85775,98505
85781,85783
85781,85788
85781,85794
85781,85795
85781,85807
85783,85788
85783,85794
85783,85795
85783,85807
85783,85817
85788,85794
85788,85795
85788,85807
85788,85817
85788,85821
85794,85795
85794,85807
85794,85817
85794,85830
85795,85807
85795,85817
85795,85821
85795,85830
85795,85834
85807,85817
85807,85821
85807,85830
85807,85834
85807,85835
85817,85821
85817,85830
85817,85834
85817,85835
85817,85836
85821,85830
85821,85834
85821,85835
85821,85836
85821,85844
85830,85834
85830,85835
85830,85836
85830,85844
85830,85845
85834,85835
85834,85836
85834,85844
85834,85845
85834,85851
85835,85836
85835,85844
85835,85845
85835,85851
85835,85863
85836,85844
85836,85845
85836,85851
85836,85863
85836,85864
85844,85845
85844,85851
85844,85863
85844,85864
85845,85851
85845,85863
85845,85864
85845,85870
85845,85871
85851,85863
85851,85864
85851,85870
85851,85871
85851,85873
85863,85871
85863,85873
85863,85876
85863,94694
85863,91129
85864,85870
85864,85871
85864,85873
85864,85877
85870,85871
85870,85873
85870,85876
85870,85877
85870,85878
85871,85873
85871,85876
85871,85877
85871,85878
85871,85883
85873,85876
85873,85877
85873,85878
85873,85883
85873,85898
85876,85877
85876,85878
85876,85883
85876,85898
85876,85900
85877,85883
85877,85898
85877,85900
85877,85902
85877,92140
85878,85883
85878,85898
85878,85900
85878,85902
85878,85907
85883,85900
85883,85902
85883,85907
85883,85910
85898,85900
85898,85902
85898,85907
85898,85910
85898,85912
85900,85902
85900,85910
85900,85912
85900,85914
85902,85907
85902,85910
85902,85912
85902,85914
85902,85915
85902,99048
85907,85910
85907,85912
85907,85914
85907,85915
85907,85930
85910,85912
85910,85914
85910,85915
85910,85930
85910,94592
85912,85914
85912,85915
85912,85930
85912,85931
85912,85933
85914,85915
85914,85930
85914,85931
85914,85933
85914,85934
85915,85930
85915,85931
85915,85933
85915,85934
85915,85942
85930,85931
85930,85933
85930,85934
85930,85942
85930,85943
85931,85933
85931,85943
85931,85947
85933,85934
85933,85942
85933,85943
85933,85947
85933,85950
85934,85943
85934,85947
85934,85950
85934,85951
85942,85943
85942,85947
85942,85950
85942,85951
85942,85952
85943,85947
85943,85950
85943,85951
85943,85952
85943,85954
85947,85950
85947,85951
85947,85952
85947,85954
85947,85955
85950,85951
85950,85952
85950,85954
85950,85955
85951,85952
85951,85954
85951,85955
85951,85964
85951,85977
85952,85954
85952,85955
85952,85964
85952,85977
85952,85980
85954,85955
85954,85964
85954,85977
85954,85980
85954,85985
85955,85964
85955,85977
85955,85980
85955,85985
85964,85977
85964,85985
85964,85996
85964,85998
85977,85980
85977,85985
85977,85996
85977,85998
85977,85999
85980,85985
85980,85996
85980,85998
85980,85999
85980,86001
85985,85996
85985,85998
85985,85999
85985,86001
85985,86003
85985,89474
85996,85998
85996,85999
85996,86001
85996,86003
85996,86004
85998,86001
85998,86003
85998,86005
85998,94857
85999,86001
85999,86003
85999,86004
85999,86005
85999,86006
86001,86003
86001,86004
86001,86005
86001,86006
86001,86010
86003,86004
86003,86005
86003,86006
86003,86010
86003,86012
86004,86005
86004,86006
86004,86012
86004,86013
86005,86006
86005,86010
86005,86012
86005,86013
86005,86016
86006,86010
86006,86012
86006,86013
86006,86016
86006,86019
86010,86012
86010,86013
86010,86016
86010,86019
86010,86020
86012,86016
86012,86019
86012,86020
86012,86023
86013,86019
86013,86020
86013,86023
86013,86026
86013,98560
86016,86019
86016,86020
86016,86026
86016,86029
86019,86020
86019,86023
86019,86026
86019,86029
86019,86032
86020,86023
86020,86026
86020,86029
86020,86032
86020,86036
86023,86026
86023,86029
86023,86032
86023,86036
86023,86037
86026,86029
86026,86032
86026,86036
86026,86037
86026,86045
86029,86036
86029,86037
86029,86045
86029,86056
86032,86036
86032,86037
86032,86045
86032,86056
86032,86057
86036,86037
86036,86045
86036,86056
86036,86057
86036,86059
86037,86056
86037,86057
86037,86059
86037,86062
86045,86056
86045,86057
86045,86059
86045,86062
86045,86067
86056,86057
86056,86059
86056,86062
86056,86067
86056,86074
86057,86059
86057,86062
86057,86067
86057,86074
86057,86076
86059,86062
86059,86067
86059,86074
86059,86076
86059,86080
86062,86067
86062,86074
86062,86076
86062,86080
86062,86086
86067,86074
86067,86076
86067,86080
86067,86086
86067,86088
86074,86076
86074,86086
86074,86088
86074,86089
86074,90363
86076,86080
86076,86086
86076,86088
86076,86089
86076,86095
86076,88460
86080,86086
86080,86088
86080,86089
86080,86095
86080,86098
86086,86089
86086,86095
86086,86098
86086,86099
86088,86089
86088,86095
86088,86098
86088,86099
86088,86103
86089,86095
86089,86098
86089,86103
86089,86111
86089,96086
86095,86098
86095,86099
86095,86103
86095,86111
86095,86112
86098,86099
86098,86103
86098,86111
86098,86112
86098,86116
86098,95467
86099,86103
86099,86111
86099,86112
86099,86116
86099,86119
86103,86111
86103,86116
86103,86119
86103,86125
86111,86116
86111,86119
86111,86125
86111,86138
86112,86116
86112,86119
86112,86125
86112,86140
86112,87618
86116,86119
86116,86125
86116,86138
86116,86140
86116,86141
86119,86125
86119,86138
86119,86140
86119,86141
86119,86150
86125,86138
86125,86140
86125,86141
86125,86150
86125,86152
86138,86140
86138,86141
86138,86150
86138,86152
86138,86154
86140,86141
86140,86152
86140,86154
86140,86166
86141,86150
86141,86152
86141,86154
86141,86166
86141,86171
86150,86152
86150,86154
86150,86166
86150,86171
86152,86154
86152,86166
86152,86171
86152,86172
86152,86192
86154,86166
86154,86171
86154,86192
86154,86204
86154,90526
86166,86171
86166,86172
86166,86192
86166,86204
86166,86209
86171,86172
86171,86192
86171,86209
86171,86211
86171,95038
86172,86192
86172,86204
86172,86209
86172,86211
86172,86213
86192,86204
86192,86209
86192,86211
86192,86213
86192,86216
86204,86209
86204,86211
86204,86213
86204,86216
86204,86221
86209,86211
86209,86216
86209,86221
86209,86248
86209,88143
86211,86213
86211,86216
86211,86221
86211,86248
86211,86253
86213,86216
86213,86221
86213,86248
86213,86253
86216,86221
86216,86248
86216,86253
86216,86254
86216,86255
86221,86248
86221,86253
86221,86254
86221,86255
86221,86263
86248,86253
86248,86263
86248,86265
86253,86254
86253,86255
86253,86263
86253,86265
86253,86266
86254,86255
86254,86263
86254,86265
86254,86266
86254,86281
86255,86263
86255,86266
86255,86281
86255,86293
86255,99634
86263,86265
86263,86266
86263,86281
86263,86293
86263,86296
86265,86266
86265,86293
86265,86296
86265,86301
86266,86281
86266,86293
86266,86296
86266,86301
86266,86303
86281,86293
86281,86296
86281,86301
86281,86303
86281,86305
86281,89990
86293,86296
86293,86301
86293,86303
86293,86305
86293,86317
86296,86301
86296,86305
86296,86317
86296,86320
86301,86303
86301,86305
86301,86317
86301,86320
86301,86323
86303,86305
86303,86317
86303,86320
86303,86323
86303,86332
86305,86317
86305,86320
86305,86323
86305,86332
86305,86334
86317,86332
86317,86334
86317,86338
86320,86323
86320,86332
86320,86334
86320,86338
86320,86341
86323,86332
86323,86334
86323,86338
86323,86341
86323,86342
86332,86338
86332,86341
86332,86342
86332,86343
86332,93864
86334,86338
86334,86341
86334,86342
86334,86345
86334,95583
86338,86341
86338,86343
86338,86345
86338,86349
86341,86342
86341,86343
86341,86345
86341,86349
86341,86351
86342,86343
86342,86345
86342,86349
86342,86351
86342,86353
86343,86345
86343,86349
86343,86351
86343,86353
86343,86359
86345,86349
86345,86351
86345,86353
86345,86359
86345,86360
86349,86351
86349,86353
86349,86359
86349,86360
86349,86361
86349,97159
86351,86353
86351,86359
86351,86360
86351,86361
86351,86364
86353,86359
86353,86361
86353,86364
86353,86370
86359,86360
86359,86361
86359,86364
86359,86370
86359,86373
86360,86364
86360,86373
86360,86377
86361,86364
86361,86370
86361,86377
86361,86386
86361,96904
86364,86370
86364,86373
86364,86377
86364,86386
86364,86387
86370,86373
86370,86377
86370,86387
86373,86377
86373,86386
86373,86387
86373,86390
86377,86386
86377,86387
86377,86390
86377,86400
86386,86387
86386,86390
86386,86394
86386,86400
86386,86405
86387,86390
86387,86394
86387,86400
86387,86405
86390,86394
86390,86405
86390,86418
86390,86419
86394,86400
86394,86405
86394,86418
86394,86419
86394,86422
86400,86405
86400,86418
86400,86422
86400,86423
86400,98253
86405,86419
86405,86422
86405,86441
86405,92458
86418,86419
86418,86422
86418,86441
86418,86446
86419,86422
86419,86423
86419,86441
86419,86446
86419,86447
86422,86423
86422,86441
86422,86446
86422,86447
86422,86450
86423,86441
86423,86446
86423,86450
86423,86454
86423,98203
86441,86446
86441,86447
86441,86450
86441,86454
86441,86456
86446,86447
86446,86450
86446,86454
86446,86456
86446,86457
86447,86450
86447,86454
86447,86456
86447,86457
86447,86459
86450,86454
86450,86456
86450,86459
86450,86460
86454,86456
86454,86457
86454,86459
86454,86460
86456,86457
86456,86459
86456,86460
86456,86465
86456,86469
86457,86459
86457,86460
86457,86465
86457,86469
86457,86471
86459,86460
86459,86465
86459,86469
86459,86471
86459,86475
86460,86465
86460,86469
86460,86471
86460,86475
86460,86480
86465,86471
86465,86475
86465,86481
86469,86471
86469,86475
86469,86480
86469,86481
86469,86485
86471,86475
86471,86480
86471,86481
86471,86485
86471,86486
86475,86480
86475,86485
86475,86486
86475,86488
86480,86481
86480,86485
86480,86488
86480,86492
86481,86486
86481,86488
86481,86492
86481,86494
86481,94070
86485,86486
86485,86488
86485,86492
86485,86494
86486,86488
86486,86492
86486,86496
86486,86497
86488,86492
86488,86494
86488,86496
86488,86497
86492,86494
86492,86496
86492,86497
86492,86499
86492,86500
86494,86497
86494,86499
86494,86500
86494,86510
86496,86497
86496,86499
86496,86500
86496,86510
86496,86516
86497,86499
86497,86500
86497,86510
86497,86516
86497,86518
86499,86500
86499,86510
86499,86516
86499,86518
86499,86521
86500,86510
86500,86518
86500,86521
86500,92808
86510,86516
86510,86518
86510,86521
86510,86522
86516,86518
86516,86522
86516,86525
86516,86529
86518,86521
86518,86522
86518,86525
86518,86529
86518,86533
86521,86522
86521,86525
86521,86529
86521,86533
86521,86534
86522,86525
86522,86529
86522,86534
86522,86537
86522,88368
86525,86529
86525,86533
86525,86534
86525,86537
86525,86538
86529,86533
86529,86534
86529,86537
86529,86538
86529,86543
86533,86534
86533,86537
86533,86538
86533,86543
86533,86548
86534,86538
86534,86543
86534,86548
86534,86551
86537,86543
86537,86548
86537,86551
86537,86552
86538,86548
86538,86551
86538,86552
86538,86565
86538,93994
86543,86548
86543,86551
86543,86552
86543,86565
86543,86568
86548,86551
86548,86552
86548,86565
86548,86568
86551,86552
86551,86565
86551,86568
86551,86571
86552,86565
86552,86571
86552,86580
86552,86582
86552,93148
86565,86568
86565,86571
86565,86580
86565,86582
86565,86584
86568,86580
86568,86582
86568,86584
86568,86590
86571,86580
86571,86582
86571,86584
86571,86590
86580,86582
86580,86584
86580,86590
86580,86598
86580,86600
86582,86584
86582,86590
86582,86604
86582,88437
86582,98413
86582,93164
86584,86590
86584,86598
86584,86600
86584,86604
86584,86610
86590,86598
86590,86600
86590,86604
86590,86610
86590,86616
86598,86600
86598,86610
86598,86616
86600,86604
86600,86610
86600,86616
86600,86632
86600,86635
86600,92464
86604,86610
86604,86632
86604,86640
86610,86632
86610,86635
86610,86640
86610,86642
86616,86632
86616,86635
86616,86642
86616,86650
86632,86635
86632,86640
86632,86642
86632,86650
86632,86651
86635,86642
86635,86650
86635,86651
86635,97767
86640,86642
86640,86650
86640,86651
86640,86663
86640,86669
86642,86651
86642,86663
86642,86669
86642,86676
86642,92768
86650,86651
86650,86669
86650,86676
86650,86681
86651,86663
86651,86669
86651,86676
86651,86681
86651,86683
86663,86669
86663,86676
86663,86681
86663,86685
86663,91499
86669,86676
86669,86681
86669,86683
86669,86685
86669,86687
86676,86681
86676,86683
86676,86685
86676,86687
86676,86693
86681,86683
86681,86685
86681,86687
86683,86685
86683,86687
86683,86693
86683,97639
86685,86687
86685,86693
86685,86694
86685,86697
86685,86699
86687,86693
86687,86694
86687,86697
86687,86699
86687,86702
86693,86694
86693,86697
86693,86702
86693,86711
86694,86697
86694,86699
86694,86713
86694,93979
86697,86699
86697,86702
86697,86711
86697,86713
86697,86714
86697,99458
86699,86702
86699,86713
86699,86714
86699,86715
86702,86711
86702,86713
86702,86714
86702,86715
86702,86718
86711,86713
86711,86714
86711,86715
86711,86718
86713,86714
86713,86715
86713,86718
86713,86722
86713,86723
86714,86715
86714,86718
86714,86722
86714,86723
86714,86734
86714,87817
86715,86718
86715,86722
86715,86734
86715,86736
86718,86722
86718,86723
86718,86734
86718,86737
86722,86723
86722,86734
86722,86736
86722,86737
86722,86743
86723,86734
86723,86736
86723,86737
86723,86743
86723,86746
86734,86736
86734,86737
86734,86743
86734,86746
86734,86747
86736,86737
86736,86743
86736,86746
86736,86750
86736,90683
86737,86743
86737,86746
86737,86747
86737,86750
86737,86754
86743,86746
86743,86747
86743,86750
86743,86754
86743,86756
86746,86747
86746,86750
86746,86754
86746,86756
86746,86765
86747,86754
86747,86756
86747,86765
86747,86772
86750,86754
86750,86756
86750,86772
86750,86778
86754,86756
86754,86765
86754,86772
86754,86778
86754,86779
86756,86765
86756,86772
86756,86778
86756,86779
86756,86780
86765,86772
86765,86778
86765,86779
86772,86778
86772,86779
86772,86780
86772,86783
86772,86785
86778,86779
86778,86780
86778,86783
86778,86785
86778,86786
86779,86780
86779,86783
86779,86786
86779,86787
86780,86783
86780,86785
86780,86786
86780,86787
86783,86785
86783,86786
86783,86787
86783,86795
86785,86786
86785,86787
86785,86791
86785,86795
86785,93559
86786,86787
86786,86791
86786,86795
86786,86797
86786,86802
86787,86795
86787,86797
86787,86802
86787,86805
86791,86795
86791,86797
86791,86802
86791,86805
86791,86806
86791,86987
86795,86797
86795,86802
86795,86805
86795,86806
86797,86802
86797,86805
86797,86806
86797,86811
86797,86812
86802,86805
86802,86806
86802,86812
86802,86820
86805,86806
86805,86811
86805,86812
86805,86820
86805,86823
86806,86811
86806,86812
86806,86820
86806,86823
86806,86824
86811,86812
86811,86823
86811,86824
86811,86826
86811,89380
86812,86820
86812,86824
86812,86826
86812,86839
86820,86823
86820,86824
86820,86826
86820,86840
86823,86824
86823,86826
86823,86839
86823,86840
86823,86842
86824,86826
86824,86839
86824,86840
86824,86842
86824,96297
86826,86839
86826,86840
86826,86842
86826,86849
86826,86850
86839,86840
86839,86842
86839,86849
86839,86850
86839,86852
86840,86842
86840,86849
86840,86850
86840,86852
86842,86849
86842,86850
86842,86852
86842,86855
86842,86858
86842,87012
86849,86850
86849,86852
86849,86855
86849,86858
86850,86852
86850,86858
86850,86859
86850,86871
86852,86855
86852,86858
86852,86859
86852,86871
86852,86873
86855,86858
86855,86871
86855,86873
86855,86879
86858,86859
86858,86871
86858,86873
86858,86879
86858,86882
86859,86871
86859,86873
86859,86879
86859,86882
86859,86883
86871,86873
86871,86879
86871,86882
86871,86883
86871,86886
86873,86879
86873,86882
86873,86883
86873,86886
86873,86887
86879,86882
86879,86883
86879,86887
86879,86893
86882,86886
86882,86887
86882,86893
86882,86898
86883,86886
86883,86887
86883,86893
86883,86901
86883,88945
86886,86887
86886,86893
86886,86898
86886,86901
86886,86902
86887,86893
86887,86898
86893,86898
86893,86902
86893,86905
86893,86906
86898,86901
86898,86902
86898,86906
86898,86908
86901,86902
86901,86905
86901,86906
86901,86908
86901,86909
86902,86905
86902,86906
86902,86908
86902,86909
86902,86912
86905,86906
86905,86908
86905,86909
86905,86912
86906,86908
86906,86909
86906,86912
86906,86913
86906,86917
86908,86909
86908,86912
86908,86913
86908,86917
86908,86919
86909,86912
86909,86913
86909,86917
86909,86919
86909,86920
86912,86913
86912,86919
86912,86920
86912,86931
86913,86917
86913,86919
86913,86920
86913,86931
86913,86933
86917,86919
86917,86920
86917,86931
86917,86933
86917,86941
86919,86920
86919,86931
86919,86933
86919,86941
86919,86943
86920,86931
86920,86933
86920,86941
86920,86943
86920,86944
86931,86941
86931,86943
86931,86944
86931,86958
86931,97692
86933,86943
86933,86944
86933,86958
86933,86960
86941,86943
86941,86944
86941,86958
86941,86960
86941,86968
86943,86944
86943,86958
86943,86960
86943,86968
86943,86972
86944,86958
86944,86960
86944,86968
86944,86972
86944,86974
86958,86968
86958,86972
86958,86974
86958,86979
86960,86968
86960,86974
86960,86979
86960,86986
86960,88063
86968,86972
86968,86974
86968,86979
86968,86986
86968,86987
86972,86974
86972,86979
86972,86987
86972,97931
86974,86979
86974,86986
86974,86987
86974,86990
86974,86991
86979,86987
86979,86990
86979,86991
86979,86998
86986,86987
86986,86990
86986,86991
86986,86998
86986,87000
86987,86990
86987,86998
86987,87000
86987,87001
86987,91018
86990,86991
86990,86998
86990,87000
86990,87007
86991,86998
86991,87000
86991,87001
86991,87007
86991,87011
86998,87000
86998,87001
86998,87007
86998,87012
87000,87001
87000,87007
87000,87011
87000,87012
87000,87014
87001,87011
87001,87012
87001,87014
87001,87019
87007,87011
87007,87012
87007,87014
87007,87019
87007,87024
87011,87012
87011,87019
87011,87024
87011,87026
87012,87014
87012,87024
87012,87026
87012,87032
87014,87019
87014,87024
87014,87026
87014,87032
87014,87046
87019,87024
87019,87026
87019,87032
87019,87046
87019,87049
87024,87026
87024,87032
87024,87046
87024,87049
87024,87056
87024,93343
87026,87046
87026,87049
87026,87056
87026,87057
87032,87046
87032,87049
87032,87056
87032,87057
87032,87058
87046,87049
87046,87056
87046,87057
87046,87058
87046,87063
87049,87056
87049,87057
87049,87058
87049,87063
87049,87064
87056,87057
87056,87058
87056,87063
87056,87064
87056,87066
87057,87058
87057,87063
87057,87064
87057,87066
87057,87067
87058,87064
87058,87066
87058,87067
87058,87071
87063,87064
87063,87066
87063,87067
87063,87071
87063,87074
87064,87066
87064,87074
87064,87077
87066,87067
87066,87071
87066,87074
87066,87077
87066,87078
87067,87071
87067,87074
87067,87077
87067,87080
87071,87074
87071,87077
87071,87078
87071,87080
87071,87083
87074,87077
87074,87078
87074,87080
87074,87083
87074,87086
87077,87078
87077,87080
87077,87083
87077,87086
87078,87080
87078,87083
87078,87086
87078,87088
87078,87091
87080,87086
87080,87088
87080,87091
87080,87093
87083,87086
87083,87088
87083,87091
87083,87093
87083,87101
87086,87088
87086,87091
87086,87093
87086,87101
87086,87102
87088,87091
87088,87093
87088,87101
87088,87102
87088,87104
87091,87093
87091,87101
87091,87102
87091,87104
87093,87101
87093,87102
87093,87104
87093,87105
87093,87111
87093,92911
87101,87102
87101,87104
87101,87112
87102,87104
87102,87105
87102,87111
87102,87112
87102,87115
87104,87111
87104,87112
87104,87122
87104,89272
87105,87111
87105,87112
87105,87115
87105,87125
87111,87112
87111,87115
87111,87122
87111,87125
87111,87127
87112,87115
87112,87122
87112,87125
87112,87127
87112,87137
87115,87122
87115,87125
87115,87127
87115,87137
87115,87141
87122,87125
87122,87127
87122,87137
87122,87141
87122,87144
87125,87127
87125,87137
87125,87141
87125,87144
87125,87148
87127,87137
87127,87141
87127,87144
87127,87148
87127,87149
87137,87141
87137,87148
87137,87149
87137,87150
87141,87144
87141,87148
87141,87149
87141,87150
87141,87152
87144,87148
87144,87149
87144,87150
87144,87152
87144,87154
87148,87149
87148,87150
87148,87152
87148,87154
87148,87157
87149,87152
87149,87154
87149,87157
87149,87158
87150,87152
87150,87154
87150,87157
87150,87158
87150,87165
87152,87154
87152,87157
87152,87158
87152,87165
87152,87167
87154,87157
87154,87158
87154,87165
87154,87167
87154,87177
87157,87158
87157,87165
87157,87167
87157,87177
87158,87165
87158,87167
87158,87177
87158,87202
87158,87205
87165,87167
87165,87177
87165,87202
87165,87205
87165,87207
87167,87177
87167,87202
87167,87205
87167,87207
87167,87208
87177,87202
87177,87205
87177,87207
87177,87208
87177,87218
87202,87207
87202,87208
87202,87218
87202,87224
87205,87207
87205,87208
87205,87218
87205,87224
87205,87225
87207,87208
87207,87218
87207,87224
87207,87226
87208,87218
87208,87224
87208,87225
87208,87230
87218,87224
87218,87225
87218,87226
87218,87238
87224,87225
87224,87226
87224,87230
87224,87239
87225,87226
87225,87230
87225,87238
87225,87239
87226,87230
87226,87238
87226,87239
87226,87243
87230,87238
87230,87239
87230,87243
87230,87251
87230,87253
87238,87239
87238,87243
87238,87251
87238,87253
87239,87243
87239,87253
87239,87258
87239,87261
87243,87251
87243,87253
87243,87258
87243,87261
87251,87253
87251,87258
87251,87264
87253,87258
87253,87261
87253,87263
87253,87264
87253,87272
87258,87261
87258,87263
87258,87264
87258,87281
87261,87263
87261,87264
87261,87272
87261,87281
87261,90457
87263,87264
87263,87272
87263,87281
87263,87286
87264,87281
87264,87283
87264,87286
87264,87296
87264,96454
87272,87281
87272,87283
87272,87296
87272,87300
87281,87283
87281,87286
87281,87296
87281,87300
87281,87312
87283,87286
87283,87296
87283,87300
87286,87296
87286,87300
87286,87312
87286,87317
87296,87300
87296,87312
87296,87317
87296,87323
87296,87324
87300,87312
87300,87317
87300,87323
87300,87324
87300,87329
87312,87317
87312,87323
87312,87324
87312,87329
87312,87330
87317,87323
87317,87324
87317,87329
87317,87330
87317,87332
87323,87324
87323,87329
87323,87330
87323,87332
87323,87334
87324,87329
87324,87330
87324,87332
87324,87334
87324,87338
87329,87330
87329,87334
87329,87341
87330,87332
87330,87334
87330,87338
87330,87341
87330,87344
87332,87334
87332,87338
87332,87341
87332,87344
87332,87352
87334,87338
87334,87341
87334,87344
87334,87352
87334,87354
87338,87344
87338,87352
87338,87354
87338,87359
87341,87344
87341,87352
87341,87354
87341,87359
87341,87364
87344,87352
87344,87354
87344,87359
87344,87364
87352,87354
87352,87364
87352,87365
87352,87376
87354,87359
87354,87364
87354,87376
87359,87364
87359,87365
87359,87376
87359,87377
87359,87378
87364,87365
87364,87376
87364,87377
87364,87380
87365,87376
87365,87377
87365,87378
87365,87380
87376,87377
87376,87378
87376,87380
87376,87389
87376,87401
87377,87378
87377,87380
87377,87401
87377,87411
87378,87380
87378,87389
87378,87401
87378,87411
87378,87416
87380,87389
87380,87401
87380,87411
87380,87416
87380,87423
87389,87401
87389,87411
87389,87416
87389,87423
87389,87426
87389,95449
87401,87411
87401,87416
87401,87423
87401,87426
87401,87427
87411,87416
87411,87423
87411,87426
87411,87427
87411,87428
87416,87423
87416,87426
87416,87427
87416,87428
87416,87433
87423,87426
87423,87427
87423,87428
87423,87433
87423,87434
87426,87427
87426,87428
87426,87433
87426,87434
87426,87435
87427,87428
87427,87433
87427,87434
87427,87435
87427,87445
87428,87433
87428,87434
87428,87435
87428,87445
87428,87448
87433,87434
87433,87435
87433,87445
87433,87448
87433,87454
87434,87445
87434,87448
87434,87454
87434,87461
87435,87448
87435,87454
87435,87461
87435,87467
87445,87448
87445,87454
87445,87461
87445,87467
87445,87468
87448,87454
87448,87461
87448,87467
87448,87468
87448,87470
87448,96156
87454,87461
87454,87467
87454,87468
87454,87470
87454,87495
87461,87467
87461,87468
87461,87470
87461,87495
87467,87468
87467,87470
87467,87495
87467,87502
87467,87509
87468,87495
87468,87509
87468,87510
87470,87495
87470,87502
87470,87509
87470,87510
87470,87516
87495,87502
87495,87509
87495,87510
87495,87516
87495,99005
87502,87509
87502,87510
87502,87517
87502,87522
87509,87510
87509,87516
87509,87517
87509,87522
87509,87529
87510,87516
87510,87517
87510,87529
87516,87517
87516,87522
87516,87529
87516,87533
87516,87538
87517,87522
87517,87529
87517,87533
87517,87538
87517,87539
87522,87529
87522,87538
87522,87539
87522,87542
87529,87533
87529,87538
87529,87539
87529,87542
87529,87544
87533,87539
87533,87542
87533,87544
87533,87545
87538,87542
87538,87545
87538,87555
87539,87542
87539,87545
87539,87555
87539,91104
87542,87544
87542,87545
87542,87555
87542,87557
87544,87545
87544,87555
87544,87557
87545,87555
87545,87556
87545,87557
87545,87568
87545,87573
87555,87556
87555,87557
87555,87573
87555,87574
87556,87557
87556,87568
87556,87573
87556,87574
87556,95487
87557,87568
87557,87573
87557,87574
87557,87576
87557,87577
87568,87573
87568,87574
87568,87576
87568,87577
87568,87578
87573,87574
87573,87576
87573,87577
87573,87579
87574,87576
87574,87577
87574,87579
87574,87584
87576,87577
87576,87578
87576,87579
87576,87584
87577,87578
87577,87579
87577,87588
87577,87589
87578,87579
87578,87584
87578,87588
87578,87589
87578,87590
87579,87584
87579,87588
87579,87589
87579,87590
87579,87597
87584,87588
87584,87589
87584,87590
87584,87597
87584,87600
87588,87589
87588,87597
87588,87600
87588,87605
87589,87590
87589,87597
87589,87600
87589,87605
87590,87597
87590,87600
87590,87605
87590,87606
87590,87610
87597,87600
87597,87606
87597,87610
87597,87613
87600,87605
87600,87610
87600,87613
87600,87614
87605,87606
87605,87610
87605,87613
87605,87614
87605,87615
87606,87610
87606,87613
87606,87614
87606,87615
87606,87618
87610,87613
87610,87614
87610,87615
87610,87618
87610,87621
87610,94442
87613,87614
87613,87615
87613,87618
87613,87621
87613,87625
87614,87615
87614,87618
87614,87625
87614,87629
87615,87618
87615,87621
87615,87625
87615,87629
87618,87621
87618,87625
87618,87629
87618,87634
87618,87636
87621,87625
87621,87629
87621,87634
87621,87636
87625,87629
87625,87634
87625,87636
87625,87646
87629,87634
87629,87636
87629,87642
87629,87646
87629,87656
87634,87636
87634,87642
87634,87646
87634,87659
87636,87642
87636,87646
87636,87656
87636,87659
87636,87663
87642,87646
87642,87656
87642,87659
87642,87663
87642,87664
87646,87656
87646,87659
87646,87663
87646,87664
87646,87668
87656,87659
87656,87663
87656,87664
87656,87668
87656,87675
87659,87663
87659,87664
87659,87668
87659,87675
87659,87677
87663,87664
87663,87677
87663,87678
87664,87675
87664,87677
87664,87678
87664,87688
87668,87675
87668,87677
87668,87678
87668,87688
87668,87694
87675,87677
87675,87678
87675,87688
87675,87694
87675,87696
87677,87678
87677,87688
87677,87694
87677,87696
87677,87697
87678,87688
87678,87694
87678,87696
87678,87704
87688,87694
87688,87696
87688,87697
87688,87704
87688,87706
87694,87696
87694,87697
87694,87704
87694,87706
87694,87720
87696,87697
87696,87704
87696,87706
87696,87720
87696,87724
87697,87704
87697,87706
87697,87720
87697,87724
87697,87727
87704,87706
87704,87720
87704,87724
87704,87727
87704,87730
87706,87720
87706,87724
87706,87727
87706,87730
87706,87736
87720,87724
87720,87727
87720,87730
87720,87736
87720,87739
87724,87727
87724,87730
87724,87736
87724,87739
87724,87746
87727,87730
87727,87736
87727,87746
87727,87747
87730,87736
87730,87739
87730,87759
87736,87739
87736,87746
87736,87747
87736,87759
87739,87746
87739,87747
87739,87759
87739,87760
87739,87762
87746,87747
87746,87760
87746,87762
87746,87767
87747,87759
87747,87760
87747,87762
87747,87767
87747,87781
87759,87767
87759,87788
87759,94762
87759,97565
87760,87762
87760,87767
87760,87781
87760,87788
87760,87792
87762,87767
87762,87781
87762,87788
87762,87792
87762,87794
87767,87781
87767,87788
87767,87792
87767,87794
87767,87804
87781,87788
87781,87792
87781,87794
87781,87804
87781,87805
87788,87794
87788,87804
87788,87805
87788,87806
87792,87794
87792,87804
87792,87805
87792,87806
87792,87807
87794,87804
87794,87805
87794,87806
87794,87807
87794,87808
87804,87805
87804,87806
87804,87808
87804,87812
87805,87806
87805,87807
87805,87812
87805,87817
87806,87807
87806,87808
87806,87812
87806,87817
87807,87808
87807,87812
87807,87817
87807,87819
87807,87822
87808,87812
87808,87817
87808,87819
87808,87822
87808,87826
87812,87817
87812,87819
87812,87822
87817,87819
87817,87822
87817,87826
87817,87840
87819,87822
87819,87826
87819,87836
87819,87840
87819,87843
87822,87826
87822,87836
87822,87840
87822,87843
87822,87846
87826,87836
87826,87840
87826,87843
87826,87846
87826,87852
87836,87840
87836,87843
87836,87846
87836,87852
87836,87853
87840,87843
87840,87846
87840,87852
87840,87853
87840,87864
87843,87852
87843,87853
87843,87864
87843,87872
87843,88057
87846,87852
87846,87853
87846,87864
87846,87872
87846,87880
87852,87853
87852,87864
87852,87872
87852,87880
87852,87881
87853,87864
87853,87872
87853,87880
87853,87881
87853,87883
87853,97159
87864,87872
87864,87880
87864,87881
87864,87883
87864,87884
87872,87880
87872,87881
87872,87883
87872,87884
87872,87891
87872,89137
87880,87881
87880,87883
87880,87884
87880,87891
87880,87892
87881,87883
87881,87884
87881,87891
87881,87892
87881,87908
87883,87884
87883,87892
87883,87908
87883,87919
87884,87891
87884,87892
87884,87908
87884,87919
87884,87920
87891,87892
87891,87908
87891,87919
87891,87920
87891,87934
87892,87908
87892,87919
87892,87920
87892,87934
87892,87938
87908,87919
87908,87934
87908,87938
87908,87945
87919,87920
87919,87934
87919,87938
87919,87945
87919,87949
87920,87934
87920,87938
87920,87945
87920,87949
87920,87950
87934,87938
87934,87945
87934,87949
87934,87950
87934,87955
87938,87945
87938,87949
87938,87950
87938,87955
87938,87956
87945,87950
87945,87955
87945,87956
87945,87957
87949,87950
87949,87955
87949,87956
87949,87957
87949,87959
87949,97795
87950,87956
87950,87957
87950,87960
87955,87956
87955,87957
87955,87960
87955,87964
87956,87957
87956,87959
87956,87960
87956,87964
87956,87965
87957,87959
87957,87960
87957,87964
87957,87965
87957,87969
87959,87960
87959,87964
87959,87965
87959,87969
87959,94041
87960,87964
87960,87965
87960,87969
87960,87973
87960,87977
87964,87965
87964,87969
87964,87973
87964,87977
87964,87979
87965,87969
87965,87973
87965,87977
87965,87979
87965,87982
87969,87973
87969,87977
87969,87979
87969,87982
87969,87984
87973,87977
87973,87979
87973,87982
87973,87984
87973,87985
87977,87979
87977,87982
87977,87984
87977,87985
87977,99139
87979,87982
87979,87984
87979,87985
87979,87986
87979,87990
87982,87984
87982,87985
87982,87986
87982,87990
87982,87991
87984,87985
87984,87986
87984,87990
87984,87995
87985,87990
87985,87991
87985,87995
87985,88007
87986,87990
87986,87991
87986,87995
87986,88007
87986,88008
87990,87991
87990,88007
87990,88008
87991,87995
87991,88007
87991,88008
87991,88010
87991,88011
87995,88007
87995,88008
87995,88010
87995,88011
87995,88015
88007,88008
88007,88010
88007,88011
88007,88015
88007,88017
88008,88010
88008,88011
88008,88017
88008,88021
88010,88011
88010,88015
88010,88021
88010,88029
88010,99529
88011,88015
88011,88017
88011,88021
88011,88029
88011,88031
88011,89097
88015,88017
88015,88021
88015,88029
88015,88031
88015,88033
88017,88021
88017,88029
88017,88033
88017,88035
88021,88029
88021,88031
88021,88033
88021,88035
88021,88036
88029,88031
88029,88033
88029,88035
88029,88038
88031,88033
88031,88035
88031,88036
88031,88044
88033,88035
88033,88044
88033,88047
88033,94910
88035,88036
88035,88038
88035,88044
88035,88053
88036,88038
88036,88044
88036,88047
88036,88053
88036,88054
88038,88047
88038,88053
88038,88054
88038,88057
88044,88047
88044,88053
88044,88054
88044,88057
88044,88060
88047,88053
88047,88054
88047,88060
88047,88062
88053,88054
88053,88057
88053,88062
88053,88063
88054,88057
88054,88062
88054,88063
88054,88066
88057,88060
88057,88062
88057,88063
88057,88066
88057,88072
88060,88062
88060,88063
88060,88066
88060,88072
88060,88074
88062,88063
88062,88066
88062,88072
88062,88074
88062,88077
88063,88066
88063,88072
88063,88074
88063,88077
88063,88079
88066,88072
88066,88074
88066,88077
88066,88079
88072,88074
88072,88077
88072,88079
88072,88081
88072,88083
88072,97496
88074,88077
88074,88081
88074,88083
88074,88084
88074,94730
88077,88079
88077,88081
88077,88083
88077,88084
88077,88088
88079,88083
88079,88084
88079,88088
88079,88092
88081,88083
88081,88084
88081,88088
88081,88095
88083,88084
88083,88088
88083,88092
88083,88095
88083,88097
88084,88088
88084,88095
88084,88097
88084,92589
88088,88092
88088,88095
88088,88097
88088,88098
88088,88100
88092,88095
88092,88097
88092,88100
88092,88112
88095,88097
88095,88100
88095,88112
88095,88116
88097,88098
88097,88100
88097,88112
88097,88116
88097,88121
88098,88100
88098,88116
88098,88121
88098,88123
88100,88112
88100,88116
88100,88123
88100,88125
88112,88116
88112,88121
88112,88123
88112,88125
88112,88126
88116,88121
88116,88123
88116,88125
88116,88126
88116,88127
88121,88123
88121,88125
88121,88126
88121,88127
88121,88132
88123,88125
88123,88126
88123,88127
88123,88132
88123,88139
88125,88126
88125,88127
88125,88132
88126,88127
88126,88132
88126,88139
88126,88143
88126,88145
88127,88132
88127,88139
88127,88143
88127,88145
88127,88146
88132,88139
88132,88143
88132,88145
88132,88146
88132,88147
88139,88143
88139,88145
88139,88146
88139,88147
88139,88153
88143,88145
88143,88147
88143,88153
88143,88160
88145,88146
88145,88147
88145,88153
88145,88160
88145,88162
88146,88147
88146,88153
88146,88160
88146,88162
88146,88169
88147,88153
88147,88160
88147,88162
88147,88169
88147,88171
88153,88160
88153,88162
88153,88169
88153,88185
88160,88162
88160,88169
88160,88171
88160,88185
88160,88189
88162,88169
88162,88171
88162,88185
88162,88189
88162,88191
88169,88171
88169,88185
88169,88189
88169,88191
88171,88185
88171,88189
88171,88191
88171,88193
88171,99771
88185,88189
88185,88191
88185,88193
88185,88197
88185,88203
88189,88191
88189,88193
88189,88197
88189,88203
88189,88212
88191,88193
88191,88197
88191,88203
88191,88212
88191,88215
88193,88197
88193,88203
88193,88212
88193,88215
88193,88218
88197,88203
88197,88212
88197,88215
88197,88218
88197,88220
88203,88215
88203,88218
88203,88220
88203,88221
88212,88215
88212,88218
88212,88220
88212,88221
88212,88223
88215,88218
88215,88220
88215,88221
88215,88223
88215,88229
88218,88220
88218,88221
88218,88223
88218,88229
88218,88232
88220,88221
88220,88223
88220,88229
88220,88232
88220,88236
88221,88223
88221,88229
88221,88232
88221,88236
88221,88237
88223,88229
88223,88232
88223,88236
88223,88237
88223,88240
88229,88232
88229,88236
88229,88237
88229,88263
88232,88236
88232,88237
88232,88240
88232,88263
88232,88268
88236,88237
88236,88240
88236,88263
88236,88268
88236,88269
88237,88240
88237,88263
88237,88268
88237,88269
88237,88276
88240,88268
88240,88269
88240,88276
88240,88284
88263,88269
88263,88276
88263,88289
88268,88269
88268,88276
88268,88284
88268,88289
88268,88290
88269,88276
88269,88284
88269,88289
88269,88290
88269,88293
88276,88284
88276,88290
88276,88293
88276,88296
88284,88289
88284,88290
88284,88293
88284,88296
88284,88297
88289,88290
88289,88293
88289,88296
88289,88297
88289,88299
88290,88293
88290,88296
88290,88297
88290,88299
88290,88306
88293,88297
88293,88299
88293,88307
88296,88297
88296,88299
88296,88306
88296,88307
88296,88315
88297,88299
88297,88306
88297,88307
88297,88315
88297,88322
88299,88306
88299,88315
88299,88322
88299,88325
88306,88315
88306,88322
88306,88325
88306,88327
88306,97772
88307,88315
88307,88322
88307,88325
88307,88327
88307,88334
88307,89289
88315,88322
88315,88325
88315,88327
88315,88334
88315,88337
88322,88325
88322,88327
88322,88334
88322,88337
88322,88340
88325,88334
88325,88337
88325,88340
88325,88343
88327,88334
88327,88337
88327,88340
88327,88343
88327,88344
88334,88340
88334,88343
88334,88344
88334,88346
88337,88340
88337,88343
88337,88344
88337,88346
88337,88350
88340,88343
88340,88346
88340,88350
88340,88351
88343,88344
88343,88346
88343,88350
88343,88351
88343,88352
88344,88346
88344,88350
88344,88351
88344,88352
88344,88356
88346,88350
88346,88351
88346,88352
88346,88356
88346,88358
88350,88351
88350,88352
88350,88356
88350,88359
88351,88352
88351,88356
88351,88358
88351,88359
88351,88362
88352,88356
88352,88358
88352,88359
88352,88362
88356,88358
88356,88359
88356,88362
88356,88366
88356,88367
88358,88359
88358,88362
88358,88366
88358,88367
88359,88362
88359,88367
88359,88368
88359,88370
88362,88367
88362,88368
88362,88370
88362,88378
88366,88367
88366,88368
88366,88378
88366,88379
88367,88368
88367,88370
88367,88378
88367,88379
88367,88380
88368,88370
88368,88378
88368,88380
88368,88382
88370,88378
88370,88379
88370,88380
88370,88382
88370,88384
88378,88380
88378,88382
88379,88380
88379,88382
88379,88384
88379,88389
88379,88390
88380,88382
88380,88384
88380,88389
88380,88391
88380,92546
88382,88384
88382,88389
88382,88390
88382,88391
88382,88392
88384,88390
88384,88391
88384,88392
88384,88394
88384,96258
88389,88390
88389,88391
88389,88392
88389,88394
88389,88395
88390,88391
88390,88392
88390,88394
88390,88395
88390,95357
88390,94953
88391,88392
88391,88395
88391,88402
88391,88412
88392,88394
88392,88395
88392,88402
88392,88412
88392,88413
88394,88402
88394,88412
88394,88413
88395,88402
88395,88412
88395,88413
88395,88414
88395,88416
88402,88412
88402,88413
88402,88414
88402,88416
88402,88420
88412,88413
88412,88414
88412,88416
88412,88420
88412,88424
88413,88414
88413,88416
88413,88420
88413,88424
88413,88425
88414,88416
88414,88420
88414,88425
88414,88431
88416,88420
88416,88424
88416,88431
88416,88436
88420,88424
88420,88431
88420,88436
88424,88425
88424,88431
88424,88437
88424,88440
88424,98777
88425,88431
88425,88436
88425,88441
88431,88436
88431,88437
88431,88440
88431,88441
88431,88442
88436,88437
88436,88440
88436,88441
88436,88442
88436,88454
88437,88442
88437,88454
88437,94328
88440,88441
88440,88442
88440,88454
88440,88460
88440,98884
88441,88442
88441,88454
88441,88460
88441,88466
88441,88471
88442,88454
88442,88466
88442,88472
88454,88460
88454,88466
88454,88471
88454,88472
88460,88478
88466,88471
88466,88472
88466,88478
88466,88479
88466,88480
88471,88478
88471,88479
88471,88480
88471,88488
88472,88478
88472,88479
88472,88488
88472,97196
88478,88479
88478,88480
88478,88489
88478,88491
88479,88480
88479,88488
88479,88489
88479,88491
88479,88492
88480,88488
88480,88489
88480,88491
88480,88492
88480,88493
88488,88489
88488,88491
88488,88492
88488,88493
88488,88496
88489,88491
88489,88492
88489,88493
88489,88496
88489,88501
88491,88492
88491,88493
88491,88496
88491,88501
88491,88507
88492,88496
88492,88501
88492,88507
88492,88508
88493,88501
88493,88507
88493,88508
88493,88509
88496,88501
88496,88507
88496,88508
88496,88509
88496,88517
88501,88507
88501,88508
88501,88509
88501,88518
88507,88508
88507,88509
88507,88517
88507,88518
88507,88520
88508,88517
88508,88518
88508,88520
88508,88522
88509,88517
88509,88520
88509,88522
88509,88524
88517,88518
88517,88520
88517,88522
88517,88524
88517,88527
88518,88520
88518,88522
88518,88524
88518,88527
88518,88529
88518,96099
88520,88522
88520,88524
88520,88527
88520,88529
88520,88533
88522,88524
88522,88527
88522,88529
88522,88533
88522,88546
88524,88527
88524,88529
88524,88533
88524,88546
88524,88547
88527,88529
88527,88546
88527,88547
88529,88533
88529,88546
88529,88547
88529,88548
88529,88549
88529,94343
88533,88546
88533,88547
88533,88548
88533,88549
88533,88559
88546,88547
88546,88548
88546,88549
88546,88559
88546,88561
88547,88548
88547,88549
88547,88561
88547,88563
88548,88549
88548,88559
88548,88561
88548,88563
88549,88559
88549,88563
88549,88565
88549,88569
88559,88561
88559,88563
88559,88565
88559,88569
88559,88575
88561,88563
88561,88565
88561,88569
88561,88575
88561,88578
88563,88565
88563,88569
88563,88575
88563,88578
88563,88581
88565,88569
88565,88575
88565,88578
88565,88594
88565,90794
88569,88575
88569,88581
88569,88594
88569,88595
88575,88578
88575,88581
88575,88594
88575,88595
88575,88605
88575,89758
88578,88581
88578,88594
88578,88595
88578,88605
88578,88606
88578,96967
88581,88594
88581,88605
88581,88608
88594,88595
88594,88605
88594,88606
88594,88608
88594,88615
88595,88605
88595,88606
88595,88608
88595,88615
88595,88618
88605,88606
88605,88608
88605,88615
88605,88618
88605,88623
88606,88608
88606,88615
88606,88618
88606,88623
88606,88624
88608,88615
88608,88618
88608,88623
88608,88624
88608,88629
88615,88618
88615,88624
88615,88633
88618,88623
88618,88624
88618,88629
88618,88633
88618,88638
88623,88624
88623,88629
88623,88638
88623,88641
88624,88629
88624,88633
88624,88638
88624,88641
88624,88643
88624,94187
88629,88633
88629,88638
88629,88641
88629,88644
88633,88638
88633,88641
88633,88643
88633,88644
88633,88645
88638,88641
88638,88643
88638,88644
88638,88645
88638,88651
88641,88643
88641,88644
88641,88645
88641,88652
88643,88644
88643,88645
88643,88651
88643,88652
88643,88656
88644,88651
88644,88652
88644,88656
88644,88658
88645,88651
88645,88652
88645,88656
88645,88658
88645,88659
88651,88652
88651,88656
88651,88658
88651,88659
88651,88664
88652,88656
88652,88658
88652,88664
88652,88665
88656,88658
88656,88659
88656,88665
88658,88659
88658,88664
88658,88665
88658,88674
88659,88664
88659,88665
88659,88674
88659,88675
88659,97415
88664,88665
88664,88668
88664,88675
88664,88682
88665,88668
88665,88675
88665,88682
88665,88684
88668,88674
88668,88682
88668,88684
88668,88685
88674,88675
88674,88682
88674,88684
88674,88685
88674,88686
88675,88682
88675,88684
88675,88685
88675,88686
88675,88689
88682,88684
88682,88685
88682,88686
88682,88689
88682,88690
88684,88685
88684,88686
88684,88689
88684,88690
88684,88695
88685,88686
88685,88689
88685,88690
88685,88695
88686,88689
88686,88690
88686,88695
88686,88699
88686,88701
88689,88690
88689,88695
88689,88699
88689,88701
88689,88704
88690,88699
88690,88701
88690,88704
88690,88709
88695,88699
88695,88701
88695,88704
88695,88709
88695,88711
88699,88701
88699,88704
88699,88709
88699,88711
88699,88719
88701,88704
88701,88709
88701,88711
88701,88722
88704,88709
88704,88711
88704,88719
88704,88722
88704,88743
88709,88711
88709,88719
88709,88722
88709,88743
88709,88747
88711,88719
88711,88743
88711,88747
88719,88722
88719,88743
88719,88747
88719,88748
88722,88747
88722,88748
88722,88749
88722,88753
88743,88747
88743,88748
88743,88749
88743,88761
88743,89722
88747,88748
88747,88749
88747,88753
88747,88761
88747,88764
88748,88749
88748,88753
88748,88764
88748,88769
88749,88753
88749,88761
88749,88764
88749,88769
88749,88770
88753,88761
88753,88764
88753,88769
88753,88770
88753,97472
88761,88769
88761,88770
88761,88775
88761,94771
88764,88769
88764,88770
88764,88772
88764,88779
88769,88770
88769,88772
88769,88775
88769,88786
88770,88772
88770,88775
88770,88779
88770,88786
88770,88790
88772,88779
88772,88786
88772,88790
88772,88794
88775,88786
88775,88790
88775,88794
88775,88795
88779,88786
88779,88790
88779,88794
88779,88795
88779,88800
88786,88794
88786,88795
88786,88800
88786,88803
88790,88794
88790,88800
88790,88803
88790,88804
88790,98814
88794,88795
88794,88800
88794,88803
88794,88804
88794,88807
88795,88800
88795,88804
88795,88807
88795,88814
88800,88803
88800,88804
88800,88807
88800,88814
88800,88816
88803,88804
88803,88807
88803,88817
88804,88807
88804,88814
88804,88816
88804,88817
88804,88818
88807,88816
88807,88817
88807,88818
88807,88826
88814,88816
88814,88817
88814,88818
88814,88829
88816,88818
88816,88826
88816,88829
88816,88832
88817,88818
88817,88826
88817,88829
88817,88832
88817,88838
88818,88826
88818,88829
88818,88832
88818,88838
88818,88840
88826,88829
88826,88832
88826,88838
88826,88840
88826,88843
88829,88832
88829,88838
88829,88840
88829,88843
88829,88850
88832,88838
88832,88840
88832,88843
88832,88850
88832,88851
88838,88840
88838,88843
88838,88850
88838,88851
88838,88852
88838,99411
88840,88851
88840,88852
88843,88850
88843,88851
88843,88852
88843,88855
88843,88859
88850,88851
88850,88852
88850,88855
88850,88859
88850,88862
88851,88852
88851,88855
88851,88859
88851,88862
88851,88868
88852,88855
88852,88859
88852,88862
88852,88868
88852,88878
88855,88859
88855,88862
88855,88868
88855,88878
88859,88862
88859,88868
88859,88878
88859,88885
88859,88891
88862,88868
88862,88878
88862,88885
88862,88891
88862,88897
88868,88878
88868,88885
88868,88891
88868,88897
88868,99884
88878,88885
88878,88891
88878,88898
88878,88914
88885,88891
88885,88898
88885,88914
88885,88917
88891,88897
88891,88898
88891,88914
88891,88917
88891,88920
88897,88914
88897,88917
88897,88920
88897,88924
88897,98303
88898,88914
88898,88917
88898,88920
88898,88924
88898,88931
88914,88920
88914,88924
88914,88931
88914,88936
88917,88920
88917,88924
88917,88931
88917,88936
88917,88939
88920,88924
88920,88931
88920,88936
88920,88939
88920,88944
88924,88931
88924,88936
88924,88944
88924,88945
88924,99766
88931,88936
88931,88939
88931,88944
88931,88945
88931,91817
88931,91040
88936,88939
88936,88945
88936,88946
88936,88947
88936,99708
88939,88946
88939,88947
88939,88951
88944,88945
88944,88946
88944,88947
88944,88951
88944,88954
88945,88946
88945,88947
88945,88951
88945,88970
88946,88947
88946,88951
88946,88954
88946,88970
88946,88972
88947,88951
88947,88954
88947,88970
88951,88954
88951,88970
88951,88972
88951,88975
88951,88980
88954,88970
88954,88972
88954,88975
88954,88980
88954,88983
88970,88972
88970,88980
88970,88984
88972,88975
88972,88980
88972,88983
88972,88984
88972,88990
88975,88980
88975,88983
88975,88984
88975,88990
88975,88995
88980,88983
88980,88984
88980,88990
88980,88995
88980,88997
88983,88984
88983,88995
88983,88997
88983,89002
88984,88990
88984,88995
88984,88997
88984,89002
88984,89011
88990,88995
88990,89002
88990,89011
88990,89019
88995,88997
88995,89002
88995,89011
88995,89019
88995,89023
88997,89011
88997,89019
88997,89023
88997,89026
88997,95638
89002,89011
89002,89019
89002,89023
89002,89026
89002,89029
89011,89019
89011,89023
89011,89026
89011,89029
89011,89030
89019,89023
89019,89026
89019,89029
89019,89030
89023,89026
89023,89029
89023,89030
89023,89032
89026,89029
89026,89030
89026,89039
89026,89043
89029,89030
89029,89032
89029,89039
89029,89043
89029,89044
89030,89032
89030,89039
89030,89043
89030,89044
89030,89045
89032,89039
89032,89043
89032,89044
89032,89045
89039,89043
89039,89044
89039,89045
89039,89046
89039,89051
89043,89044
89043,89045
89043,89046
89043,89051
89043,89059
89044,89045
89044,89046
89044,89051
89044,89059
89044,89061
89045,89051
89045,89059
89045,89061
89045,89066
89046,89059
89046,89061
89046,89066
89046,89073
89051,89059
89051,89061
89051,89066
89051,89073
89059,89061
89059,89066
89059,89073
89059,89075
89059,89076
89061,89066
89061,89075
89061,89076
89061,89078
89066,89075
89066,89076
89066,89078
89066,89087
89066,93324
89073,89075
89073,89078
89073,89087
89073,89088
89075,89076
89075,89078
89075,89087
89075,89088
89075,89090
89076,89078
89076,89087
89076,89088
89076,89090
89076,89097
89078,89087
89078,89088
89078,89090
89078,89097
89078,89100
89087,89088
89087,89090
89087,89097
89087,89100
89087,89110
89088,89090
89088,89097
89088,89100
89088,89110
89088,89112
89090,89097
89090,89100
89090,89110
89090,89112
89090,89113
89097,89100
89097,89110
89097,89112
89097,89113
89100,89110
89100,89112
89100,89113
89100,89115
89100,89117
89110,89112
89110,89113
89110,89115
89110,89117
89110,89122
89112,89113
89112,89115
89112,89117
89112,89122
89112,89137
89113,89115
89113,89117
89113,89122
89113,89137
89113,89138
89115,89117
89115,89122
89115,89137
89115,89138
89115,89142
89117,89122
89117,89137
89117,89138
89117,89142
89117,93014
89122,89137
89122,89138
89122,89142
89122,89146
89137,89138
89137,89144
89137,89146
89137,89147
89138,89142
89138,89144
89138,89146
89138,89147
89138,89148
89142,89144
89142,89146
89142,89147
89142,89148
89142,89153
89144,89146
89144,89147
89144,89148
89144,89153
89144,89159
89146,89147
89146,89148
89146,89153
89146,89159
89147,89148
89147,89153
89147,89159
89147,89167
89147,89169
89148,89153
89148,89159
89148,89167
89148,89169
89148,89171
89153,89159
89153,89167
89153,89169
89153,89171
89153,89176
89159,89169
89159,89171
89159,89176
89159,89184
89159,89984
89167,89171
89167,89176
89167,89184
89167,89188
89169,89176
89169,89184
89169,89188
89169,89196
89171,89176
89171,89184
89171,89188
89171,89196
89171,89197
89176,89184
89176,89188
89176,89196
89176,89197
89176,89198
89176,90363
89184,89188
89184,89196
89184,89197
89184,89198
89184,89203
89188,89196
89188,89197
89188,89198
89188,89203
89188,89204
89196,89197
89196,89198
89196,89203
89196,89204
89196,89205
89197,89198
89197,89203
89197,89204
89197,89205
89197,89210
89198,89203
89198,89204
89198,89210
89198,89220
89203,89205
89203,89221
89203,92465
89204,89205
89204,89210
89204,89220
89204,89221
89204,89229
89205,89210
89205,89221
89205,89229
89205,89232
89210,89220
89210,89221
89210,89232
89210,89236
89220,89221
89220,89229
89220,89232
89220,89236
89221,89232
89221,89236
89221,89254
89229,89232
89229,89236
89229,89250
89229,89254
89232,89236
89232,89254
89232,89261
89236,89250
89236,89254
89236,89261
89236,89265
89236,89268
89250,89254
89250,89265
89250,89268
89250,89272
89250,93575
89254,89265
89254,89268
89254,89272
89261,89268
89261,89272
89261,89273
89261,89274
89265,89268
89265,89272
89265,89273
89265,89274
89265,89288
89268,89272
89268,89273
89268,89288
89268,89289
89272,89273
89272,89274
89272,89288
89272,89289
89272,89299
89273,89274
89273,89288
89273,89289
89273,89299
89273,89300
89274,89288
89274,89289
89274,89299
89274,89300
89274,89302
89288,89289
89288,89299
89288,89300
89288,89302
89288,89303
89289,89300
89289,89302
89299,89300
89299,89302
89299,89303
89299,89307
89299,89313
89300,89303
89300,89307
89300,89313
89300,89316
89302,89303
89302,89307
89302,89313
89302,89316
89302,89321
89303,89307
89303,89313
89303,89316
89303,89321
89303,89322
89307,89313
89307,89316
89307,89321
89307,89322
89307,89325
89313,89316
89313,89321
89313,89322
89313,89325
89313,89327
89316,89321
89316,89322
89316,89325
89316,89331
89321,89322
89321,89325
89321,89327
89321,89331
89321,89335
89322,89327
89322,89331
89322,89335
89322,89340
89325,89335
89325,89340
89325,89341
89327,89331
89327,89335
89327,89340
89327,89341
89327,89344
89331,89335
89331,89341
89331,89344
89331,89345
89335,89340
89335,89341
89335,89344
89335,89345
89335,89347
89340,89341
89340,89344
89340,89345
89340,89347
89340,89349
89341,89344
89341,89345
89341,89347
89341,89349
89344,89345
89344,89347
89344,89349
89344,89360
89345,89353
89345,89360
89345,89363
89345,95744
89345,91951
89345,97415
89347,89349
89347,89353
89347,89363
89347,89364
89347,96881
89349,89353
89349,89360
89349,89363
89349,89364
89349,89371
89353,89360
89353,89363
89353,89364
89353,89371
89353,89380
89360,89363
89360,89364
89360,89371
89360,89380
89360,89385
89360,90921
89363,89371
89363,89380
89363,89385
89363,89395
89364,89371
89364,89380
89364,89385
89364,89395
89364,89398
89371,89380
89371,89385
89371,89395
89371,89398
89371,89402
89380,89385
89380,89395
89380,89398
89385,89395
89385,89398
89385,89402
89385,89407
89385,89408
89395,89402
89395,89407
89395,89408
89395,97351
89398,89402
89398,89407
89398,89408
89398,89418
89398,89419
89402,89407
89402,89408
89402,89418
89402,89419
89402,89426
89407,89408
89407,89418
89407,89419
89407,89426
89407,89427
89408,89418
89408,89426
89408,89427
89408,89433
89418,89426
89418,89427
89418,89433
89418,89434
89418,91626
89419,89426
89419,89427
89419,89433
89426,89427
89426,89433
89426,89434
89426,89435
89426,89436
89427,89433
89427,89435
89427,89436
89427,89443
89433,89434
89433,89435
89433,89436
89433,89443
89433,89451
89434,89436
89434,89443
89434,89451
89434,89459
89434,99446
89435,89443
89435,89451
89435,89459
89436,89443
89436,89451
89436,89459
89436,89461
89436,89464
89443,89451
89443,89459
89443,89461
89443,89464
89443,89474
89451,89459
89451,89461
89451,89464
89451,89474
89451,89476
89459,89461
89459,89464
89459,89476
89459,89481
89461,89464
89461,89474
89461,89476
89461,89481
89461,89484
89464,89474
89464,89476
89464,89481
89464,89484
89464,89488
89474,89481
89474,89484
89474,89488
89474,89492
89476,89484
89476,89488
89476,89492
89481,89484
89481,89488
89481,89492
89481,89493
89481,89496
89484,89488
89484,89492
89484,89493
89484,89496
89484,89498
89488,89493
89488,89496
89488,89498
89488,89501
89492,89493
89492,89496
89492,89498
89492,89501
89492,89507
89493,89496
89493,89498
89493,89501
89493,89507
89493,89510
89496,89498
89496,89501
89496,89507
89496,89510
89496,89511
89498,89501
89498,89510
89498,89511
89498,89512
89501,89507
89501,89510
89501,89511
89501,89512
89501,89522
89507,89510
89507,89511
89507,89512
89507,89522
89507,89526
89510,89511
89510,89512
89510,89522
89510,89526
89510,89528
89511,89512
89511,89522
89511,89526
89511,89528
89511,89533
89512,89522
89512,89526
89512,89528
89512,89535
89512,96627
89522,89526
89522,89528
89522,89533
89522,89535
89522,89542
89526,89528
89526,89533
89526,89535
89526,89542
89526,89545
89528,89533
89528,89535
89528,89542
89528,89545
89528,89549
89533,89535
89533,89545
89533,89549
89533,89550
89535,89542
89535,89545
89535,89549
89535,89550
89535,89552
89542,89545
89542,89549
89542,89550
89542,89552
89542,89555
89545,89549
89545,89550
89545,89552
89545,89555
89545,89560
89549,89550
89549,89552
89549,89560
89549,89568
89550,89555
89550,89560
89550,89568
89550,89578
89552,89555
89552,89560
89552,89568
89552,89578
89552,89579
89555,89560
89555,89568
89555,89578
89555,89583
89560,89568
89560,89579
89560,89583
89560,89592
89568,89578
89568,89579
89568,89583
89568,89592
89568,89593
89578,89579
89578,89583
89578,89592
89578,89595
89579,89583
89579,89595
89579,89600
89583,89592
89583,89593
89583,89595
89583,89600
89583,89601
89592,89593
89592,89595
89592,89600
89592,89601
89592,89603
89593,89595
89593,89600
89593,89601
89593,89603
89593,89604
89595,89600
89595,89601
89595,89603
89595,89604
89595,89612
89600,89601
89600,89603
89600,89604
89600,89612
89600,89613
89601,89603
89601,89604
89601,89612
89601,89613
89601,89614
89603,89604
89603,89612
89603,89613
89603,89614
89603,89619
89604,89612
89604,89614
89604,89619
89604,89621
89612,89613
89612,89619
89612,89621
89612,89626
89613,89614
89613,89619
89613,89621
89613,89626
89613,89630
89614,89619
89614,89621
89614,89626
89614,89630
89619,89621
89619,89626
89619,89630
89619,89632
89619,89634
89621,89626
89621,89630
89621,89632
89621,89634
89621,89635
89626,89630
89626,89632
89626,89634
89626,89635
89626,89640
89626,92002
89630,89632
89630,89635
89630,89640
89630,89642
89632,89635
89632,89640
89632,89642
89632,89645
89634,89635
89634,89640
89634,89642
89634,89645
89634,89654
89635,89640
89635,89645
89635,89654
89635,89656
89640,89642
89640,89645
89640,89654
89640,89656
89642,89645
89642,89654
89642,89656
89642,89658
89642,89669
89645,89654
89645,89656
89645,89658
89645,89669
89645,89670
89654,89656
89654,89658
89654,89669
89654,89670
89654,89671
89656,89669
89656,89670
89656,89671
89656,89675
89658,89669
89658,89670
89658,89675
89658,89685
89658,95595
89669,89670
89669,89675
89669,89685
89669,89688
89670,89671
89670,89675
89670,89685
89670,89688
89670,89689
89671,89675
89671,89685
89671,89688
89671,89689
89671,89690
89675,89685
89675,89688
89675,89689
89675,89700
89675,90391
89685,89688
89685,89689
89685,89690
89685,89700
89688,89689
89688,89690
89688,89700
89688,89701
89688,89708
89689,89690
89689,89700
89689,89701
89689,89708
89689,89711
89690,89701
89690,89708
89690,89711
89690,89713
89700,89701
89700,89708
89700,89711
89700,89713
89700,89720
89701,89708
89701,89711
89701,89713
89701,89722
89701,99999
89708,89711
89708,89720
89708,89722
89708,89729
89711,89713
89711,89720
89711,89722
89711,89729
89711,89730
89713,89722
89713,89729
89713,89731
89720,89729
89720,89730
89720,89731
89720,89733
89722,89729
89722,89730
89722,89733
89722,89735
89729,89730
89729,89731
89729,89733
89729,89736
89729,96858
89730,89731
89730,89733
89730,89735
89730,89736
89730,89737
89731,89733
89731,89736
89731,89737
89731,89739
89733,89735
89733,89736
89733,89737
89733,89739
89733,89758
89735,89736
89735,89737
89735,89739
89735,89758
89736,89739
89736,89758
89736,89764
89736,89769
89736,99767
89737,89739
89737,89758
89737,89764
89737,89769
89737,89773
89739,89758
89739,89764
89739,89769
89739,89773
89739,89774
89758,89764
89758,89773
89758,89774
89758,89788
89764,89769
89764,89773
89764,89774
89764,89788
89764,89789
89769,89773
89769,89774
89769,89788
89769,89789
89769,89791
89773,89774
89773,89788
89773,89789
89773,89791
89774,89788
89774,89789
89774,89791
89774,89796
89774,89801
89788,89789
89788,89791
89788,89796
89788,89801
89788,89802
89789,89796
89789,89801
89789,89802
89791,89796
89791,89801
89791,89802
89791,89807
89791,89810
89796,89801
89796,89802
89796,89807
89796,89810
89796,89812
89801,89802
89801,89807
89801,89810
89801,89812
89801,89814
89802,89810
89802,89814
89802,89816
89807,89810
89807,89812
89807,89814
89807,89816
89807,89818
89810,89812
89810,89814
89810,89816
89810,89818
89810,89819
89812,89814
89812,89816
89812,89818
89812,89819
89812,89822
89814,89818
89814,89819
89814,89822
89814,89825
89816,89818
89816,89819
89816,89822
89816,89825
89816,89835
89818,89819
89818,89822
89818,89835
89818,89836
89819,89825
89819,89835
89819,89836
89819,89842
89819,91379
89822,89825
89822,89835
89822,89836
89822,89842
89822,89846
89825,89836
89825,89842
89835,89836
89835,89842
89835,89846
89835,89851
89836,89842
89836,89846
89836,89851
89836,89856
89836,89857
89842,89846
89842,89851
89842,89856
89842,89857
89842,89859
89846,89851
89846,89856
89846,89857
89846,89859
89846,89860
89851,89857
89851,89859
89851,89860
89851,89863
89856,89857
89856,89859
89856,89860
89856,89863
89856,89873
89857,89859
89857,89860
89857,89863
89857,89873
89857,89874
89859,89863
89859,89874
89859,89877
89860,89863
89860,89873
89860,89874
89860,89877
89860,89879
89863,89873
89863,89874
89863,89877
89863,89881
89873,89874
89873,89877
89873,89879
89873,89881
89873,89883
89874,89877
89874,89879
89874,89881
89874,89883
89874,89884
89877,89881
89877,89883
89877,89884
89877,89887
89879,89883
89879,89884
89879,89887
89879,89892
89881,89884
89881,89887
89881,89892
89881,89893
89883,89884
89883,89887
89883,89892
89883,89893
89884,89887
89884,89892
89884,89893
89884,89900
89884,89902
89887,89892
89887,89893
89887,89900
89887,89902
89887,89908
89892,89893
89892,89900
89892,89902
89892,89917
89893,89900
89893,89902
89893,89908
89893,89917
89893,89921
89900,89902
89900,89908
89900,89917
89900,89921
89900,89922
89902,89908
89902,89917
89902,89921
89902,89922
89902,89926
89908,89917
89908,89922
89908,89929
89917,89921
89917,89922
89917,89926
89917,89929
89917,89931
89921,89922
89921,89926
89921,89929
89921,89935
89921,94381
89922,89926
89922,89929
89922,89931
89922,89935
89922,89936
89926,89929
89926,89931
89926,89935
89926,89936
89926,89940
89929,89931
89929,89935
89929,89936
89929,89940
89929,89949
89931,89935
89931,89936
89931,89940
89935,89936
89935,89940
89935,89949
89935,89954
89935,89957
89936,89940
89936,89954
89936,89957
89936,89965
89940,89954
89940,89957
89940,89965
89949,89954
89949,89957
89949,89965
89949,89970
89949,89980
89954,89957
89954,89965
89954,89980
89954,89984
89957,89965
89957,89970
89957,89980
89957,89984
89965,89970
89965,89980
89965,89984
89965,89989
89970,89980
89970,89984
89970,89989
89970,89990
89970,89992
89980,89984
89980,89989
89980,89990
89980,89992
89980,89995
89984,89989
89984,89990
89984,89992
89984,89995
89984,89998
89989,89990
89989,89992
89989,89995
89989,89998
89989,90000
89989,91159
89990,89992
89990,89995
89990,89998
89990,90000
89992,89995
89992,89998
89992,90004
89992,90005
89992,96474
89995,89998
89995,90000
89995,90004
89995,90005
89995,90007
89995,92122
89998,90000
89998,90004
89998,90005
89998,90007
90000,90004
90000,90005
90000,90007
90000,90011
90000,90012
90004,90005
90004,90007
90004,90011
90004,90012
90004,90021
90005,90011
90005,90012
90005,90021
90005,90022
90005,97134
90007,90011
90007,90012
90007,90021
90007,90022
90007,90024
90011,90012
90011,90022
90011,90024
90011,90031
90011,90209
90012,90021
90012,90022
90012,90024
90012,90031
90012,90034
90021,90022
90021,90024
90021,90031
90021,90043
90022,90024
90022,90031
90022,90034
90022,90043
90022,90050
90024,90034
90024,90043
90024,90050
90024,90052
90031,90034
90031,90043
90031,90050
90031,90055
90034,90043
90034,90050
90034,90052
90034,90055
90043,90050
90043,90052
90043,90062
90043,90074
90043,96402
90050,90052
90050,90055
90050,90062
90050,90074
90050,90086
90052,90055
90052,90062
90052,90074
90052,90096
90055,90062
90055,90074
90055,90099
90055,92895
90062,90074
90062,90086
90062,90096
90062,90099
90062,90100
90074,90086
90074,90096
90074,90099
90074,90100
90074,90106
90086,90099
90086,90100
90086,90106
90086,90107
90096,90099
90096,90100
90096,90106
90096,90107
90099,90106
90099,90107
90099,90108
90099,90111
90099,90560
90100,90106
90100,90107
90100,90108
90100,90111
90100,90113
90106,90107
90106,90108
90106,90111
90106,90113
90106,90117
90107,90108
90107,90111
90107,90113
90107,90117
90107,90119
90108,90113
90108,90117
90108,90119
90108,90127
90108,99657
90111,90113
90111,90117
90111,90119
90111,90127
90111,90137
90113,90117
90113,90119
90113,90127
90113,90137
90113,90138
90117,90119
90117,90127
90117,90137
90117,90138
90117,90139
90119,90127
90119,90137
90119,90138
90119,90139
90119,90140
90127,90137
90127,90138
90127,90139
90127,90140
90127,90141
90137,90138
90137,90139
90137,90140
90137,90141
90137,90145
90138,90139
90138,90140
90138,90141
90138,90148
90139,90140
90139,90145
90139,90148
90139,90149
90140,90141
90140,90145
90140,90149
90140,90156
90140,97754
90141,90145
90141,90148
90141,90149
90141,90171
90145,90148
90145,90149
90145,90156
90145,90174
90148,90149
90148,90156
90148,90171
90148,90174
90148,90175
90149,90156
90149,90171
90149,90174
90149,90175
90149,90178
90156,90171
90156,90174
90156,90175
90156,90178
90156,90181
90171,90174
90171,90181
90171,90183
90174,90181
90174,90184
90174,98801
90175,90178
90175,90181
90175,90183
90175,90184
90175,90186
90178,90181
90178,90183
90178,90184
90178,90186
90178,90190
90178,94404
90181,90184
90181,90186
90181,90194
90181,97089
90183,90184
90183,90186
90183,90190
90183,90194
90184,90186
90184,90190
90184,90194
90184,90195
90184,90196
90186,90190
90186,90194
90186,90195
90186,90196
90186,90197
90190,90194
90190,90195
90190,90196
90190,90197
90190,90204
90194,90195
90194,90196
90194,90197
90194,90204
90194,90209
90195,90196
90195,90197
90195,90204
90195,90209
90196,90197
90196,90204
90196,90209
90196,90210
90196,90216
90197,90204
90197,90209
90197,90210
90197,90216
90197,90220
90204,90209
90204,90210
90204,90216
90204,90220
90204,90224
90209,90210
90209,90216
90209,90224
90209,90226
90210,90216
90210,90224
90210,90226
90210,90227
90216,90220
90216,90224
90216,90226
90216,90229
90220,90224
90220,90226
90220,90227
90220,90229
90220,90234
90224,90226
90224,90227
90224,90229
90224,90234
90224,90237
90226,90227
90226,90229
90226,90234
90226,90237
90226,90240
90227,90229
90227,90234
90227,90237
90227,90240
90227,90241
90229,90234
90229,90240
90229,90241
90229,90242
90234,90237
90234,90240
90234,90241
90234,90242
90234,90243
90234,98462
90237,90240
90237,90241
90237,90242
90237,90243
90237,90247
90240,90241
90240,90242
90240,90243
90240,90247
90240,90260
90241,90242
90241,90260
90241,90264
90242,90243
90242,90247
90242,90260
90242,90264
90242,90266
90243,90247
90243,90260
90243,90264
90243,90266
90243,90267
90243,90412
90247,90260
90247,90264
90247,90266
90247,90267
90247,90268
90260,90264
90260,90266
90260,90267
90260,90268
90260,90269
90264,90266
90264,90267
90264,90268
90264,90269
90264,90275
90266,90267
90266,90268
90266,90269
90266,90275
90267,90268
90267,90269
90267,90275
90267,90279
90267,90291
90268,90269
90268,90275
90268,90279
90268,90291
90268,90297
90269,90275
90269,90279
90269,90291
90269,90297
90275,90279
90275,90291
90275,90297
90275,90309
90275,90313
90279,90291
90279,90297
90279,90309
90279,90313
90279,90314
90291,90297
90291,90309
90291,90313
90291,90315
90297,90309
90297,90313
90297,90314
90297,90315
90297,90317
90309,90313
90309,90314
90309,90315
90309,90317
90309,90324
90313,90314
90313,90315
90313,90317
90313,90324
90314,90315
90314,90317
90314,90324
90314,90327
90314,90330
90315,90324
90315,90327
90315,90330
90315,90335
90317,90324
90317,90327
90317,90330
90317,90335
90317,90337
90324,90330
90324,90335
90324,90337
90327,90330
90327,90335
90327,90341
90327,90354
90330,90335
90330,90337
90330,90341
90330,90354
90330,90357
90335,90337
90335,90341
90335,90354
90335,90357
90335,90361
90337,90341
90337,90357
90337,90361
90337,90363
90341,90354
90341,90357
90341,90361
90341,90363
90341,90365
90354,90361
90354,90363
90354,90365
90354,90367
90357,90361
90357,90363
90357,90365
90357,90367
90357,90371
90361,90363
90361,90365
90361,90367
90361,90371
90361,90373
90363,90365
90363,90371
90363,90373
90365,90367
90365,90371
90365,90373
90365,90377
90365,90380
90367,90371
90367,90373
90367,90377
90367,90380
90367,90383
90371,90373
90371,90377
90371,90380
90371,90383
90371,90387
90373,90377
90373,90380
90373,90383
90373,90387
90373,90391
90377,90380
90377,90383
90377,90391
90377,90402
90380,90383
90380,90387
90380,90391
90380,90402
90380,90403
90383,90387
90383,90391
90383,90402
90383,90403
90383,90404
90387,90402
90387,90403
90387,90404
90387,90411
90391,90402
90391,90403
90391,90404
90391,90411
90391,90412
90402,90403
90402,90404
90402,90411
90402,90412
90402,90415
90403,90404
90403,90411
90403,90412
90403,90415
90403,90421
90404,90411
90404,90412
90404,90415
90404,90421
90404,90428
90404,93837
90411,90412
90411,90421
90411,90428
90411,90430
90412,90415
90412,90428
90412,90430
90412,90434
90415,90421
90415,90428
90415,90430
90415,90434
90415,90435
90421,90428
90421,90430
90421,90434
90421,90435
90421,90441
90428,90430
90428,90434
90428,90435
90428,90441
90430,90435
90430,90441
90430,90448
90434,90435
90434,90441
90434,90448
90434,90449
90434,90450
90435,90441
90435,90448
90435,90449
90435,90450
90435,90452
90441,90448
90441,90449
90441,90450
90441,90452
90441,90454
90448,90450
90448,90452
90448,90454
90448,90457
90449,90450
90449,90452
90449,90454
90449,90457
90449,90458
90450,90452
90450,90454
90450,90457
90450,90458
90450,90459
90452,90454
90452,90457
90452,90459
90452,90462
90454,90457
90454,90459
90454,91220
90457,90458
90457,90464
90457,90470
90457,98644
90458,90459
90458,90462
90458,90464
90458,90470
90459,90462
90459,90464
90459,90478
90459,90482
90462,90464
90462,90470
90462,90478
90462,90482
90462,90483
90464,90470
90464,90478
90464,90482
90464,90483
90464,90488
90470,90478
90470,90482
90470,90483
90470,90488
90470,90489
90478,90482
90478,90483
90478,90488
90478,90489
90478,90493
90482,90483
90482,90488
90482,90493
90482,90497
90483,90488
90483,90489
90483,90493
90483,90497
90483,90498
90488,90489
90488,90493
90488,90497
90488,90498
90488,90504
90489,90493
90489,90497
90489,90498
90489,90504
90489,90516
90493,90497
90493,90504
90493,90516
90493,90525
90497,90498
90497,90504
90497,90525
90497,94293
90498,90504
90498,90516
90498,90525
90498,90526
90498,90528
90504,90516
90504,90525
90504,90526
90516,90525
90516,90526
90516,90528
90516,90529
90516,90532
90525,90526
90525,90528
90525,90529
90525,90532
90525,90537
90526,90528
90526,90529
90526,90532
90526,90537
90526,90552
90528,90529
90528,90532
90528,90537
90528,90552
90528,90560
90529,90532
90529,90537
90529,90552
90529,90560
90529,90562
90532,90537
90532,90552
90532,90560
90532,90575
90537,90552
90537,90560
90537,90562
90537,90575
90537,90577
90552,90560
90552,90562
90552,90577
90552,90580
90560,90562
90560,90575
90560,90577
90560,90580
90562,90575
90562,90577
90562,90580
90562,90585
90575,90577
90575,90580
90575,90584
90575,90585
90575,90586
90577,90580
90577,90584
90577,90585
90577,90586
90577,90593
90580,90585
90580,90586
90580,90593
90580,90596
90584,90585
90584,90586
90584,90593
90584,90596
90584,90598
90585,90586
90585,90593
90585,90596
90585,90598
90585,90601
90586,90596
90586,90598
90586,90601
90586,90602
90593,90598
90593,90601
90593,90602
90593,90603
90596,90598
90596,90601
90596,90602
90596,90603
90596,90604
90598,90601
90598,90606
90598,95511
90601,90602
90601,90603
90601,90604
90601,90606
90601,90610
90602,90603
90602,90604
90602,90606
90602,90610
90602,90615
90603,90604
90603,90606
90603,90610
90603,90615
90603,90623
90604,90606
90604,90610
90604,90615
90604,90623
90604,90625
90606,90610
90606,90615
90606,90623
90606,90628
90606,96711
90610,90615
90610,90623
90610,90625
90610,90628
90610,90630
90615,90623
90615,90625
90615,90628
90615,90630
90615,90635
90623,90628
90623,90630
90623,90635
90623,90636
90625,90630
90625,90635
90625,90636
90625,90637
90628,90630
90628,90635
90628,90636
90628,90637
90628,90641
90630,90635
90630,90636
90630,90637
90630,90641
90630,90643
90635,90636
90635,90637
90635,90641
90635,90643
90635,90644
90636,90637
90636,90641
90636,90643
90636,90645
90637,90641
90637,90643
90637,90644
90637,90645
90637,90649
90641,90643
90641,90644
90641,90649
90641,90654
90643,90644
90643,90645
90643,90649
90643,90656
90644,90645
90644,90649
90644,90654
90644,90656
90644,90660
90645,90649
90645,90654
90645,90660
90645,90661
90649,90654
90649,90656
90649,90660
90649,90661
90649,90663
90654,90656
90654,90660
90654,90661
90654,90663
90654,90664
90656,90660
90656,90661
90656,90663
90656,90664
90656,90665
90660,90661
90660,90663
90660,90664
90660,90665
90660,90666
90661,90663
90661,90664
90661,90665
90661,90666
90661,90670
90663,90664
90663,90665
90663,90666
90663,90670
90663,90676
90664,90665
90664,90666
90664,90670
90664,90676
90664,90683
90665,90670
90665,90676
90665,90683
90665,90692
90666,90676
90666,90683
90666,90692
90666,90694
90670,90676
90670,90683
90670,90692
90670,90694
90670,90696
90676,90683
90676,90692
90676,90694
90676,90701
90683,90692
90683,90694
90683,90696
90683,90701
90683,90707
90692,90694
90692,90696
90692,90701
90692,90707
90692,90708
90694,90696
90694,90701
90694,90707
90694,90708
90694,90711
90696,90701
90696,90707
90696,90708
90696,90711
90696,90714
90701,90707
90701,90708
90701,90711
90701,90714
90701,90721
90707,90708
90707,90711
90707,90714
90707,90728
90707,91598
90708,90711
90708,90714
90708,90721
90708,90728
90708,90729
90711,90714
90711,90721
90711,90728
90711,90729
90711,90742
90714,90721
90714,90728
90714,90729
90714,90745
90721,90728
90721,90729
90721,90742
90721,90745
90728,90729
90728,90742
90728,90745
90728,90748
90728,90752
90729,90742
90729,90745
90729,90748
90729,90752
90729,90753
90742,90745
90742,90748
90742,90752
90742,90753
90742,90754
90745,90748
90745,90752
90745,90753
90745,90754
90745,90756
90748,90752
90748,90753
90748,90754
90748,90756
90748,90757
90752,90753
90752,90754
90752,90756
90752,90757
90752,90762
90753,90754
90753,90756
90753,90757
90753,90762
90753,90764
90754,90756
90754,90757
90754,90762
90754,90764
90754,90768
90756,90757
90756,90762
90756,90764
90756,90768
90756,90769
90757,90762
90757,90768
90757,90770
90762,90764
90762,90768
90762,90769
90762,90770
90762,90783
90764,90768
90764,90769
90764,90770
90764,90783
90764,90792
90768,90769
90768,90770
90768,90783
90768,90792
90768,90794
90769,90770
90769,90783
90769,90792
90769,90794
90769,90799
90770,90783
90770,90792
90770,90794
90770,90799
90770,90804
90783,90792
90783,90794
90783,90799
90783,90804
90783,90813
90783,95152
90792,90794
90792,90799
90792,90804
90792,90813
90792,90824
90794,90799
90794,90804
90794,90824
90794,90827
90794,92495
90794,99079
90799,90804
90799,90813
90799,90824
90799,90827
90799,90831
90804,90813
90804,90824
90804,90827
90804,90831
90804,90832
90813,90827
90813,90831
90813,90838
90824,90827
90824,90831
90824,90832
90824,90838
90824,90839
90827,90831
90827,90832
90827,90838
90827,90839
90827,90840
90831,90832
90831,90838
90831,90839
90831,90840
90831,90849
90832,90839
90832,90840
90832,90849
90832,90871
90838,90839
90838,90840
90838,90849
90838,90874
90839,90840
90839,90849
90839,90871
90839,90874
90840,90849
90840,90871
90840,90878
90840,90881
90849,90874
90849,90881
90849,90887
90871,90874
90871,90881
90871,90887
90874,90878
90874,90881
90874,90887
90874,90888
90874,90891
90878,90881
90878,90887
90878,90888
90878,90891
90878,90893
90881,90887
90881,90888
90881,90893
90881,90895
90887,90888
90887,90891
90887,90893
90887,90895
90887,90898
90888,90891
90888,90893
90888,90895
90888,90898
90888,90906
90891,90893
90891,90895
90891,90898
90891,90906
90891,90918
90893,90895
90893,90898
90893,90906
90893,90921
90895,90898
90895,90906
90895,90921
90895,90925
90898,90906
90898,90918
90898,90921
90898,90925
90898,90934
90906,90918
90906,90921
90906,90925
90906,90934
90906,90939
90918,90921
90918,90925
90918,90934
90918,90939
90918,90944
90921,90925
90921,90939
90921,90944
90921,90949
90925,90934
90925,90939
90925,90944
90925,90949
90925,90955
90934,90939
90934,90944
90934,90949
90934,90955
90934,90959
90939,90944
90939,90949
90939,90955
90939,90959
90939,90966
90944,90949
90944,90955
90944,90959
90944,90966
90944,90967
90949,90959
90949,90966
90949,90967
90949,90971
90955,90959
90955,90966
90955,90967
90955,90971
90955,90972
90959,90966
90959,90967
90959,90971
90959,90972
90959,90973
90966,90967
90966,90971
90966,90973
90966,90975
90967,90971
90967,90972
90967,90973
90967,90975
90967,90979
90971,90972
90971,90973
90971,90975
90971,90979
90971,90984
90972,90975
90972,90979
90972,90984
90972,90987
90972,98032
90973,90975
90973,90979
90973,90984
90973,90987
90973,90990
90975,90979
90975,90984
90975,90987
90975,90990
90975,90991
90979,90984
90979,90987
90979,90990
90979,90991
90984,90987
90984,90990
90984,90998
90984,90999
90984,96467
90987,90990
90987,90991
90987,90998
90987,90999
90987,91000
90990,90991
90990,90998
90990,90999
90990,91001
90990,97909
90991,90998
90991,90999
90991,91001
90991,91003
90998,90999
90998,91000
90998,91001
90998,91003
90998,91005
90999,91000
90999,91001
90999,91003
90999,91005
90999,91010
91000,91001
91000,91003
91000,91005
91000,91010
91000,91014
91001,91003
91001,91005
91001,91010
91001,91014
91001,91018
91003,91005
91003,91010
91003,91014
91003,91018
91003,91019
91005,91010
91005,91014
91005,91018
91005,91019
91005,91038
91010,91014
91010,91019
91010,91038
91010,91040
91014,91018
91014,91019
91014,91038
91014,91040
91014,91045
91018,91019
91018,91038
91018,91047
91019,91038
91019,91040
91019,91045
91019,91047
91019,91050
91038,91040
91038,91045
91038,91047
91040,91045
91040,91047
91040,91052
91040,91053
91045,91047
91045,91050
91045,91052
91045,91053
91045,91056
91047,91050
91047,91052
91047,91053
91047,91059
91050,91053
91050,91056
91050,91059
91050,91063
91052,91053
91052,91056
91052,91059
91052,91063
91052,91065
91053,91056
91053,91063
91053,91065
91053,91070
91056,91059
91056,91063
91056,91065
91056,91070
91056,91072
91059,91065
91059,91070
91059,91072
91059,91078
91063,91065
91063,91070
91063,91072
91063,91078
91063,98191
91065,91070
91065,91072
91065,91078
91065,91103
91065,91104
91070,91072
91070,91078
91070,91104
91070,91110
91072,91078
91072,91103
91072,91104
91072,91110
91078,91103
91078,91104
91078,91110
91078,91112
91078,91113
91103,91104
91103,91110
91103,91112
91103,91113
91103,91114
91104,91110
91104,91112
91104,91113
91104,91114
91104,91115
91110,91113
91110,91114
91110,91116
91112,91115
91112,91116
91112,91118
91113,91114
91113,91115
91113,91116
91113,91118
91113,91119
91114,91115
91114,91118
91114,91119
91114,91128
91115,91116
91115,91118
91115,91119
91115,91128
91115,91129
91116,91119
91116,91128
91116,98950
91118,91119
91118,91128
91118,91129
91118,91130
91118,91136
91119,91128
91119,91129
91119,91130
91119,91136
91119,91137
91128,91130
91128,91136
91128,91137
91128,91151
91129,91130
91129,91136
91129,91151
91130,91136
91130,91137
91130,91151
91130,91152
91130,91157
91136,91137
91136,91151
91136,91152
91136,91157
91136,91159
91137,91151
91137,91152
91137,91157
91137,91164
91151,91152
91151,91157
91151,91159
91151,91168
91152,91157
91152,91159
91152,91164
91152,91168
91152,91174
91157,91159
91157,91164
91157,91168
91157,91174
91157,91177
91159,91164
91159,91168
91159,91174
91159,91179
91164,91168
91164,91174
91164,91177
91164,91179
91164,91180
91168,91174
91168,91177
91168,91180
91168,91188
91168,94312
91174,91179
91174,91180
91174,91188
91174,91192
91177,91179
91177,91180
91177,91188
91177,91192
91177,91193
91179,91180
91179,91188
91179,91192
91179,91193
91179,91194
91180,91188
91180,91192
91180,91193
91180,91194
91180,91195
91188,91193
91188,91194
91188,91195
91188,91206
91192,91193
91192,91194
91192,91195
91192,91206
91192,91213
91193,91194
91193,91195
91193,91213
91193,91215
91194,91206
91194,91213
91194,91215
91194,91220
91195,91206
91195,91213
91195,91215
91195,91220
91195,91222
91206,91213
91206,91215
91206,91220
91206,91222
91213,91215
91213,91220
91213,91222
91213,91234
91215,91220
91215,91222
91215,91234
91215,91245
91215,91251
91220,91222
91220,91234
91220,91245
91220,91251
91220,91252
91222,91234
91222,91245
91222,91251
91222,91252
91222,91268
91234,91245
91234,91251
91234,91252
91234,91268
91234,91274
91245,91251
91245,91252
91245,91274
91245,91275
91251,91252
91251,91274
91251,91275
91251,91278
91252,91268
91252,91274
91252,91278
91252,91279
91268,91274
91268,91275
91268,91278
91268,91279
91268,99429
91274,91275
91274,91278
91274,91279
91274,91281
91274,91287
91275,91278
91275,91279
91275,91281
91275,91287
91275,91301
91278,91279
91278,91281
91278,91287
91278,91301
91279,91281
91279,91287
91279,91301
91279,91303
91279,91306
91281,91287
91281,91301
91281,91303
91281,91306
91281,91311
91287,91301
91287,91303
91287,91306
91287,91311
91287,91317
91301,91303
91301,91306
91301,91311
91301,91317
91301,91319
91303,91306
91303,91317
91303,91319
91306,91311
91306,91317
91306,91319
91306,91322
91306,91336
91311,91317
91311,91319
91311,91322
91311,91336
91311,91337
91317,91319
91317,91322
91317,91336
91317,91345
91319,91322
91319,91336
91319,91337
91319,91345
91319,91347
91322,91336
91322,91337
91322,91345
91322,91347
91322,91358
91322,94674
91336,91337
91336,91345
91336,91347
91336,91358
91336,91360
91337,91345
91337,91347
91337,91358
91337,91360
91337,91370
91337,93268
91345,91347
91345,91358
91345,91360
91345,91370
91345,91372
91347,91358
91347,91360
91347,91370
91347,91372
91347,91378
91358,91360
91358,91370
91358,91372
91358,91379
91360,91370
91360,91372
91360,91378
91360,91379
91360,91383
91370,91372
91370,91378
91370,91379
91370,91386
91372,91378
91372,91379
91372,91383
91372,91393
91372,99867
91378,91379
91378,91383
91378,91386
91378,91393
91378,91401
91379,91383
91379,91386
91379,91393
91379,91401
91379,91403
91383,91386
91383,91393
91383,91401
91383,91403
91383,92808
91386,91393
91386,91401
91386,91408
91386,91412
91393,91401
91393,91403
91393,91408
91393,91412
91393,91416
91401,91403
91401,91408
91401,91412
91401,91416
91401,91417
91403,91408
91403,91412
91403,91416
91403,91417
91403,91418
91408,91412
91408,91416
91408,91417
91408,91425
91412,91416
91412,91418
91412,91425
91412,96155
91416,91418
91416,91425
91416,91426
91416,91428
91417,91418
91417,91425
91417,91426
91417,91428
91417,91429
91418,91425
91418,91426
91418,91429
91418,91431
91425,91426
91425,91428
91425,91431
91425,91434
91426,91428
91426,91429
91426,91431
91426,91434
91426,91436
91428,91429
91428,91431
91428,91434
91428,91436
91428,91438
91429,91431
91429,91434
91429,91436
91429,91453
91431,91434
91431,91436
91431,91438
91431,91453
91431,91454
91434,91436
91434,91438
91434,91453
91434,91454
91434,91456
91436,91438
91436,91453
91436,91454
91436,91456
91436,91457
91438,91453
91438,91454
91438,91456
91438,91457
91438,91468
91453,91454
91453,91456
91453,91457
91453,91468
91453,91472
91454,91456
91454,91457
91454,91468
91454,91472
91456,91457
91456,91468
91456,91472
91456,91482
91456,91483
91457,91468
91457,91472
91457,91482
91457,91483
91457,91484
91468,91472
91468,91483
91468,91484
91468,91488
91472,91482
91472,91483
91472,91484
91472,91488
91472,91489
91482,91483
91482,91484
91482,91488
91482,91489
91482,91490
91483,91484
91483,91488
91483,91489
91483,91490
91483,91492
91484,91488
91484,91489
91484,91490
91484,91492
91484,91493
91488,91489
91488,91490
91488,91492
91488,91493
91488,91497
91489,91490
91489,91492
91489,91493
91489,91499
91490,91493
91490,91497
91490,91512
91492,91493
91492,91497
91492,91499
91492,91512
91493,91497
91493,91499
91493,91512
91493,91516
91493,91521
91497,91499
91497,91512
91497,91516
91497,91521
91497,91522
91499,91512
91499,91516
91499,91521
91512,91516
91512,91521
91512,91522
91512,91527
91512,91529
91516,91521
91516,91522
91516,91529
91516,91532
91521,91522
91521,91527
91521,91529
91521,91532
91521,91536
91522,91527
91522,91529
91522,91532
91522,91536
91522,91540
91522,99349
91527,91529
91527,91532
91527,91536
91527,91540
91527,91541
91529,91532
91529,91536
91529,91540
91529,91541
91529,91542
91532,91536
91532,91540
91532,91541
91532,91542
91532,91544
91536,91540
91536,91542
91536,91544
91536,91547
91540,91541
91540,91542
91540,91544
91540,91547
91540,91548
91541,91542
91541,91544
91541,91547
91541,91548
91541,91552
91542,91544
91542,91547
91542,91548
91542,91552
91542,91559
91544,91547
91544,91548
91544,91552
91544,91559
91544,91561
91547,91548
91547,91552
91547,91559
91547,91561
91547,91562
91548,91552
91548,91559
91548,91563
91552,91559
91552,91561
91552,91562
91552,91563
91552,91568
91559,91561
91559,91562
91559,91563
91559,91568
91559,91572
91561,91562
91561,91568
91561,91572
91561,91575
91562,91563
91562,91568
91562,91575
91562,91579
91563,91568
91563,91572
91563,91579
91563,91581
91568,91572
91568,91575
91568,91579
91568,91581
91568,91582
91572,91575
91572,91579
91572,91581
91572,91582
91572,91584
91575,91581
91575,91582
91575,91589
91575,97283
91579,91581
91579,91582
91579,91584
91579,91589
91579,91590
91581,91582
91581,91584
91581,91589
91581,91590
91581,91597
91582,91584
91582,91589
91582,91590
91582,91597
91582,91598
91584,91589
91584,91597
91584,91598
91584,91626
91589,91590
91589,91597
91589,91598
91589,91626
91589,91627
91590,91597
91590,91626
91590,91627
91590,93745
91597,91598
91597,91626
91597,91627
91597,91628
91597,91630
91598,91626
91598,91627
91598,91628
91598,91630
91598,91631
91626,91627
91626,91628
91626,91630
91626,91631
91626,91635
91627,91628
91627,91630
91627,91631
91627,91641
91628,91631
91628,91635
91628,91641
91628,91648
91630,91631
91630,91635
91630,91641
91630,91648
91630,91651
91631,91635
91631,91641
91631,91648
91631,91651
91635,91641
91635,91648
91635,91661
91635,91662
91641,91648
91641,91651
91641,91662
91641,91674
91648,91651
91648,91661
91648,91662
91648,91674
91648,91676
91651,91662
91651,91674
91651,91676
91651,91678
91661,91662
91661,91674
91661,91676
91661,91678
91661,91679
91662,91674
91662,91676
91662,91678
91662,91687
91674,91676
91674,91678
91674,91679
91674,91687
91674,91697
91674,99613
91676,91678
91676,91679
91676,91687
91676,91697
91676,91710
91678,91679
91678,91710
91678,91719
91679,91687
91679,91697
91679,91710
91679,91719
91679,91722
91687,91697
91687,91710
91687,91719
91687,91722
91687,91725
91697,91710
91697,91719
91697,91722
91697,91725
91697,91727
91710,91719
91710,91722
91710,91725
91710,91727
91710,91734
91719,91722
91719,91725
91719,91727
91719,91734
91719,91735
91722,91725
91722,91727
91722,91734
91722,91745
91725,91727
91725,91734
91725,91735
91725,91745
91725,91748
91727,91734
91727,91735
91727,91745
91727,91748
91727,91750
91734,91735
91734,91745
91734,91748
91734,91750
91734,91752
91735,91745
91735,91748
91735,91750
91735,91752
91735,91753
91745,91748
91745,91750
91745,91752
91745,91755
91748,91750
91748,91752
91748,91753
91748,91755
91748,91757
91750,91752
91750,91753
91750,91755
91750,91757
91750,91758
91752,91753
91752,91755
91752,91757
91752,91759
91753,91755
91753,91757
91753,91758
91753,91759
91753,91764
91753,94249
91755,91757
91755,91759
91755,91764
91755,91767
91757,91764
91757,91767
91758,91759
91758,91764
91758,91767
91758,91780
91758,91782
91759,91764
91759,91767
91759,91780
91759,91782
91759,91786
91764,91767
91764,91780
91764,91782
91764,91786
91764,91787
91767,91780
91767,91782
91767,91786
91767,91787
91767,91792
91780,91782
91780,91786
91780,91787
91780,91792
91780,91793
91782,91786
91782,91787
91782,91792
91782,91794
91786,91787
91786,91792
91786,91793
91786,91794
91786,91798
91787,91792
91787,91793
91787,91794
91787,91798
91787,91804
91792,91793
91792,91794
91792,91798
91792,91804
91792,91811
91793,91798
91793,91811
91793,91813
91794,91798
91794,91804
91794,91811
91794,91813
91794,91817
91794,94276
91798,91804
91798,91811
91798,91813
91798,91817
91798,91823
91804,91811
91804,91813
91804,91817
91804,91824
91811,91813
91811,91817
91811,91823
91811,91824
91811,91830
91813,91817
91813,91824
91813,91830
91813,91831
91817,91830
91817,91835
91823,91824
91823,91830
91823,91831
91823,91837
91824,91831
91824,91835
91824,91837
91824,91841
91830,91835
91830,91837
91830,91844
91830,95487
91831,91837
91831,91841
91831,91844
91831,91845
91835,91837
91835,91841
91835,91844
91835,91845
91837,91841
91837,91844
91837,91845
91837,91847
91837,91851
91841,91844
91841,91845
91841,91851
91841,91852
91844,91845
91844,91847
91844,91851
91844,91852
91844,91858
91845,91847
91845,91851
91845,91858
91845,91859
91847,91851
91847,91852
91847,91858
91847,91859
91847,91863
91847,99015
91851,91852
91851,91858
91851,91859
91851,91863
91851,91867
91852,91858
91852,91859
91852,91863
91852,91867
91858,91859
91858,91863
91858,91867
91858,91873
91858,91874
91859,91863
91859,91873
91859,91874
91859,91896
91863,91867
91863,91873
91863,91874
91863,91896
91863,91897
91867,91873
91867,91874
91867,91896
91867,91897
91867,91904
91873,91874
91873,91896
91873,91904
91873,91905
91874,91896
91874,91897
91874,91904
91874,91905
91874,91907
91896,91897
91896,91904
91896,91905
91896,91907
91896,91911
91897,91904
91897,91905
91897,91907
91897,91911
91897,91912
91904,91905
91904,91907
91904,91911
91904,91912
91905,91907
91905,91911
91905,91912
91905,91913
91905,91914
91907,91911
91907,91912
91907,91914
91907,91915
91911,91912
91911,91913
91911,91914
91911,91915
91911,91923
91912,91913
91912,91914
91912,91915
91912,91923
91912,91926
91913,91914
91913,91923
91913,91926
91913,91931
91914,91915
91914,91923
91914,91926
91914,91931
91914,91932
91915,91923
91915,91931
91915,91932
91915,91935
91923,91926
91923,91931
91923,91932
91923,91935
91923,91937
91926,91931
91926,91932
91926,91935
91926,91937
91926,91938
91931,91932
91931,91935
91931,91937
91931,91938
91931,91951
91932,91935
91932,91937
91932,91938
91932,91951
91932,91956
91935,91937
91935,91938
91935,91951
91935,91956
91937,91938
91937,91951
91937,91956
91937,91962
91937,91966
91938,91951
91938,91956
91938,91962
91938,91966
91938,91975
91951,91956
91951,91962
91951,91966
91951,91975
91951,91978
91956,91962
91956,91966
91956,91975
91956,91979
91962,91966
91962,91975
91962,91978
91962,91979
91962,91986
91966,91975
91966,91978
91966,91979
91966,91986
91966,91989
91975,91978
91975,91979
91975,91986
91975,91989
91975,91992
91978,91979
91978,91986
91978,91992
91978,91994
91979,91986
91979,91989
91979,91992
91979,91994
91979,91995
91986,91989
91986,91992
91986,91994
91986,91995
91986,91997
91989,91992
91989,91994
91989,91995
91989,91997
91989,92000
91992,91994
91992,91995
91992,91997
91992,92000
91992,92001
91992,96542
91994,91995
91994,91997
91994,92000
91994,92001
91994,92002
91995,91997
91995,92000
91995,92001
91995,92002
91995,92004
91997,92000
91997,92001
91997,92002
91997,92004
91997,92005
91997,96858
92000,92001
92000,92002
92000,92004
92000,92005
92000,92006
92001,92002
92001,92004
92001,92005
92001,92006
92002,92005
92002,92007
92002,92015
92004,92006
92004,92007
92004,92015
92004,92017
92005,92006
92005,92007
92005,92015
92005,92017
92005,92022
92006,92015
92006,92017
92006,92022
92006,92024
92007,92015
92007,92017
92007,92022
92007,92024
92007,92025
92015,92017
92015,92022
92015,92024
92015,92025
92015,92031
92017,92022
92017,92024
92017,92025
92017,92031
92017,92035
92022,92025
92022,92031
92022,92035
92022,92037
92022,96527
92024,92025
92024,92031
92024,92035
92024,92037
92024,92043
92025,92031
92025,92035
92025,92037
92025,92043
92025,92044
92031,92035
92031,92037
92031,92043
92031,92044
92031,92045
92035,92037
92035,92043
92035,92044
92035,92045
92035,92047
92037,92043
92037,92044
92037,92045
92037,92049
92043,92044
92043,92045
92043,92047
92043,92049
92043,92050
92044,92045
92044,92047
92044,92049
92044,92050
92044,92053
92045,92047
92045,92049
92045,92050
92045,92053
92045,92058
92047,92049
92047,92050
92047,92053
92047,92072
92049,92050
92049,92058
92049,92072
92049,92073
92050,92058
92050,92072
92053,92072
92053,92073
92053,92075
92058,92072
92058,92073
92058,92075
92058,92076
92058,92078
92072,92073
92072,92075
92072,92076
92072,92078
92072,92083
92073,92075
92073,92076
92073,92078
92073,92083
92073,92087
92075,92076
92075,92078
92075,92083
92075,92087
92076,92083
92076,92087
92076,92088
92076,94782
92076,95487
92078,92083
92078,92087
92078,92088
92078,92091
92078,92094
92083,92088
92083,92091
92083,92094
92083,92095
92087,92088
92087,92091
92087,92094
92087,92095
92087,92101
92088,92091
92088,92094
92088,92095
92088,92101
92088,92105
92091,92094
92091,92095
92091,92101
92091,92109
92094,92095
92094,92101
92094,92105
92094,92109
92094,92114
92095,92101
92095,92105
92095,92109
92095,92114
92095,92119
92101,92105
92101,92109
92101,92114
92101,92119
92101,92122
92105,92109
92105,92114
92105,92119
92105,92122
92109,92114
92109,92122
92109,92124
92109,92126
92114,92119
92114,92122
92114,92124
92114,92126
92114,92129
92119,92122
92119,92126
92119,92129
92119,92131
92122,92126
92122,92129
92122,92131
92122,92133
92124,92126
92124,92129
92124,92131
92124,92133
92126,92129
92126,92131
92126,92133
92126,92139
92126,92140
92129,92131
92129,92133
92129,92140
92131,92133
92131,92139
92131,92140
92131,92142
92131,92146
92133,92140
92133,92142
92133,92146
92133,92148
92139,92140
92139,92142
92139,92146
92139,92148
92139,92151
92140,92142
92140,92146
92140,92148
92140,92151
92142,92146
92142,92148
92142,92151
92142,92154
92142,92157
92146,92148
92146,92151
92146,92154
92146,92157
92146,92160
92148,92151
92148,92154
92148,92157
92148,92160
92148,92163
92151,92154
92151,92160
92151,92163
92154,92157
92154,92160
92154,92163
92154,92164
92154,92170
92157,92160
92157,92164
92157,92170
92157,92172
92160,92163
92160,92164
92160,92170
92160,92172
92160,92179
92163,92164
92163,92172
92163,92179
92163,92181
92164,92170
92164,92172
92164,92186
92170,92172
92170,92179
92170,92181
92170,92186
92170,92187
92172,92179
92172,92181
92172,92186
92172,92187
92172,92189
92172,92220
92179,92181
92179,92186
92179,92187
92179,92189
92179,92192
92181,92186
92181,92187
92181,92189
92181,92192
92181,92196
92186,92187
92186,92189
92186,92192
92186,92196
92186,92200
92187,92189
92187,92192
92187,92196
92187,92200
92187,92204
92189,92192
92189,92196
92189,92204
92189,92205
92192,92196
92192,92200
92192,92204
92192,92205
92192,92208
92196,92200
92196,92204
92196,92205
92196,92208
92196,92211
92200,92204
92200,92205
92200,92208
92200,92211
92200,92213
92204,92205
92204,92208
92204,92211
92205,92208
92205,92211
92205,92213
92205,92220
92205,92225
92208,92211
92208,92213
92208,92220
92208,92225
92208,92226
92208,97064
92211,92213
92211,92220
92211,92225
92211,92226
92211,92228
92213,92220
92213,92225
92213,92226
92213,92228
92213,92230
92220,92226
92220,92228
92220,92230
92225,92226
92225,92228
92225,92230
92225,92231
92225,92234
92226,92228
92226,92230
92226,92231
92226,92243
92226,97326
92228,92231
92228,92234
92228,92243
92228,92247
92230,92231
92230,92247
92230,92249
92231,92234
92231,92243
92231,92247
92231,92249
92231,92253
92234,92243
92234,92247
92234,92249
92234,92258
92243,92247
92243,92249
92243,92253
92243,92258
92243,92259
92247,92249
92247,92253
92247,92258
92247,92259
92247,92262
92249,92253
92249,92258
92249,92259
92249,92262
92249,92266
92253,92258
92253,92262
92253,92268
92258,92259
92258,92262
92258,92266
92258,92268
92258,92271
92259,92262
92259,92266
92259,92268
92259,92271
92259,92276
92262,92266
92262,92268
92262,92271
92262,92276
92262,92280
92266,92268
92266,92271
92266,92276
92266,92280
92266,92288
92268,92271
92268,92276
92268,92280
92268,92288
92268,92299
92271,92276
92271,92280
92271,92288
92271,92299
92276,92288
92276,92300
92276,92306
92280,92299
92280,92300
92280,92306
92280,92310
92288,92299
92288,92300
92288,92310
92288,92313
92299,92300
92299,92306
92299,92310
92299,92313
92299,92321
92300,92306
92300,92310
92300,92313
92300,92321
92300,92333
92306,92310
92306,92313
92306,92321
92306,92333
92306,92334
92310,92313
92310,92321
92310,92334
92310,92338
92313,92321
92313,92333
92313,92334
92313,92345
92321,92334
92321,92345
92321,92355
92333,92334
92333,92338
92333,92345
92333,92355
92333,92361
92334,92338
92334,92345
92334,92355
92334,92361
92334,92369
92338,92345
92338,92355
92338,92361
92338,92369
92338,92373
92345,92355
92345,92369
92345,92373
92345,92379
92345,93310
92355,92361
92355,92369
92355,92373
92355,92379
92355,92383
92361,92369
92361,92373
92361,92379
92361,92384
92369,92373
92369,92383
92369,92384
92369,92386
92369,97935
92373,92379
92373,92383
92373,92384
92373,92389
92379,92383
92379,92384
92379,92386
92379,92389
92379,92396
92383,92384
92383,92386
92383,92389
92383,92396
92383,92398
92384,92386
92384,92389
92384,92396
92384,92398
92384,92399
92386,92389
92386,92396
92386,92398
92386,92399
92389,92396
92389,92398
92389,92404
92389,92406
92396,92398
92396,92399
92396,92404
92396,92406
92396,92410
92398,92399
92398,92404
92398,92406
92398,92410
92398,92411
92399,92404
92399,92406
92399,92410
92399,92411
92404,92406
92404,92410
92404,92411
92404,92416
92404,92424
92406,92410
92406,92411
92406,92416
92406,92431
92410,92411
92410,92416
92410,92424
92410,92431
92410,92437
92411,92416
92411,92424
92411,92431
92411,92437
92411,92440
92416,92424
92416,92431
92416,92437
92416,92440
92416,92441
92416,95954
92424,92431
92424,92437
92424,92440
92424,92447
92431,92440
92431,92441
92431,92447
92431,92448
92437,92440
92437,92448
92437,92451
92440,92441
92440,92447
92440,92448
92440,92451
92440,92457
92441,92448
92441,92451
92441,92457
92441,92458
92447,92448
92447,92451
92447,92457
92447,92458
92447,92464
92448,92457
92448,92458
92448,92464
92451,92457
92451,92458
92451,92464
92451,92465
92451,92478
92457,92458
92457,92464
92457,92465
92457,92478
92457,92484
92458,92464
92458,92465
92458,92478
92458,92484
92458,92485
92464,92465
92464,92478
92464,92484
92464,92490
92465,92478
92465,92484
92465,92485
92465,92490
92478,92484
92478,92485
92478,92490
92478,92495
92478,92509
92484,92490
92484,92495
92484,92509
92485,92490
92485,92495
92485,92509
92485,92512
92485,92515
92490,92495
92490,92512
92490,92515
92490,92516
92495,92509
92495,92512
92495,92516
92495,92521
92509,92512
92509,92515
92509,92516
92509,92521
92509,92522
92512,92515
92512,92521
92512,92522
92515,92516
92515,92521
92515,92522
92515,92523
92515,92526
92516,92521
92516,92522
92516,92523
92516,94440
92521,92522
92521,92523
92521,92526
92521,92528
92521,92539
92522,92523
92522,92526
92522,92528
92522,92539
92522,92540
92523,92526
92523,92528
92523,92539
92523,92540
92523,92545
92526,92528
92526,92539
92526,92540
92526,92545
92526,92546
92528,92539
92528,92540
92528,92545
92528,92546
92528,92550
92539,92540
92539,92545
92539,92546
92539,92550
92539,92553
92540,92545
92540,92546
92540,92553
92545,92546
92545,92550
92545,92553
92545,92569
92545,92571
92546,92553
92546,92569
92546,92571
92546,92576
92550,92553
92550,92576
92550,92584
92553,92569
92553,92571
92553,92576
92553,92584
92553,92589
92569,92571
92569,92576
92569,92584
92569,92589
92569,92592
92571,92576
92571,92584
92571,92589
92571,92592
92571,92598
92576,92589
92576,92592
92576,92598
92576,92601
92584,92589
92584,92592
92584,92598
92584,92601
92584,92614
92589,92592
92589,92598
92589,92601
92589,92614
92589,92623
92592,92598
92592,92601
92592,92614
92592,92623
92592,92626
92598,92601
92598,92614
92598,92623
92598,92626
92598,92628
92601,92614
92601,92623
92601,92626
92601,92628
92601,92639
92614,92623
92614,92626
92614,92628
92614,92639
92614,92643
92623,92639
92623,92643
92623,92648
92623,92626
92626,92628
92626,92639
92626,92643
92626,92648
92626,92651
92628,92639
92628,92648
92628,92651
92628,92658
92639,92643
92639,92648
92639,92651
92639,92661
92643,92648
92643,92651
92643,92661
92643,92668
92643,93815
92648,92651
92648,92658
92648,92661
92648,92668
92648,92670
92651,92658
92651,92661
92651,92668
92651,92670
92651,92674
92658,92661
92658,92668
92658,92674
92658,92685
92661,92668
92661,92670
92661,92674
92661,92685
92661,92687
92668,92670
92668,92674
92668,92685
92668,92687
92668,92716
92670,92674
92670,92685
92670,92687
92670,92716
92670,92718
92674,92685
92674,92687
92674,92716
92674,92719
92674,98555
92685,92687
92685,92716
92685,92718
92685,92724
92687,92716
92687,92718
92687,92719
92687,92724
92687,92725
92716,92718
92716,92719
92716,92724
92716,92725
92716,92726
92718,92719
92718,92724
92718,92725
92718,92726
92718,92731
92719,92724
92719,92725
92719,92726
92719,92731
92719,92732
92724,92725
92724,92726
92724,92731
92724,92732
92724,92738
92725,92731
92725,92732
92725,92738
92725,92744
92726,92731
92726,92738
92726,92744
92726,92745
92731,92732
92731,92738
92731,92744
92731,92745
92731,92746
92732,92738
92732,92744
92732,92745
92732,92746
92732,92750
92738,92744
92738,92745
92738,92746
92738,92750
92738,92760
92744,92745
92744,92746
92744,92760
92744,92768
92745,92746
92745,92750
92745,92760
92745,92768
92745,92780
92746,92750
92746,92760
92746,92768
92746,92782
92746,96608
92750,92760
92750,92768
92750,92780
92750,92785
92760,92768
92760,92782
92760,92785
92768,92780
92768,92782
92768,92785
92768,92791
92768,92794
92780,92785
92782,92785
92782,92791
92782,92794
92782,92799
92785,92791
92785,92794
92785,92799
92785,92805
92791,92794
92791,92799
92791,92803
92791,92805
92791,92808
92794,92799
92794,92805
92794,92808
92794,92814
92799,92803
92799,92805
92799,92808
92799,92814
92799,92816
92803,92805
92803,92814
92803,92816
92803,94999
92805,92808
92805,92814
92805,92820
92805,92827
92805,98380
92808,92814
92808,92820
92808,92827
92808,92828
92814,92816
92814,92827
92814,92828
92814,92831
92816,92820
92816,92827
92816,92828
92816,92831
92816,92833
92820,92827
92820,92828
92820,92831
92820,92833
92820,92835
92827,92828
92827,92831
92827,92835
92827,92846
92827,97052
92828,92833
92828,92835
92828,92846
92828,92851
92831,92833
92831,92835
92831,92846
92831,92851
92833,92846
92833,92851
92833,92855
92833,92856
92835,92846
92835,92851
92835,92855
92835,92856
92835,92861
92846,92851
92846,92855
92846,92856
92846,92861
92846,92862
92851,92855
92851,92856
92851,92861
92851,92862
92851,92864
92855,92856
92855,92862
92855,92864
92855,92872
92856,92861
92856,92864
92856,92872
92856,92873
92861,92862
92861,92872
92861,92873
92861,92882
92862,92864
92862,92872
92862,92873
92862,92882
92862,92884
92864,92872
92864,92873
92864,92882
92864,92884
92864,92887
92872,92873
92872,92882
92872,92884
92872,92887
92872,92895
92873,92882
92873,92884
92873,92887
92873,92895
92873,92911
92882,92884
92882,92887
92882,92911
92882,92914
92884,92887
92884,92895
92884,92911
92884,92914
92884,92916
92887,92895
92887,92911
92887,92914
92887,92916
92887,92921
92895,92911
92895,92914
92895,92916
92895,92921
92895,92933
92911,92914
92911,92916
92911,92933
92911,94394
92914,92916
92914,92921
92914,92933
92914,92934
92914,92937
92916,92933
92916,92934
92916,92937
92916,92939
92921,92933
92921,92934
92921,92937
92921,92939
92921,92941
92933,92934
92933,92939
92933,92944
92933,97881
92934,92937
92934,92939
92934,92941
92934,92955
92937,92941
92937,92944
92937,92955
92937,92962
92939,92941
92939,92944
92939,92962
92941,92944
92941,92955
92941,92962
92941,92969
92941,92979
92944,92962
92944,92969
92944,92979
92944,92986
92955,92962
92955,92969
92955,92979
92955,92986
92955,92989
92962,92969
92962,92979
92962,92986
92962,92989
92962,93002
92969,92979
92969,92986
92969,92989
92969,93002
92969,93008
92979,92986
92979,92989
92979,93002
92979,93008
92979,93011
92979,96892
92986,92989
92986,93002
92986,93008
92986,93011
92986,93014
92989,93002
92989,93008
92989,93011
92989,93014
92989,93019
93002,93008
93002,93011
93002,93019
93002,93027
93008,93014
93008,93019
93008,93027
93011,93014
93011,93019
93011,93027
93011,93029
93011,93030
93014,93027
93014,93029
93014,93030
93014,93043
93019,93027
93019,93029
93019,93030
93019,93043
93019,93049
93027,93029
93027,93030
93027,93043
93027,93049
93027,93051
93029,93030
93029,93043
93029,93049
93029,93054
93030,93043
93030,93049
93030,93051
93030,93054
93030,93058
93043,93049
93043,93051
93043,93054
93043,93058
93043,93069
93049,93051
93049,93054
93049,93058
93049,93069
93051,93058
93051,93069
93051,93079
93051,93083
93054,93058
93054,93069
93054,93079
93054,93083
93054,93096
93058,93069
93058,93079
93058,93083
93058,93096
93058,93098
93069,93083
93069,93096
93069,93098
93069,93103
93079,93083
93079,93096
93079,93098
93079,93103
93079,93104
93083,93096
93083,93098
93083,93103
93083,93104
93083,93106
93096,93098
93096,93103
93096,93104
93096,93106
93096,93111
93098,93103
93098,93104
93098,93106
93098,93111
93098,93124
93103,93104
93103,93106
93103,93111
93103,93124
93103,93126
93104,93106
93104,93111
93104,93124
93104,93126
93104,93127
93106,93111
93106,93124
93106,93126
93106,93127
93106,93132
93111,93124
93111,93126
93111,93127
93111,93132
93124,93126
93124,93127
93124,93132
93124,93136
93126,93132
93126,93136
93126,93139
93126,93140
93127,93132
93127,93136
93127,93139
93127,93140
93127,93141
93132,93136
93132,93140
93132,93141
93132,93148
93132,97188
93136,93139
93136,93140
93136,93141
93136,93148
93136,93154
93139,93140
93139,93141
93139,93154
93139,93158
93140,93141
93140,93148
93140,93154
93140,93158
93140,93160
93141,93148
93141,93154
93141,93158
93141,93160
93141,93161
93148,93154
93148,93158
93148,93160
93148,93161
93148,93163
93154,93158
93154,93160
93154,93161
93154,93163
93154,93164
93158,93160
93158,93161
93158,93163
93158,93164
93158,93169
93160,93161
93160,93163
93160,93164
93160,93169
93160,93172
93161,93163
93161,93164
93161,93172
93161,93173
93163,93164
93163,93169
93163,93172
93163,93173
93163,93177
93164,93172
93164,93173
93164,93177
93164,93181
93164,96146
93169,93172
93169,93173
93169,93181
93169,93187
93172,93173
93172,93177
93172,93181
93172,93187
93173,93177
93173,93181
93173,93187
93173,93192
93173,93196
93177,93187
93177,93192
93177,93196
93177,93198
93181,93187
93181,93192
93181,93196
93181,93198
93181,93199
93187,93192
93187,93196
93187,93198
93187,93199
93187,93205
93192,93196
93192,93198
93192,93199
93192,93205
93192,93219
93196,93198
93196,93199
93196,93205
93196,93219
93196,93223
93198,93199
93198,93205
93198,93219
93198,93223
93198,93224
93199,93205
93199,93219
93199,93223
93199,93224
93199,93226
93205,93219
93205,93223
93205,93224
93205,93226
93205,93231
93219,93223
93219,93224
93219,93226
93219,93231
93219,94914
93223,93224
93223,93226
93223,93231
93223,93238
93223,93240
93224,93226
93224,93231
93224,93238
93224,93250
93226,93231
93226,93238
93226,93240
93226,93250
93226,93253
93231,93238
93231,93240
93231,93250
93231,93259
93231,98879
93238,93240
93238,93250
93238,93253
93238,93259
93238,93268
93240,93250
93240,93253
93240,93268
93240,93272
93250,93253
93250,93259
93250,93268
93250,93272
93250,93279
93253,93259
93253,93268
93253,93279
93253,93281
93259,93268
93259,93272
93259,93279
93259,93281
93259,93295
93268,93272
93268,93279
93268,93281
93268,93295
93272,93281
93272,93295
93272,93296
93272,93300
93279,93281
93279,93295
93279,93296
93279,93300
93279,96939
93281,93295
93281,93300
93281,93310
93281,93313
93295,93296
93295,93300
93295,93310
93295,93313
93295,93315
93296,93300
93296,93310
93296,93313
93296,93315
93296,93321
93300,93310
93300,93313
93300,93315
93300,93321
93300,93322
93310,93313
93310,93315
93310,93321
93310,93322
93310,93324
93313,93321
93313,93322
93313,93324
93313,93325
93315,93321
93315,93322
93315,93324
93315,93325
93315,93326
93321,93322
93321,93324
93321,93325
93321,93326
93321,93329
93322,93324
93322,93325
93322,93326
93322,93329
93322,93331
93324,93325
93324,93326
93324,93329
93324,93331
93324,93333
93325,93326
93325,93329
93325,93331
93325,93333
93325,93334
93326,93329
93326,93331
93326,93333
93326,93334
93326,93343
93329,93331
93329,93333
93329,93334
93329,93343
93329,93346
93331,93333
93331,93334
93331,93343
93331,93346
93333,93334
93333,93346
93333,93348
93333,93350
93334,93343
93334,93346
93334,93348
93334,93350
93334,93355
93343,93346
93343,93350
93343,93355
93343,93358
93346,93348
93346,93350
93346,93358
93346,93363
93348,93350
93348,93355
93348,93358
93348,93363
93348,93366
93350,93355
93350,93358
93350,93363
93350,93366
93350,93369
93355,93358
93355,93363
93355,93366
93355,93372
93358,93363
93358,93366
93358,93369
93358,93372
93358,93388
93363,93366
93363,93369
93363,93372
93363,93388
93363,93399
93366,93372
93366,93388
93366,93399
93366,93400
93369,93372
93369,93388
93369,93399
93369,93400
93372,93388
93372,93399
93372,93400
93372,93403
93388,93399
93388,93400
93388,93403
93388,93404
93388,93408
93399,93400
93399,93403
93399,93404
93399,93408
93399,93411
93400,93403
93400,93404
93400,93408
93400,93411
93403,93404
93403,93408
93403,93411
93403,93420
93404,93408
93404,93420
93404,93428
93404,93431
93408,93420
93408,93428
93408,93431
93408,93434
93408,96939
93411,93420
93411,93428
93411,93434
93411,93440
93420,93431
93420,93434
93420,93440
93420,93443
93428,93431
93428,93434
93428,93440
93428,93447
93431,93440
93431,93443
93431,93451
93434,93440
93434,93443
93434,93447
93434,93451
93434,93454
93440,93443
93440,93447
93440,93451
93440,93454
93440,93457
93443,93447
93443,93451
93443,93454
93443,93457
93443,93472
93447,93451
93447,93472
93447,93478
93451,93454
93451,93457
93451,93472
93451,93480
93454,93457
93454,93478
93457,93472
93457,93478
93457,93480
93457,93481
93457,93483
93472,93478
93472,93480
93472,93481
93472,93484
93478,93481
93478,93483
93478,93484
93478,93497
93480,93481
93480,93483
93480,93484
93480,93497
93480,93500
93481,93483
93481,93484
93481,93497
93481,93500
93481,93504
93483,93484
93483,93497
93483,93500
93483,93504
93483,93509
93484,93497
93484,93500
93484,93504
93484,93509
93484,93511
93497,93500
93497,93504
93497,93509
93497,93511
93500,93504
93500,93509
93500,93511
93500,93515
93500,93521
93504,93509
93504,93511
93504,93515
93504,93521
93504,93527
93509,93511
93509,93515
93509,93521
93509,93530
93511,93515
93511,93521
93511,93527
93511,93530
93511,93533
93515,93521
93515,93527
93515,93530
93515,93533
93515,93542
93521,93527
93521,93530
93521,93533
93521,93542
93521,96191
93527,93530
93527,93533
93527,93542
93527,93543
93527,93545
93530,93543
93530,93547
93533,93542
93533,93543
93533,93545
93533,93547
93533,93559
93542,93545
93542,93547
93542,93559
93542,93560
93542,98915
93543,93545
93543,93547
93543,93559
93543,93560
93543,93563
93545,93547
93545,93559
93545,93560
93545,93563
93545,93570
93547,93559
93547,93560
93547,93563
93547,93570
93547,93575
93559,93560
93559,93563
93559,93570
93559,93575
93559,93583
93560,93563
93560,93570
93560,93575
93560,93583
93560,93584
93563,93570
93563,93575
93563,93583
93563,93584
93563,93589
93570,93575
93570,93583
93570,93584
93570,93589
93570,93593
93575,93583
93575,93589
93575,93593
93575,93594
93583,93589
93583,93593
93583,93594
93583,96704
93584,93593
93584,93594
93584,93597
93584,93599
93589,93594
93589,93597
93589,93599
93593,93594
93593,93597
93593,93599
93593,93602
93593,93608
93594,93597
93594,93599
93594,93602
93594,93608
93594,93609
93597,93599
93597,93602
93597,93609
93597,93613
93599,93602
93599,93608
93599,93609
93599,93613
93602,93608
93602,93609
93602,93613
93602,93629
93608,93609
93608,93613
93608,93629
93608,93635
93608,93637
93609,93613
93609,93629
93609,93635
93609,93637
93609,93646
93613,93629
93613,93635
93613,93637
93613,93646
93629,93635
93629,93637
93629,93646
93629,93648
93635,93637
93635,93646
93635,93648
93635,93666
93635,93674
93637,93646
93637,93648
93637,93666
93637,93674
93637,93686
93646,93648
93646,93666
93646,93674
93646,93686
93646,93687
93648,93666
93648,93674
93648,93686
93648,93687
93648,93692
93666,93686
93666,93687
93666,93698
93674,93686
93674,93687
93674,93692
93674,93698
93674,93703
93686,93687
93686,93692
93686,93698
93686,93703
93686,93704
93687,93692
93687,93703
93687,93704
93687,93710
93692,93698
93692,93703
93692,93704
93692,94038
93698,93703
93698,93704
93698,93710
93698,93716
93698,93718
93703,93704
93703,93710
93703,93716
93703,93718
93703,93733
93704,93710
93704,93716
93704,93718
93704,93733
93704,93734
93710,93716
93710,93718
93710,93733
93710,93734
93710,93739
93716,93718
93716,93733
93716,93734
93716,93739
93716,93743
93718,93733
93718,93734
93718,93739
93718,93743
93718,93744
93718,94394
93733,93734
93733,93743
93733,93744
93733,93745
93734,93743
93734,93744
93734,93745
93734,93755
93739,93743
93739,93745
93739,93755
93739,93756
93743,93744
93743,93745
93743,93755
93743,93756
93743,93759
93744,93745
93744,93755
93744,93756
93744,93759
93744,93767
93744,95316
93745,93755
93745,93756
93745,93759
93745,93767
93745,93769
93755,93759
93755,93767
93755,93769
93755,93770
93756,93767
93756,93769
93756,93770
93759,93767
93759,93769
93759,93770
93759,93772
93759,93775
93767,93769
93767,93770
93767,93772
93767,93777
93769,93770
93769,93772
93769,93775
93769,93777
93769,93778
93770,93772
93770,93775
93770,93777
93770,93778
93770,93781
93772,93775
93772,93777
93772,93778
93772,93781
93772,93798
93775,93777
93775,93778
93775,93781
93775,93798
93775,93800
93777,93778
93777,93781
93777,93798
93777,93800
93777,93802
93778,93781
93778,93798
93778,93800
93778,93802
93778,93803
93781,93798
93781,93800
93781,93802
93781,93803
93781,93806
93798,93800
93798,93802
93798,93803
93798,93806
93798,93809
93800,93802
93800,93803
93800,93809
93800,93811
93802,93803
93802,93806
93802,93809
93802,93811
93803,93806
93803,93809
93803,93811
93803,93815
93806,93809
93806,93811
93806,93815
93806,93818
93806,93819
93809,93811
93809,93815
93809,93818
93809,93819
93809,93829
93811,93815
93811,93818
93811,93819
93811,93829
93811,93836
93815,93819
93815,93829
93815,93836
93815,93837
93818,93819
93818,93829
93818,93836
93818,93837
93818,93838
93819,93829
93819,93836
93819,93837
93819,93838
93829,93836
93829,93837
93829,93838
93829,93844
93836,93837
93836,93838
93836,93844
93836,93854
93837,93838
93837,93844
93837,93854
93837,93861
93838,93844
93838,93861
93838,93863
93841,93844
93841,93854
93841,93861
93841,93863
93841,93864
93844,93854
93844,93861
93844,93863
93844,93864
93844,93868
93854,93861
93854,93863
93854,93864
93854,93868
93854,93872
93861,93863
93861,93864
93861,93868
93863,93868
93863,93872
93863,93874
93863,93878
93864,93868
93864,93872
93864,93874
93864,93878
93864,93879
93868,93874
93868,93879
93868,93880
93868,98062
93872,93874
93872,93878
93872,93879
93872,93880
93874,93878
93874,93879
93874,93880
93874,93881
93874,93883
93878,93879
93878,93880
93878,93881
93878,93883
93878,93892
93879,93880
93879,93881
93879,93883
93879,93893
93880,93881
93880,93883
93880,93892
93880,93893
93880,93900
93881,93883
93881,93892
93881,93893
93881,93900
93881,93904
93883,93892
93883,93893
93883,93900
93883,93904
93883,93906
93892,93893
93892,93900
93892,93904
93892,93918
93893,93900
93893,93904
93893,93906
93893,93918
93893,93930
93900,93904
93900,93906
93900,93918
93900,93930
93900,93931
93904,93906
93904,93918
93904,93930
93904,93931
93904,93938
93906,93918
93906,93930
93906,93931
93906,93938
93906,93943
93918,93930
93918,93931
93918,93938
93918,93943
93918,93952
93930,93931
93930,93938
93930,93943
93930,93952
93930,93957
93931,93943
93931,93952
93931,93958
93938,93952
93938,93957
93938,93958
93938,93959
93943,93957
93943,93958
93943,93959
93943,93964
93952,93957
93952,93958
93952,93964
93952,93968
93957,93958
93957,93959
93957,93964
93957,93968
93957,93970
93958,93959
93958,93964
93958,93968
93958,93970
93958,93975
93959,93964
93959,93968
93959,93970
93959,93975
93959,93977
93964,93968
93964,93970
93964,93975
93964,93977
93968,93970
93968,93977
93968,93979
93968,93985
93970,93975
93970,93977
93970,93979
93970,93985
93970,93986
93975,93977
93975,93979
93975,93985
93975,93986
93975,93992
93977,93979
93977,93985
93977,93986
93977,93992
93977,93994
93979,93985
93979,93986
93979,93992
93979,93994
93979,93998
93985,93986
93985,93992
93985,93994
93985,93998
93985,94006
93986,93992
93986,93994
93986,93998
93986,94006
93986,94018
93992,93994
93992,93998
93992,94006
93992,94018
93994,94006
93994,94018
93994,94020
93998,94006
93998,94018
93998,94020
93998,94021
94006,94018
94006,94020
94006,94021
94006,94029
94018,94021
94018,94032
94018,95430
94020,94021
94020,94029
94020,94031
94020,94032
94020,94034
94021,94029
94021,94031
94021,94032
94021,94034
94021,94038
94029,94031
94029,94032
94029,94034
94029,94038
94029,94041
94031,94032
94031,94034
94031,94038
94031,94041
94031,94043
94032,94034
94032,94038
94032,94041
94032,94043
94032,94049
94034,94041
94034,94043
94034,94049
94034,94050
94038,94041
94038,94043
94038,94049
94038,94050
94038,94052
94041,94043
94041,94049
94041,94050
94041,94052
94041,94055
94043,94050
94043,94052
94043,94055
94043,94057
94049,94050
94049,94052
94049,94055
94049,94057
94049,94058
94050,94052
94050,94055
94050,94057
94050,94058
94050,94070
94052,94055
94052,94057
94052,94058
94052,94070
94052,94080
94055,94057
94055,94058
94055,94070
94055,94080
94055,94084
94057,94058
94057,94070
94057,94080
94057,94084
94057,94085
94058,94070
94058,94080
94058,94084
94058,94085
94058,94087
94070,94080
94070,94084
94070,94085
94070,94088
94080,94085
94080,94087
94080,94088
94080,94089
94084,94085
94084,94087
94084,94088
94084,94089
94084,94105
94084,99251
94085,94087
94085,94088
94085,94089
94085,94105
94085,94110
94087,94088
94087,94089
94087,94105
94087,94110
94087,94114
94088,94089
94088,94105
94088,94110
94089,94105
94089,94110
94089,94114
94089,94117
94105,94114
94105,94117
94105,94119
94105,94123
94110,94114
94110,94117
94110,94119
94110,94123
94110,94125
94114,94117
94114,94119
94114,94123
94114,94125
94114,94131
94117,94119
94117,94123
94117,94125
94117,94131
94117,94132
94119,94123
94119,94125
94119,94132
94119,94139
94123,94125
94123,94131
94123,94139
94123,94145
94123,94381
94125,94131
94125,94132
94125,94139
94125,94145
94125,94150
94131,94139
94131,94145
94131,94150
94131,94151
94132,94139
94132,94145
94132,94150
94132,94154
94139,94151
94139,94154
94139,94158
94145,94150
94145,94151
94150,94151
94150,94154
94150,94158
94150,94162
94150,94166
94151,94154
94151,94158
94151,94166
94151,94178
94151,96095
94154,94162
94154,94166
94154,94178
94154,94182
94154,99863
94158,94162
94158,94166
94158,94182
94158,94183
94162,94166
94162,94178
94162,94182
94162,94183
94162,94184
94166,94178
94166,94182
94166,94183
94166,94184
94166,94187
94178,94182
94178,94183
94178,94184
94178,94187
94178,94188
94182,94183
94182,94184
94182,94187
94182,94189
94183,94184
94183,94187
94183,94188
94183,94189
94183,94194
94184,94187
94184,94188
94184,94189
94184,94194
94184,94198
94187,94188
94187,94189
94187,94198
94187,94199
94188,94189
94188,94194
94188,94198
94188,94200
94189,94194
94189,94198
94189,94199
94189,94209
94194,94198
94194,94199
94194,94200
94194,94209
94194,94224
94198,94199
94198,94200
94198,94209
94198,94226
94199,94200
94199,94209
94199,94224
94199,94226
94200,94209
94200,94224
94200,94226
94200,94227
94200,94228
94209,94224
94209,94227
94209,94228
94209,94229
94224,94227
94224,94228
94224,94229
94224,95575
94224,96620
94226,94227
94226,94228
94226,94229
94226,94233
94226,94246
94227,94229
94227,94233
94227,94246
94228,94229
94228,94233
94228,94246
94228,94249
94228,94254
94229,94233
94229,94249
94229,94254
94229,94276
94233,94246
94233,94249
94233,94254
94233,94276
94233,94285
94246,94249
94246,94254
94246,94285
94246,94290
94249,94254
94249,94276
94249,94290
94249,94293
94254,94276
94254,94285
94254,94290
94276,94285
94276,94290
94276,94293
94276,94308
94285,94290
94285,94293
94285,94308
94285,94311
94285,94312
94290,94293
94290,94308
94290,94311
94290,94312
94290,94315
94293,94308
94293,94311
94293,94312
94293,94315
94293,94316
94293,97221
94308,94311
94308,94312
94308,94315
94308,94316
94308,94317
94311,94312
94311,94315
94311,94316
94311,94317
94311,94320
94312,94315
94312,94316
94312,94317
94312,94321
94315,94316
94315,94317
94315,94320
94315,94321
94316,94317
94316,94320
94316,94321
94316,94324
94316,94328
94317,94321
94317,94324
94317,94328
94317,94329
94320,94321
94320,94324
94320,94329
94320,94342
94321,94328
94321,94329
94321,94342
94321,94343
94324,94328
94324,94329
94324,94342
94324,94343
94328,94329
94328,94342
94328,94343
94328,94348
94328,94358
94329,94342
94329,94343
94329,94348
94329,94358
94329,94361
94342,94343
94342,94348
94342,94358
94342,94361
94342,94371
94342,98917
94343,94348
94343,94358
94343,94361
94343,94378
94348,94358
94348,94361
94348,94371
94358,94361
94358,94371
94358,94379
94358,94381
94361,94379
94361,94381
94361,94383
94371,94378
94371,94379
94371,94381
94371,94383
94371,94384
94378,94379
94378,94381
94378,94383
94378,94384
94378,94394
94379,94381
94379,94383
94379,94384
94379,94394
94379,94398
94381,94383
94381,94384
94381,94394
94381,94398
94381,94400
94383,94384
94383,94398
94383,94400
94383,94404
94384,94394
94384,94400
94384,94404
94384,94419
94394,94398
94394,94400
94394,94404
94394,94419
94398,94400
94398,94404
94398,94419
94398,94422
94398,94424
94400,94404
94400,94419
94400,94422
94400,94424
94400,94434
94404,94419
94404,94422
94404,94424
94404,94436
94419,94422
94419,94434
94419,94436
94419,94440
94422,94424
94422,94434
94422,94436
94422,94440
94422,94442
94422,99198
94424,94434
94424,94436
94424,94440
94424,94442
94424,94447
94434,94436
94434,94447
94434,94452
94436,94440
94436,94442
94436,94447
94436,94452
94436,94454
94440,94442
94440,94452
94440,94454
94440,94455
94442,94452
94442,94454
94442,94455
94442,94459
94447,94452
94447,94454
94447,94455
94447,94459
94447,94464
94452,94454
94452,94455
94452,94459
94452,94464
94452,96346
94454,94455
94454,94459
94454,94464
94454,94465
94454,94468
94454,95614
94455,94459
94455,94464
94455,94465
94455,94468
94455,94479
94459,94464
94459,94465
94459,94468
94459,94479
94459,94480
94464,94465
94464,94468
94464,94479
94464,94480
94464,94483
94464,96592
94465,94468
94465,94479
94465,94480
94468,94480
94468,94483
94468,94486
94479,94480
94479,94483
94479,94486
94479,94489
94480,94483
94480,94486
94480,94489
94480,94492
94480,94494
94483,94486
94483,94489
94483,94494
94483,94495
94486,94489
94486,94492
94486,94494
94486,94495
94486,94496
94489,94492
94489,94494
94489,94495
94489,94496
94489,94503
94492,94494
94492,94495
94492,94496
94492,94503
94492,94505
94494,94495
94494,94496
94494,94503
94494,94505
94494,94509
94495,94496
94495,94503
94495,94505
94495,94509
94495,94513
94496,94503
94496,94505
94496,94509
94496,94513
94496,94517
94503,94505
94503,94509
94503,94513
94503,94517
94503,94519
94505,94509
94505,94513
94505,94517
94505,94520
94509,94513
94509,94517
94509,94520
94509,94523
94513,94517
94513,94519
94513,94520
94513,94523
94513,94524
94517,94519
94517,94520
94517,94523
94517,94524
94517,94534
94519,94520
94519,94523
94519,94524
94519,94534
94519,94536
94520,94523
94520,94524
94520,94534
94520,94536
94520,94537
94523,94524
94523,94536
94523,94537
94523,94542
94524,94534
94524,94536
94524,94537
94524,94542
94524,94543
94534,94536
94534,94537
94534,94542
94534,94543
94534,94547
94536,94537
94536,94543
94536,94547
94536,94560
94537,94542
94537,94543
94537,94547
94537,94560
94537,94565
94542,94543
94542,94547
94542,94560
94542,94565
94542,94571
94543,94547
94543,94560
94543,94565
94543,94571
94543,94573
94547,94571
94547,94575
94547,98719
94560,94565
94560,94571
94560,94573
94560,94575
94560,97966
94565,94573
94565,94575
94565,94579
94565,94581
94571,94573
94571,94575
94571,94579
94571,94581
94571,94583
94573,94579
94573,94581
94573,94583
94575,94579
94575,94581
94575,94583
94575,94592
94575,94593
94579,94583
94579,94592
94579,94593
94579,94594
94581,94592
94581,94593
94581,94594
94581,94598
94583,94592
94583,94594
94583,94598
94583,94604
94592,94593
94592,94594
94592,94598
94592,94604
94592,94610
94593,94598
94593,94610
94593,94612
94593,94961
94594,94598
94594,94604
94594,94610
94594,94616
94598,94610
94598,94612
94598,94616
94598,94617
94604,94610
94604,94612
94604,94616
94604,94617
94610,94612
94610,94616
94610,94617
94610,94619
94610,94630
94612,94616
94612,94617
94612,94619
94612,94630
94612,94631
94616,94619
94616,94630
94616,94631
94616,94634
94617,94619
94617,94630
94617,94631
94617,94634
94617,94636
94619,94630
94619,94631
94619,94634
94619,94636
94619,94638
94630,94631
94630,94634
94630,94636
94630,94638
94630,94639
94631,94634
94631,94636
94631,94638
94631,94639
94631,94654
94634,94636
94634,94638
94634,94639
94634,94654
94634,94655
94636,94638
94636,94639
94636,94654
94636,94655
94636,94657
94638,94639
94638,94654
94638,94655
94638,94657
94638,94658
94639,94654
94639,94655
94639,94657
94639,94658
94639,94659
94654,94655
94654,94657
94654,94658
94654,94659
94654,94664
94655,94657
94655,94658
94655,94659
94655,94664
94655,94665
94657,94658
94657,94659
94657,94665
94657,94667
94658,94659
94658,94664
94658,94665
94658,94667
94658,94674
94659,94664
94659,94665
94659,94667
94659,94679
94664,94667
94664,94674
94664,94679
94664,94680
94664,94922
94665,94667
94665,94679
94665,94680
94665,94681
94667,94679
94667,94680
94667,94681
94667,94684
94674,94681
94674,94684
94674,94685
94679,94680
94679,94681
94679,94684
94679,94685
94679,94690
94680,94681
94680,94685
94680,94690
94680,94691
94681,94684
94681,94685
94681,94690
94681,94691
94681,94692
94684,94685
94684,94690
94684,94691
94684,94692
94685,94691
94685,94692
94685,94694
94685,94696
94690,94691
94690,94692
94690,94701
94691,94692
94691,94694
94691,94701
94691,94703
94692,94694
94692,94696
94692,94703
94692,94712
94694,94696
94694,94703
94694,94712
94694,94713
94694,99708
94696,94701
94696,94703
94696,94712
94696,94713
94696,94722
94701,94703
94701,94712
94701,94713
94701,94724
94703,94712
94703,94713
94703,94722
94703,94724
94703,94730
94712,94713
94712,94722
94712,94724
94712,94730
94712,94731
94713,94722
94713,94724
94713,94730
94713,94731
94713,94736
94722,94730
94722,94731
94722,94736
94722,94737
94722,97351
94724,94730
94724,94731
94724,94736
94724,94737
94724,94740
94730,94731
94730,94736
94730,94737
94730,94740
94731,94736
94731,94737
94731,94740
94731,94759
94736,94737
94736,94740
94736,94749
94736,94759
94736,94762
94737,94749
94737,94759
94737,94762
94737,94766
94740,94749
94740,94759
94740,94762
94740,94766
94740,94770
94749,94759
94749,94762
94749,94766
94749,94770
94749,94771
94759,94762
94759,94766
94759,94770
94759,94771
94759,94774
94762,94766
94762,94770
94762,94771
94762,94782
94766,94770
94766,94771
94766,94782
94766,94792
94770,94771
94770,94774
94770,94782
94770,94792
94771,94774
94771,94782
94771,94792
94771,94796
94771,94798
94774,94782
94774,94792
94774,94796
94774,94798
94774,94799
94782,94792
94782,94796
94782,94798
94782,94799
94782,94811
94792,94796
94792,94798
94792,94799
94792,94811
94792,94813
94796,94798
94796,94799
94796,94811
94796,94813
94796,94818
94798,94799
94798,94811
94798,94813
94798,94818
94798,94826
94799,94811
94799,94813
94799,94818
94799,94826
94799,94829
94811,94818
94811,94826
94811,94829
94811,94830
94813,94818
94813,94826
94813,94829
94813,94830
94813,94834
94818,94826
94818,94829
94818,94830
94818,94834
94818,94840
94826,94829
94826,94830
94826,94834
94826,94840
94826,94843
94829,94830
94829,94834
94829,94840
94829,94843
94829,94844
94830,94834
94830,94843
94830,94844
94830,94849
94834,94840
94834,94843
94834,94849
94834,94851
94840,94843
94840,94844
94840,94849
94840,94851
94840,94857
94843,94849
94843,94851
94843,94857
94843,94859
94844,94849
94844,94851
94844,94857
94844,94859
94844,94867
94849,94851
94849,94867
94851,94859
94851,94867
94851,94868
94857,94867
94857,94868
94857,94880
94857,94885
94859,94867
94859,94868
94859,94880
94859,94885
94859,94886
94867,94868
94867,94880
94867,94885
94867,94886
94867,94888
94868,94880
94868,94885
94868,94886
94868,94888
94868,94890
94880,94885
94880,94886
94880,94888
94880,94890
94885,94886
94885,94888
94885,94890
94885,94896
94885,94900
94886,94888
94886,94890
94886,94896
94886,94900
94886,94905
94888,94896
94888,94900
94888,94905
94890,94896
94890,94900
94890,94905
94890,94908
94890,94910
94890,95549
94896,94900
94896,94905
94896,94908
94896,94910
94896,94914
94900,94905
94900,94908
94900,94910
94900,94914
94900,94919
94905,94908
94905,94910
94905,94914
94905,94919
94905,94920
94908,94910
94908,94914
94908,94919
94908,94920
94908,94922
94910,94914
94910,94919
94910,94920
94910,94922
94910,94924
94914,94919
94914,94920
94914,94922
94914,94924
94919,94920
94919,94922
94919,94924
94919,94925
94919,94929
94920,94922
94920,94924
94920,94929
94920,94940
94922,94924
94922,94929
94924,94925
94924,94929
94924,94940
94924,94944
94925,94929
94925,94940
94925,94943
94925,94944
94925,94950
94929,94943
94929,94944
94929,94950
94929,94953
94940,94943
94940,94944
94940,94950
94940,94953
94940,94961
94940,98548
94943,94944
94943,94950
94943,94953
94943,94961
94943,94967
94944,94950
94944,94953
94944,94961
94944,94967
94950,94953
94950,94961
94950,94967
94950,94969
94953,94961
94953,94967
94953,94968
94953,94969
94953,94977
94961,94967
94961,94968
94961,94977
94961,94978
94967,94969
94967,94977
94967,94978
94967,94980
94968,94969
94968,94977
94968,94978
94968,94980
94968,94981
94969,94977
94969,94978
94969,94980
94969,94981
94969,94988
94977,94978
94977,94980
94977,94981
94977,94988
94977,94998
94978,94980
94978,94981
94978,94998
94978,94999
94980,94981
94980,94988
94980,94998
94980,94999
94980,95001
94981,94988
94981,94998
94981,94999
94981,95001
94988,94998
94988,94999
94988,95001
94988,95003
94998,95001
94998,95002
94998,95003
94998,95006
94999,95001
94999,95002
94999,95006
94999,95013
95001,95002
95001,95003
95001,95006
95001,95013
95002,95003
95002,95006
95002,95013
95002,95024
95002,95025
95003,95006
95003,95024
95003,95025
95003,95026
95006,95013
95006,95024
95006,95025
95006,95026
95006,95031
95013,95024
95013,95026
95013,95031
95013,95034
95024,95025
95024,95026
95024,95031
95024,95034
95024,95038
95025,95026
95025,95031
95025,95034
95025,95038
95025,95049
95026,95031
95026,95034
95026,95049
95026,95050
95031,95034
95031,95038
95031,95049
95031,95052
95034,95038
95034,95052
95034,95053
95038,95049
95038,95050
95038,95052
95038,95053
95049,95050
95049,95052
95049,95053
95049,95055
95049,95060
95050,95052
95050,95053
95050,95055
95050,95060
95050,95064
95052,95053
95052,95055
95052,95060
95052,95064
95052,95071
95053,95055
95053,95060
95053,95064
95053,95071
95053,95083
95055,95060
95055,95083
95055,95087
95060,95064
95060,95071
95060,95083
95060,95087
95060,95088
95064,95071
95064,95083
95064,95087
95064,95088
95064,95089
95071,95083
95071,95087
95071,95088
95071,95089
95071,95091
95083,95087
95083,95088
95083,95089
95083,95091
95083,95092
95087,95088
95087,95089
95087,95092
95087,95095
95088,95089
95088,95091
95088,95092
95088,95095
95088,95099
95089,95091
95089,95092
95089,95095
95089,95099
95089,95109
95091,95092
95091,95095
95091,95099
95091,95109
95091,95116
95092,95095
95092,95099
95092,95109
95092,95116
95092,95118
95095,95099
95095,95109
95095,95118
95095,95121
95099,95109
95099,95116
95099,95118
95099,95121
95099,95122
95109,95116
95109,95118
95109,95121
95109,95122
95109,95126
95116,95118
95116,95121
95116,95122
95116,95126
95116,95128
95118,95121
95118,95122
95118,95126
95118,95128
95118,95131
95121,95122
95121,95128
95121,95133
95122,95126
95122,95128
95122,95133
95122,95136
95126,95128
95126,95131
95126,95133
95126,95136
95126,95147
95128,95131
95128,95133
95128,95136
95128,95147
95128,95150
95131,95133
95131,95136
95131,95147
95131,95150
95131,95152
95133,95136
95133,95147
95133,95150
95133,95152
95133,95155
95136,95147
95136,95150
95136,95152
95136,95155
95136,95159
95147,95150
95147,95152
95147,95159
95147,95162
95150,95152
95150,95155
95150,95159
95150,95162
95150,95167
95152,95155
95152,95162
95152,95167
95152,95178
95155,95159
95155,95162
95155,95167
95155,95178
95155,95181
95159,95162
95159,95167
95159,95178
95159,95181
95159,95188
95162,95167
95162,95188
95162,95190
95167,95178
95167,95181
95167,95188
95167,95190
95167,95205
95178,95181
95178,95188
95178,95190
95178,95205
95178,95213
95181,95188
95181,95190
95181,95205
95181,95213
95181,95214
95188,95190
95188,95205
95188,95213
95188,95214
95188,95224
95190,95205
95190,95213
95190,95224
95190,95230
95205,95213
95205,95214
95205,95224
95205,95230
95205,95244
95213,95224
95213,95230
95214,95224
95214,95230
95214,95244
95214,95247
95214,95249
95224,95230
95224,95244
95224,95247
95224,95249
95224,95251
95230,95244
95230,95247
95230,95249
95230,95251
95230,95253
95244,95247
95244,95249
95244,95251
95244,95253
95244,95255
95247,95249
95247,95251
95247,95253
95247,95255
95247,95257
95249,95251
95249,95253
95249,95255
95249,95260
95251,95253
95251,95255
95251,95257
95251,95260
95251,95263
95253,95255
95253,95257
95253,95260
95253,95263
95253,95265
95255,95257
95255,95260
95255,95263
95255,95269
95257,95260
95257,95263
95257,95265
95257,95269
95257,95272
95260,95263
95260,95265
95260,95269
95260,95272
95260,95277
95263,95265
95263,95269
95263,95272
95263,95277
95263,95279
95265,95269
95265,95272
95265,95277
95265,95279
95269,95272
95269,95277
95269,95279
95269,95280
95269,95285
95272,95279
95272,95285
95272,95290
95277,95279
95277,95280
95277,95285
95277,95290
95279,95280
95279,95290
95279,95302
95280,95285
95280,95290
95280,95293
95280,95302
95280,95303
95285,95290
95285,95293
95285,95302
95285,95303
95285,95307
95290,95293
95290,95302
95290,95303
95290,95307
95290,95308
95293,95302
95293,95307
95293,95308
95293,95313
95302,95303
95302,95307
95302,95308
95302,95313
95302,95316
95303,95307
95303,95308
95303,95313
95303,95316
95303,95320
95307,95308
95307,95313
95307,95316
95307,95320
95307,95334
95308,95313
95308,95316
95308,95320
95308,95334
95308,95336
95313,95316
95313,95320
95313,95334
95313,95336
95313,95340
95316,95320
95316,95336
95316,95340
95316,95357
95320,95334
95320,95336
95320,95340
95320,95357
95320,95366
95334,95357
95334,95366
95334,95372
95336,95340
95336,95357
95336,95372
95336,95375
95340,95357
95340,95366
95340,95372
95340,95375
95340,95376
95357,95366
95357,95372
95357,95376
95357,95377
95366,95372
95366,95375
95366,95376
95366,95377
95366,95381
95372,95375
95372,95376
95372,95377
95372,95381
95372,95382
95375,95376
95375,95377
95375,95381
95375,95382
95375,96608
95376,95377
95376,95382
95376,95385
95377,95381
95377,95382
95377,95383
95377,95385
95377,95390
95381,95382
95381,95385
95381,95391
95382,95383
95382,95391
95382,95393
95383,95385
95383,95390
95383,95391
95383,95393
95383,95400
95385,95390
95385,95391
95385,95393
95385,95400
95385,95401
95390,95391
95390,95393
95390,95400
95390,95401
95391,95400
95391,95401
95391,95402
95391,95405
95393,95400
95393,95401
95393,95402
95393,95405
95393,95407
95400,95401
95400,95402
95400,95405
95400,95413
95400,95526
95401,95402
95401,95405
95401,95407
95401,95413
95401,95420
95402,95405
95402,95407
95402,95413
95402,95420
95402,95422
95405,95407
95405,95413
95405,95420
95405,95423
95407,95413
95407,95420
95407,95422
95407,95423
95407,95424
95413,95420
95413,95422
95413,95423
95413,95424
95413,95429
95420,95422
95420,95423
95420,95424
95420,95429
95420,95430
95422,95423
95422,95424
95422,95429
95422,95430
95422,95434
95423,95424
95423,95429
95423,95430
95423,95434
95423,95436
95424,95430
95424,95434
95424,95436
95429,95430
95429,95434
95429,95436
95429,95444
95429,95445
95430,95434
95430,95436
95430,95444
95430,95445
95430,95449
95434,95436
95434,95444
95434,95445
95434,95449
95434,95450
95436,95444
95436,95445
95436,95449
95436,95450
95436,95455
95444,95445
95444,95449
95444,95450
95444,95467
95444,98555
95445,95450
95445,95455
95445,95467
95445,95468
95449,95455
95449,95467
95449,95469
95450,95455
95450,95468
95450,95469
95450,95471
95450,99323
95455,95467
95455,95468
95455,95469
95455,95471
95455,95476
95467,95471
95467,95476
95467,95484
95468,95469
95468,95471
95468,95476
95468,95484
95468,95485
95469,95471
95469,95476
95469,95484
95469,95485
95469,95487
95471,95476
95471,95484
95471,95485
95471,95487
95471,95495
95476,95484
95476,95485
95476,95495
95476,95496
95484,95487
95484,95495
95484,95496
95484,95500
95485,95487
95485,95495
95485,95496
95485,95500
95485,95510
95487,95495
95487,95496
95487,95500
95487,95511
95495,95496
95495,95500
95495,95511
95495,95514
95496,95500
95496,95510
95496,95511
95496,95522
95500,95510
95500,95511
95500,95514
95500,95522
95500,95525
95510,95511
95510,95514
95510,95522
95510,95525
95510,95526
95511,95514
95511,95522
95511,95525
95511,95526
95511,95527
95514,95522
95514,95525
95514,95526
95514,95527
95514,95529
95522,95525
95522,95526
95522,95527
95522,95529
95525,95526
95525,95527
95525,95529
95525,95534
95525,95549
95526,95529
95526,95549
95526,95551
95527,95529
95527,95534
95527,95549
95527,95551
95527,95552
95529,95549
95529,95552
95529,95555
95534,95549
95534,95551
95534,95552
95534,95555
95534,95562
95549,95551
95549,95552
95549,95555
95549,95565
95551,95552
95551,95555
95551,95562
95551,95565
95551,95575
95552,95555
95552,95562
95552,95565
95552,95575
95555,95562
95555,95565
95555,95575
95562,95565
95562,95578
95562,95583
95562,95584
95565,95575
95565,95583
95565,95588
95565,97282
95575,95578
95575,95583
95575,95584
95575,95588
95575,95590
95578,95583
95578,95584
95578,95588
95578,95590
95578,95595
95583,95584
95583,95588
95583,95590
95583,95595
95583,95603
95584,95588
95584,95590
95584,95595
95584,95603
95584,95607
95588,95590
95588,95595
95588,95603
95588,95607
95588,95608
95590,95595
95590,95603
95590,95607
95595,95607
95595,95614
95603,95607
95603,95608
95603,95614
95603,95617
95603,95618
95607,95608
95607,95614
95607,95617
95607,95618
95607,95628
95608,95614
95608,95618
95608,95628
95614,95617
95614,95628
95614,95638
95614,95647
95617,95618
95617,95628
95617,95638
95617,95647
95617,95651
95618,95647
95618,95651
95618,95653
95628,95638
95628,95647
95628,95653
95628,95654
95638,95647
95638,95651
95638,95653
95638,95654
95638,95658
95647,95651
95647,95653
95647,95654
95647,95658
95651,95653
95651,95654
95651,95658
95651,95665
95653,95654
95653,95658
95653,95665
95653,95670
95653,95676
95654,95658
95654,95670
95654,95676
95654,95677
95658,95670
95658,95676
95658,95677
95658,95686
95665,95670
95665,95676
95665,95677
95665,95686
95665,95689
95670,95677
95670,95686
95670,95689
95670,95696
95676,95677
95676,95686
95676,95689
95676,95696
95676,95700
95677,95686
95677,95689
95677,95696
95677,95700
95677,95702
95686,95689
95686,95696
95686,95700
95686,95702
95686,95705
95689,95696
95689,95700
95689,95702
95689,95705
95689,95707
95696,95700
95696,95702
95696,95705
95696,95707
95696,95710
95700,95702
95700,95705
95700,95707
95700,95710
95700,95711
95702,95705
95702,95707
95702,95710
95702,95711
95702,95712
95705,95707
95705,95711
95705,95712
95705,95713
95707,95711
95707,95712
95707,95713
95707,95716
95710,95711
95710,95712
95710,95713
95710,95716
95710,95722
95711,95716
95711,95722
95712,95713
95712,95716
95712,95727
95712,95728
95713,95716
95713,95722
95713,95727
95713,95728
95713,95735
95716,95722
95716,95727
95716,95728
95716,95735
95716,95741
95722,95728
95722,95735
95722,95741
95722,95742
95722,98869
95727,95728
95727,95735
95727,95742
95727,95744
95728,95735
95728,95741
95728,95744
95728,95746
95735,95741
95735,95742
95735,95744
95735,95746
95735,95747
95741,95742
95741,95744
95741,95746
95741,95747
95741,95753
95742,95744
95742,95746
95742,95747
95742,95753
95742,95760
95744,95746
95744,95760
95744,95767
95746,95747
95746,95753
95746,95760
95746,95767
95747,95753
95747,95760
95747,95767
95747,95774
95753,95760
95753,95767
95753,95769
95753,95774
95753,95775
95760,95767
95760,95769
95760,95774
95760,95775
95760,95776
95767,95769
95767,95774
95767,95775
95767,95776
95767,95781
95769,95774
95769,95775
95769,95776
95769,95781
95769,95782
95774,95775
95774,95776
95774,95781
95774,95782
95774,95783
95775,95776
95775,95781
95775,95782
95775,95783
95775,95790
95776,95781
95776,95782
95776,95783
95776,95792
95781,95782
95781,95783
95781,95790
95781,95792
95781,95793
95782,95783
95782,95790
95782,95792
95782,95797
95783,95790
95783,95792
95783,95793
95783,95797
95783,95798
95790,95792
95790,95793
95790,95797
95790,95798
95790,95803
95792,95793
95792,95797
95792,95798
95792,95813
95793,95797
95793,95798
95793,95803
95793,95813
95793,95817
95797,95798
95797,95813
95797,95817
95797,95826
95798,95803
95798,95817
95798,95826
95798,95836
95803,95813
95803,95817
95803,95826
95803,95836
95803,95839
95813,95817
95813,95826
95813,95836
95813,95839
95813,95843
95817,95826
95817,95836
95817,95839
95817,95843
95817,95845
95826,95836
95826,95839
95826,95843
95826,95845
95826,95847
95836,95839
95836,95843
95836,95845
95836,95847
95836,95851
95839,95843
95839,95845
95839,95847
95839,95851
95839,95854
95843,95845
95843,95847
95843,95851
95843,95854
95843,95865
95845,95847
95845,95851
95845,95854
95845,95865
95845,95870
95847,95854
95847,95865
95847,95870
95847,95882
95851,95854
95851,95865
95851,95870
95851,95883
95854,95865
95854,95870
95854,95882
95854,95883
95854,95893
95865,95870
95865,95882
95865,95883
95865,95893
95865,95894
95870,95882
95870,95883
95870,95894
95870,95897
95882,95893
95882,95894
95882,95897
95882,95907
95883,95893
95883,95894
95883,95897
95883,95907
95883,95909
95893,95894
95893,95897
95893,95907
95893,95909
95893,95910
95894,95897
95894,95907
95894,95909
95894,95910
95894,95915
95897,95907
95897,95909
95897,95910
95897,95915
95897,95916
95907,95909
95907,95910
95907,95916
95907,95919
95909,95910
95909,95915
95909,95916
95909,95919
95909,95920
95910,95915
95910,95916
95910,95919
95910,95920
95910,95928
95915,95916
95915,95919
95915,95920
95915,95928
95916,95919
95916,95920
95916,95928
95916,95934
95916,95941
95916,96428
95919,95920
95919,95928
95919,95934
95919,95941
95919,95954
95920,95928
95920,95934
95920,95941
95920,95954
95920,95955
95928,95941
95928,95954
95928,95955
95928,95961
95934,95954
95934,95955
95934,95961
95934,95964
95941,95954
95941,95955
95941,95964
95941,95966
95954,95955
95954,95961
95954,95964
95954,95999
95955,95961
95955,95964
95955,95966
95955,95999
95955,96000
95961,95964
95961,95966
95961,95999
95961,96000
95961,96003
95964,95966
95964,95999
95964,96000
95964,96003
95964,96008
95966,95999
95966,96000
95966,96003
95966,96008
95966,96009
95999,96000
95999,96003
95999,96008
95999,96009
95999,96014
96000,96003
96000,96008
96000,96009
96000,96014
96000,96017
96003,96008
96003,96009
96003,96014
96003,96017
96008,96009
96008,96014
96008,96017
96008,96024
96009,96014
96009,96017
96009,96018
96009,96024
96009,96027
96014,96017
96014,96018
96014,96024
96014,96027
96014,96039
96017,96018
96017,96024
96017,96039
96018,96024
96018,96027
96018,96039
96018,96041
96018,96043
96024,96027
96024,96039
96024,96041
96024,96043
96024,96045
96027,96039
96027,96041
96027,96043
96027,96045
96027,98981
96039,96041
96039,96043
96039,96045
96039,96052
96039,96055
96041,96043
96041,96045
96041,96052
96041,96055
96041,96056
96043,96052
96043,96055
96043,96059
96043,98299
96045,96052
96045,96055
96045,96056
96045,96059
96052,96055
96052,96056
96052,96059
96052,96062
96052,96067
96055,96056
96055,96059
96055,96062
96055,96068
96056,96059
96056,96062
96056,96067
96056,96068
96056,96075
96059,96062
96059,96067
96059,96068
96059,96077
96062,96068
96062,96075
96062,96077
96062,96082
96067,96068
96067,96075
96067,96077
96067,96082
96067,96084
96068,96075
96068,96077
96068,96082
96068,96086
96075,96077
96075,96082
96075,96087
96075,99329
96077,96082
96077,96084
96077,96086
96077,96087
96077,96095
96082,96084
96082,96086
96082,96087
96082,96095
96082,96096
96084,96086
96084,96087
96084,96095
96084,96096
96086,96087
96086,96095
96086,96099
96086,96101
96087,96096
96087,96101
96087,96103
96095,96096
96095,96099
96095,96101
96095,96103
96096,96099
96096,96101
96096,96103
96096,96109
96096,96114
96099,96101
96099,96109
96099,96118
96101,96103
96101,96109
96101,96114
96101,96118
96101,96120
96103,96114
96103,96118
96103,96120
96103,96125
96109,96114
96109,96118
96109,96120
96109,96125
96109,96126
96114,96118
96114,96120
96114,96125
96114,96126
96114,96128
96118,96125
96118,96128
96120,96126
96120,96129
96120,96132
96125,96126
96125,96128
96125,96129
96125,96137
96126,96128
96126,96129
96126,96132
96126,96137
96126,96139
96128,96129
96128,96132
96128,96137
96128,96139
96128,96146
96129,96132
96129,96137
96129,96139
96129,96146
96129,96150
96132,96139
96132,96146
96132,96150
96132,96155
96137,96139
96137,96146
96137,96150
96137,96155
96137,96156
96139,96150
96139,96155
96139,96156
96139,96158
96146,96150
96146,96155
96146,96158
96146,96164
96150,96155
96150,96156
96150,96158
96150,96164
96150,96165
96155,96156
96155,96158
96155,96164
96155,96165
96155,96166
96156,96158
96156,96165
96156,96166
96156,96169
96158,96164
96158,96165
96158,96166
96158,96169
96158,96170
96164,96166
96164,96169
96164,96170
96164,96171
96165,96166
96165,96169
96165,96170
96165,96171
96165,96178
96166,96169
96166,96170
96166,96171
96166,96179
96169,96170
96169,96171
96169,96178
96169,96179
96169,96182
96170,96171
96170,96178
96170,96179
96170,96182
96170,96185
96171,96178
96171,96179
96171,96182
96171,96185
96171,97136
96178,96179
96178,96182
96178,96185
96178,96189
96178,96191
96179,96182
96179,96185
96179,96189
96179,96191
96179,96201
96182,96185
96182,96189
96182,96191
96182,96201
96182,96208
96185,96189
96185,96191
96185,96201
96185,96208
96185,96209
96189,96191
96189,96201
96189,96208
96189,96209
96189,96217
96191,96201
96191,96208
96191,96209
96191,96217
96191,96218
96201,96208
96201,96209
96201,96217
96201,96218
96208,96209
96208,96217
96208,96218
96208,96224
96208,96229
96208,99063
96209,96217
96209,96218
96209,96224
96209,96229
96209,96230
96217,96224
96217,96229
96217,96230
96217,96233
96218,96224
96218,96229
96218,96230
96218,96233
96218,96235
96224,96229
96224,96230
96224,96233
96224,96235
96224,96236
96229,96230
96229,96233
96229,96235
96229,96244
96230,96233
96230,96235
96230,96236
96230,96244
96230,96245
96233,96235
96233,96236
96233,96244
96233,96245
96233,96246
96235,96236
96235,96244
96235,96245
96235,96246
96235,96252
96235,97742
96236,96245
96236,96252
96236,96257
96244,96245
96244,96252
96244,96257
96245,96246
96245,96252
96245,96257
96245,96258
96245,96259
96245,98339
96246,96252
96246,96257
96246,96259
96246,96261
96252,96257
96252,96258
96252,96259
96252,96261
96252,96268
96257,96258
96257,96259
96257,96268
96257,96279
96258,96259
96258,96261
96258,96268
96258,96279
96258,96283
96259,96261
96259,96268
96259,96279
96259,96283
96259,96288
96259,97002
96261,96268
96261,96279
96261,96283
96261,96288
96261,96292
96268,96279
96268,96283
96268,96288
96268,96292
96268,96297
96279,96283
96279,96292
96279,96297
96283,96288
96283,96292
96283,96297
96283,96304
96283,96311
96288,96292
96288,96297
96288,96311
96288,96314
96292,96297
96292,96304
96292,96311
96292,96314
96292,96315
96292,97841
96297,96304
96297,96311
96297,96315
96304,96311
96304,96314
96304,96315
96311,96314
96311,96315
96311,96323
96311,96336
96311,96346
96314,96315
96314,96323
96314,96336
96314,96363
96315,96323
96315,96336
96315,96346
96315,96363
96315,96369
96323,96336
96323,96346
96323,96363
96323,96369
96323,96370
96336,96346
96336,96363
96336,96369
96336,96370
96336,96376
96346,96363
96346,96369
96346,96370
96346,96376
96346,96381
96363,96369
96363,96376
96363,96381
96363,96384
96369,96370
96369,96376
96369,96381
96369,96384
96370,96376
96370,96381
96370,96384
96370,96386
96376,96381
96376,96384
96376,96386
96376,96395
96376,96396
96381,96384
96381,96395
96381,96396
96381,96399
96384,96386
96384,96395
96384,96396
96384,96399
96386,96395
96386,96396
96386,96399
96386,96402
96395,96396
96395,96399
96395,96402
96395,96416
96395,96418
96396,96399
96396,96402
96396,96418
96399,96402
96399,96416
96399,96418
96399,96424
96399,96428
96402,96416
96402,96428
96402,96429
96416,96418
96416,96424
96416,96428
96416,96432
96418,96424
96418,96428
96418,96429
96418,96432
96418,96435
96424,96428
96424,96429
96424,96432
96424,96435
96424,96436
96428,96429
96428,96432
96428,96435
96428,96436
96429,96432
96429,96435
96429,96436
96429,96437
96429,96439
96432,96435
96432,96436
96432,96437
96432,96439
96432,96443
96435,96436
96435,96437
96435,96443
96435,96448
96436,96437
96436,96439
96436,96443
96436,96448
96436,96452
96437,96439
96437,96443
96437,96448
96437,96452
96437,96454
96439,96443
96439,96452
96439,96456
96443,96448
96443,96454
96443,96461
96448,96452
96448,96454
96448,96456
96448,96461
96448,96465
96452,96454
96452,96456
96452,96461
96452,96465
96452,96466
96454,96461
96454,96465
96454,96466
96454,96467
96456,96461
96456,96465
96456,96466
96456,96467
96456,96468
96461,96465
96461,96467
96461,96468
96461,96471
96465,96466
96465,96467
96465,96468
96465,96471
96465,96474
96466,96467
96466,96468
96466,96471
96466,96474
96466,96476
96467,96468
96467,96471
96467,96474
96467,96476
96467,96478
96468,96471
96468,96474
96468,96476
96468,96478
96468,96491
96471,96474
96471,96476
96471,96478
96471,96491
96474,96476
96474,96478
96474,96491
96474,96493
96474,96496
96476,96478
96476,96491
96476,96493
96476,96496
96476,96497
96478,96491
96478,96493
96478,96496
96478,96497
96478,96499
96491,96493
96491,96496
96491,96497
96491,96499
96491,96503
96493,96497
96493,96499
96493,96503
96493,96504
96496,96497
96496,96499
96496,96503
96496,96504
96496,96506
96497,96499
96497,96503
96497,96504
96497,96506
96497,96514
96499,96503
96499,96504
96499,96506
96499,96514
96499,96515
96503,96504
96503,96506
96503,96515
96503,96519
96504,96506
96504,96515
96504,96519
96504,96522
96506,96514
96506,96515
96506,96519
96506,96523
96514,96515
96514,96519
96514,96522
96514,96523
96514,96524
96515,96519
96515,96522
96515,96523
96515,96524
96519,96522
96519,96523
96519,96524
96519,96527
96519,96540
96522,96523
96522,96524
96522,96527
96522,96540
96522,96542
96523,96527
96523,96540
96523,96542
96523,96547
96524,96527
96524,96540
96524,96542
96524,96547
96524,96553
96527,96547
96527,96553
96527,96557
96540,96542
96540,96547
96540,96553
96540,96557
96540,96563
96542,96547
96542,96557
96542,96563
96542,96573
96547,96553
96547,96557
96547,96563
96547,96573
96547,96579
96553,96557
96553,96563
96553,96579
96553,96581
96557,96563
96557,96573
96557,96579
96557,96581
96557,96585
96563,96579
96563,96581
96563,96585
96563,96588
96573,96579
96573,96581
96573,96585
96573,96588
96573,96592
96579,96581
96579,96585
96579,96588
96579,96592
96579,96594
96581,96585
96581,96592
96581,96594
96581,96601
96585,96588
96585,96592
96585,96594
96585,96601
96588,96592
96588,96594
96588,96601
96588,96604
96588,96606
96592,96604
96592,96606
96592,96608
96594,96601
96594,96608
96594,96612
96601,96604
96601,96606
96601,96608
96601,96612
96601,96617
96604,96606
96604,96608
96604,96612
96604,96617
96604,96619
96606,96608
96606,96612
96606,96617
96606,96619
96606,96620
96608,96612
96608,96617
96608,96619
96608,96620
96608,96623
96612,96617
96612,96619
96612,96620
96612,96623
96612,96627
96617,96620
96617,96623
96617,96627
96617,96628
96619,96623
96619,96627
96619,96628
96619,96641
96620,96627
96620,96628
96620,96641
96620,96644
96623,96627
96623,96628
96623,96641
96623,96644
96623,96646
96627,96628
96627,96641
96627,96646
96627,96647
96628,96641
96628,96644
96628,96647
96628,96648
96641,96644
96641,96646
96641,96647
96641,96648
96641,96649
96644,96646
96644,96647
96644,96648
96644,96649
96646,96647
96646,96648
96646,96649
96646,96656
96646,96657
96646,97413
96646,97865
96647,96648
96647,96649
96647,96656
96647,96657
96647,96665
96648,96649
96648,96656
96648,96657
96648,96665
96648,96671
96649,96656
96649,96657
96649,96665
96649,96671
96649,96674
96656,96657
96656,96665
96656,96671
96656,96674
96656,96684
96657,96665
96657,96671
96657,96674
96657,96684
96657,96692
96665,96671
96665,96674
96665,96684
96665,96692
96665,96693
96671,96674
96671,96684
96671,96692
96671,96693
96671,96697
96674,96684
96674,96692
96674,96693
96674,96697
96674,96703
96684,96693
96684,96697
96684,96703
96684,96704
96692,96693
96692,96697
96692,96703
96692,96706
96693,96697
96693,96703
96693,96704
96693,96706
96693,96710
96697,96703
96697,96704
96697,96706
96697,96710
96697,96711
96703,96704
96703,96706
96703,96710
96703,96711
96703,96716
96704,96706
96704,96710
96704,96711
96704,96716
96704,96718
96706,96710
96706,96711
96710,96711
96710,96716
96710,96718
96710,96721
96710,96722
96711,96718
96711,96722
96711,96727
96716,96718
96716,96722
96716,96727
96716,96733
96718,96721
96718,96722
96718,96727
96718,96733
96718,96735
96718,97753
96721,96722
96721,96727
96721,96733
96721,96735
96721,96739
96722,96733
96722,96735
96722,96739
96722,96744
96727,96733
96727,96735
96727,96739
96727,96754
96727,99215
96733,96735
96733,96739
96733,96744
96733,96754
96733,96760
96735,96739
96735,96744
96735,96754
96735,96760
96739,96744
96739,96754
96739,96760
96739,96762
96744,96754
96744,96760
96744,96762
96744,96769
96754,96760
96754,96762
96754,96774
96754,96777
96760,96762
96760,96769
96760,96774
96760,96777
96760,96781
96762,96769
96762,96774
96762,96777
96762,96781
96762,96787
96769,96774
96769,96777
96769,96781
96769,96787
96769,96794
96774,96777
96774,96781
96774,96787
96774,96794
96774,96797
96777,96781
96777,96794
96777,96797
96777,96798
96781,96787
96781,96794
96781,96797
96781,96798
96787,96794
96787,96797
96787,96798
96787,96801
96787,96810
96794,96797
96794,96798
96794,96801
96794,96810
96794,96814
96797,96798
96797,96801
96797,96810
96797,96814
96797,96817
96798,96801
96798,96810
96798,96814
96798,96817
96798,96818
96801,96810
96801,96814
96801,96817
96801,96818
96801,96819
96810,96814
96810,96817
96810,96818
96810,96819
96810,96823
96814,96817
96814,96818
96814,96819
96814,96823
96814,96824
96817,96818
96817,96819
96817,96823
96817,96824
96817,96834
96818,96819
96818,96823
96818,96824
96818,96834
96818,96835
96819,96823
96819,96824
96819,96834
96819,96835
96823,96824
96823,96834
96823,96835
96823,96838
96823,96841
96824,96834
96824,96835
96824,96838
96824,96841
96824,96850
96834,96835
96834,96838
96834,96841
96834,96850
96834,96855
96835,96838
96835,96850
96835,96855
96835,96858
96838,96850
96838,96858
96838,96860
96841,96850
96841,96855
96841,96858
96841,96860
96850,96855
96850,96858
96850,96860
96850,96863
96850,96869
96855,96858
96855,96860
96855,96863
96855,96869
96855,96872
96858,96869
96858,96872
96858,96876
96860,96863
96860,96869
96860,96872
96860,96876
96860,96881
96863,96869
96863,96876
96863,96886
96869,96872
96869,96876
96869,96881
96869,96886
96869,96892
96872,96876
96872,96881
96872,96886
96872,96892
96872,96904
96876,96881
96876,96886
96876,96892
96876,96904
96876,96926
96881,96886
96881,96892
96881,96926
96881,96927
96886,96892
96886,96904
96886,96926
96886,96927
96886,96931
96892,96926
96892,96927
96892,96931
96892,96936
96904,96926
96904,96927
96904,96931
96904,96936
96904,96939
96926,96927
96926,96931
96926,96936
96926,96939
96927,96931
96927,96936
96927,96939
96927,96941
96927,96943
96931,96936
96931,96939
96931,96941
96931,96943
96931,96945
96936,96939
96936,96941
96936,96943
96936,96945
96936,96963
96939,96941
96939,96943
96939,96945
96939,96963
96939,96964
96941,96943
96941,96945
96941,96963
96941,96964
96941,96967
96943,96945
96943,96963
96943,96964
96943,96967
96943,96969
96945,96963
96945,96964
96945,96967
96945,96969
96945,96970
96963,96964
96963,96967
96963,96969
96963,96970
96963,96974
96964,96967
96964,96969
96964,96970
96964,96974
96964,96979
96967,96969
96967,96974
96967,96979
96967,96980
96969,96970
96969,96974
96969,96979
96969,96980
96970,96974
96970,96979
96970,96985
96970,96992
96974,96979
96974,96980
96974,96985
96974,96992
96974,96995
96979,96985
96979,96992
96979,96995
96979,96997
96980,96985
96980,96992
96980,96995
96980,96997
96980,97002
96985,96992
96985,96995
96985,96997
96985,97002
96985,97009
96992,96995
96992,96997
96992,97002
96992,97009
96992,97012
96995,97002
96995,97009
96995,97012
96995,97015
96997,97002
96997,97009
96997,97012
96997,97015
96997,97017
97002,97009
97002,97012
97002,97015
97002,97017
97009,97012
97009,97015
97009,97017
97009,97021
97009,97025
97012,97015
97012,97017
97012,97021
97012,97025
97012,97026
97015,97017
97015,97021
97015,97025
97015,97026
97015,97029
97017,97021
97017,97025
97017,97026
97017,97029
97017,97030
97021,97025
97021,97026
97021,97029
97021,97030
97021,97033
97025,97026
97025,97030
97025,97033
97025,97040
97026,97030
97026,97033
97026,97040
97029,97030
97029,97033
97029,97040
97029,97046
97029,97047
97030,97033
97030,97040
97030,97046
97030,97047
97030,97051
97033,97040
97033,97046
97033,97051
97033,97052
97040,97046
97040,97047
97040,97051
97040,97052
97040,97057
97046,97047
97046,97051
97046,97052
97046,97057
97046,97058
97047,97051
97047,97052
97047,97057
97047,97058
97047,98135
97051,97052
97051,97057
97051,97058
97051,97064
97052,97058
97052,97063
97052,97064
97052,97069
97057,97058
97057,97064
97057,97069
97057,97074
97058,97063
97058,97064
97058,97069
97058,97074
97058,97079
97063,97064
97063,97069
97063,97074
97063,97079
97063,97087
97064,97069
97064,97079
97064,97087
97069,97074
97069,97089
97069,97093
97074,97079
97074,97087
97074,97089
97074,97093
97079,97087
97079,97089
97079,97093
97079,97094
97079,97095
97087,97089
97087,97093
97087,97094
97087,97095
97087,97097
97089,97093
97089,97095
97089,97102
97093,97094
97093,97095
97093,97097
97093,97102
97093,97113
97094,97095
97094,97097
97094,97102
97094,97113
97094,97114
97095,97097
97095,97102
97095,97113
97095,97114
97097,97102
97097,97113
97097,97114
97097,97115
97097,97125
97102,97113
97102,97114
97102,97115
97102,97125
97102,97132
97113,97114
97113,97115
97113,97125
97113,97132
97113,97134
97113,97490
97114,97115
97114,97125
97114,97132
97114,97134
97114,97136
97115,97125
97115,97132
97115,97134
97115,97136
97115,97138
97125,97132
97125,97134
97125,97136
97125,97138
97125,97140
97132,97134
97132,97136
97132,97138
97132,97140
97132,97143
97134,97138
97134,97140
97134,97143
97136,97138
97136,97140
97136,97157
97136,97159
97138,97140
97138,97143
97138,97157
97138,97159
97138,97160
97140,97143
97140,97157
97140,97159
97140,97160
97140,97161
97143,97157
97143,97159
97143,97160
97143,97162
97157,97159
97157,97161
97157,97162
97157,97164
97159,97160
97159,97162
97159,97164
97160,97161
97160,97162
97160,97164
97160,97176
97160,97177
97161,97162
97161,97164
97161,97176
97161,97177
97161,97180
97162,97164
97162,97176
97162,97180
97162,97181
97164,97176
97164,97177
97164,97180
97164,97181
97164,97188
97176,97180
97176,97181
97176,97188
97176,97193
97177,97180
97177,97181
97177,97188
97177,97193
97177,97196
97180,97181
97180,97188
97180,97193
97180,97196
97180,97199
97181,97188
97181,97193
97181,97196
97181,97199
97181,97206
97188,97193
97188,97196
97188,97199
97188,97206
97188,97215
97193,97196
97193,97199
97193,97206
97193,97215
97193,97217
97196,97199
97196,97206
97196,97215
97196,97217
97196,97219
97199,97206
97199,97215
97199,97217
97199,97219
97199,97221
97206,97215
97206,97217
97206,97219
97206,97221
97206,97230
97215,97217
97215,97219
97215,97221
97215,97230
97215,97234
97217,97219
97217,97230
97217,97234
97217,97241
97219,97221
97219,97230
97219,97234
97219,97241
97221,97230
97221,97234
97221,97242
97221,97244
97230,97241
97230,97242
97230,97244
97230,97245
97234,97241
97234,97242
97234,97244
97241,97242
97241,97245
97241,97247
97241,97249
97242,97247
97242,97249
97242,97254
97244,97245
97244,97247
97244,97249
97245,97247
97245,97249
97245,97254
97245,97256
97245,97259
97247,97249
97247,97254
97247,97256
97247,97259
97247,97261
97249,97254
97249,97256
97249,97261
97249,97262
97254,97256
97254,97259
97254,97261
97254,97262
97254,97263
97256,97259
97256,97261
97256,97262
97256,97264
97259,97261
97259,97262
97259,97263
97259,97264
97259,97266
97261,97263
97261,97264
97261,97266
97261,97270
97262,97264
97262,97266
97262,97270
97262,97271
97263,97264
97263,97266
97263,97271
97263,97279
97264,97266
97264,97270
97264,97271
97264,97279
97264,97282
97266,97270
97266,97271
97266,97279
97266,97282
97266,97283
97270,97271
97270,97279
97270,97282
97270,97283
97270,97297
97271,97279
97271,97299
97279,97282
97279,97283
97279,97297
97279,97299
97279,97326
97282,97283
97282,97297
97282,97299
97282,97326
97282,97327
97283,97297
97283,97299
97283,97326
97283,97327
97283,97328
97297,97299
97297,97326
97297,97327
97297,97328
97297,97330
97299,97326
97299,97328
97299,97330
97299,97335
97326,97327
97326,97328
97326,97330
97326,97335
97326,97342
97327,97328
97327,97330
97327,97335
97327,97342
97327,97349
97328,97330
97328,97335
97328,97342
97328,97349
97328,97351
97330,97342
97330,97349
97330,97353
97335,97342
97335,97349
97335,97351
97335,97353
97335,97362
97342,97353
97342,97362
97342,97364
97349,97351
97349,97353
97349,97362
97349,97364
97349,97371
97351,97353
97351,97362
97351,97364
97351,97371
97351,97373
97353,97362
97353,97373
97353,97375
97362,97364
97362,97371
97362,97373
97362,97375
97362,97378
97364,97371
97364,97373
97364,97375
97364,97378
97364,97384
97371,97373
97371,97375
97371,97378
97371,97384
97371,97385
97373,97375
97373,97385
97373,97387
97375,97378
97375,97384
97375,97385
97375,97387
97375,97393
97378,97385
97378,97387
97378,97393
97378,97398
97384,97385
97384,97387
97384,97393
97384,97398
97384,97399
97385,97393
97385,97398
97385,97399
97385,97403
97387,97393
97387,97399
97393,97398
97393,97399
97393,97403
97393,97404
97393,97409
97398,97399
97398,97403
97398,97404
97398,97409
97398,97411
97399,97403
97399,97404
97399,97409
97399,97411
97399,97413
97403,97404
97403,97409
97403,97411
97403,97413
97403,97414
97404,97409
97404,97411
97404,97413
97404,97415
97409,97411
97409,97413
97409,97414
97409,97415
97409,97417
97411,97413
97411,97414
97411,97415
97411,97417
97413,97414
97413,97415
97413,97417
97413,97427
97414,97415
97414,97417
97414,97418
97414,97427
97414,97438
97415,97418
97415,97427
97415,97438
97417,97418
97417,97427
97417,97438
97417,97441
97417,97449
97418,97427
97418,97438
97418,97449
97418,99329
97427,97438
97427,97441
97427,97449
97427,97450
97427,97452
97438,97441
97438,97449
97438,97450
97438,97452
97438,97456
97441,97449
97441,97450
97441,97452
97441,97456
97441,97466
97449,97450
97449,97452
97449,97466
97449,97469
97450,97452
97450,97456
97450,97466
97450,97469
97450,97472
97452,97456
97452,97466
97452,97469
97452,97472
97452,97475
97456,97466
97456,97472
97456,97475
97456,97482
97466,97469
97466,97472
97466,97475
97466,97482
97466,97484
97469,97472
97469,97475
97469,97482
97469,97484
97469,97485
97472,97475
97472,97482
97472,97484
97472,97485
97472,97487
97475,97482
97475,97484
97475,97485
97475,97487
97475,97490
97482,97484
97482,97485
97482,97487
97482,97490
97482,97492
97484,97485
97484,97487
97484,97490
97484,97492
97484,97496
97485,97487
97485,97490
97485,97492
97485,97496
97485,97497
97487,97490
97487,97492
97487,97496
97487,97497
97487,97503
97490,97492
97490,97496
97490,97497
97490,97503
97492,97496
97492,97497
97492,97503
97492,97508
97492,97520
97496,97503
97496,97508
97496,97520
97497,97503
97497,97508
97497,97520
97497,97534
97497,97540
97503,97508
97503,97520
97503,97534
97503,97540
97503,97542
97508,97520
97508,97534
97508,97540
97508,97542
97508,97543
97520,97540
97520,97542
97520,97543
97534,97540
97534,97542
97534,97543
97534,97544
97534,97548
97540,97542
97540,97543
97540,97544
97540,97548
97540,97564
97542,97543
97542,97544
97542,97548
97542,97564
97542,97565
97543,97544
97543,97548
97543,97565
97543,97567
97544,97548
97544,97565
97544,97567
97544,97576
97548,97564
97548,97565
97548,97567
97548,97576
97548,97594
97564,97565
97564,97567
97564,97576
97564,97594
97564,97597
97565,97567
97565,97576
97565,97597
97567,97576
97567,97594
97567,97597
97567,97599
97567,97601
97576,97594
97576,97597
97576,97599
97576,97601
97576,97603
97594,97597
97594,97599
97594,97601
97594,97603
97597,97599
97597,97601
97597,97603
97597,97606
97597,97614
97599,97601
97599,97603
97599,97614
97599,97616
97601,97603
97601,97606
97601,97614
97601,97616
97601,97619
97603,97606
97603,97614
97603,97616
97603,97619
97603,97622
97606,97614
97606,97616
97606,97619
97606,97622
97614,97616
97614,97619
97614,97622
97614,97626
97614,97629
97616,97619
97616,97622
97616,97626
97616,97631
97619,97622
97619,97626
97619,97629
97619,97634
97622,97626
97622,97629
97622,97631
97622,97634
97622,97639
97626,97629
97626,97631
97626,97634
97626,97639
97626,97646
97629,97631
97629,97634
97629,97639
97629,97646
97629,97669
97631,97634
97631,97639
97631,97669
97631,97672
97634,97639
97634,97646
97634,97669
97634,97672
97639,97646
97639,97669
97639,97672
97639,97674
97639,97681
97646,97669
97646,97672
97646,97674
97646,97681
97646,97683
97669,97672
97669,97674
97669,97683
97669,97685
97672,97674
97672,97681
97672,97683
97672,97691
97674,97681
97674,97685
97674,97691
97674,97692
97681,97691
97681,97692
97681,97694
97683,97685
97683,97691
97683,97692
97683,97694
97683,97697
97685,97691
97685,97692
97685,97694
97685,97697
97685,97699
97691,97692
97691,97694
97691,97697
97692,97694
97692,97699
97692,97702
97692,97708
97694,97697
97694,97699
97694,97702
97694,97708
97694,97711
97697,97699
97697,97702
97697,97708
97697,97711
97697,97724
97699,97702
97699,97708
97699,97711
97699,97725
97702,97708
97702,97711
97702,97724
97702,97725
97702,97726
97708,97711
97708,97724
97708,97725
97708,97726
97708,97728
97711,97724
97711,97725
97711,97726
97711,97728
97711,97734
97724,97725
97724,97726
97724,97728
97724,97734
97724,97735
97725,97726
97725,97728
97725,97734
97725,97735
97726,97728
97726,97734
97726,97735
97726,97742
97726,97744
97728,97734
97728,97735
97728,97742
97728,97744
97728,97745
97734,97742
97734,97744
97734,97745
97734,97753
97735,97742
97735,97744
97735,97745
97735,97753
97735,97754
97742,97745
97742,97753
97742,97765
97744,97745
97744,97753
97744,97754
97744,97765
97745,97753
97745,97754
97745,97765
97745,97766
97745,97767
97753,97765
97753,97766
97753,97767
97753,97772
97754,97766
97754,97767
97754,97772
97754,97774
97765,97766
97765,97767
97765,97772
97765,97774
97765,97775
97766,97767
97766,97772
97766,97774
97766,97775
97766,97776
97767,97772
97767,97774
97767,97776
97767,97781
97772,97774
97772,97775
97772,97776
97772,97781
97774,97775
97774,97776
97774,97789
97774,97794
97775,97776
97775,97781
97775,97789
97775,97794
97775,97795
97776,97781
97776,97789
97776,97794
97776,97795
97776,97804
97781,97789
97781,97794
97781,97795
97781,97804
97781,97806
97789,97794
97789,97795
97789,97804
97789,97806
97789,97811
97794,97795
97794,97804
97794,97806
97794,97811
97794,97822
97795,97806
97795,97811
97795,97822
97795,97835
97804,97806
97804,97811
97804,97822
97804,97835
97804,97838
97806,97811
97806,97822
97806,97835
97806,97838
97806,97841
97811,97822
97811,97838
97811,97841
97822,97835
97822,97844
97822,97846
97835,97838
97835,97844
97835,97846
97835,97850
97838,97841
97838,97844
97838,97846
97838,97850
97838,97857
97841,97844
97841,97846
97841,97850
97841,97857
97844,97846
97844,97850
97844,97857
97844,97858
97844,97860
97846,97850
97846,97857
97846,97858
97846,97860
97846,97864
97850,97857
97850,97858
97850,97860
97850,97864
97850,97865
97857,97858
97857,97860
97857,97864
97857,97865
97857,97867
97858,97864
97858,97865
97858,97867
97858,97868
97860,97864
97860,97865
97860,97867
97860,97868
97860,97872
97864,97865
97864,97867
97864,97868
97864,97872
97864,97873
97865,97867
97865,97868
97865,97872
97865,97874
97867,97868
97867,97872
97867,97873
97867,97874
97867,97875
97868,97872
97868,97873
97868,97874
97868,97875
97868,97876
97872,97873
97872,97875
97872,97876
97872,97880
97873,97875
97873,97876
97873,97881
97874,97875
97874,97880
97874,97881
97874,97882
97875,97881
97875,97882
97875,97889
97876,97880
97876,97881
97876,97882
97876,97889
97876,97891
97880,97881
97880,97882
97880,97889
97880,97891
97880,97892
97881,97889
97881,97891
97881,97892
97881,97894
97882,97889
97882,97892
97882,97894
97882,97908
97889,97891
97889,97894
97889,97908
97889,97909
97891,97892
97891,97894
97891,97908
97891,97909
97891,97910
97892,97894
97892,97908
97892,97909
97892,97910
97892,97915
97894,97908
97894,97909
97894,97910
97894,97915
97894,97916
97908,97909
97908,97910
97908,97915
97908,97916
97908,97922
97909,97910
97909,97915
97909,97916
97909,97922
97910,97915
97910,97916
97910,97922
97910,97923
97910,97926
97915,97916
97915,97922
97915,97923
97915,97926
97915,97927
97916,97922
97916,97923
97916,97926
97916,97927
97916,97928
97922,97926
97922,97927
97922,97928
97922,97931
97923,97926
97923,97927
97923,97928
97923,97931
97926,97927
97926,97928
97926,97931
97926,97935
97927,97928
97927,97935
97927,97945
97927,97947
97928,97931
97928,97935
97928,97945
97928,97947
97928,97948
97931,97935
97931,97945
97931,97947
97931,97948
97931,97952
97935,97945
97935,97947
97935,97948
97935,97952
97935,97954
97945,97947
97945,97948
97945,97952
97945,97954
97945,97957
97947,97948
97947,97952
97947,97954
97947,97957
97948,97952
97948,97954
97948,97957
97948,97966
97952,97954
97952,97957
97952,97961
97952,97966
97952,97969
97954,97957
97954,97961
97954,97966
97954,97969
97954,97976
97957,97961
97957,97966
97957,97976
97961,97966
97961,97969
97961,97976
97961,97984
97961,97985
97966,97969
97966,97976
97966,97984
97966,97985
97966,97996
97969,97976
97969,97984
97969,97985
97969,97996
97969,98000
97976,97984
97976,97985
97976,97996
97976,98000
97976,98016
97984,97985
97984,97996
97984,98000
97984,98017
97985,97996
97985,98016
97985,98017
97985,98019
97996,98000
97996,98017
97996,98019
97996,98032
98000,98016
98000,98017
98000,98019
98000,98032
98000,98036
98016,98017
98016,98019
98016,98032
98016,98036
98016,98042
98017,98019
98017,98032
98017,98036
98019,98032
98019,98036
98019,98042
98019,98058
98032,98036
98032,98042
98032,98047
98032,98058
98032,98062
98036,98042
98036,98047
98036,98058
98036,98062
98036,98066
98042,98047
98042,98058
98042,98062
98042,98066
98042,98075
98047,98058
98047,98062
98047,98066
98047,98075
98047,98080
98058,98062
98058,98066
98058,98075
98058,98080
98058,98082
98062,98066
98062,98075
98062,98080
98062,98082
98062,98084
98066,98075
98066,98080
98066,98082
98066,98084
98075,98080
98075,98082
98075,98084
98075,98086
98075,98093
98080,98082
98080,98084
98080,98086
98080,98098
98082,98084
98082,98086
98082,98098
98082,98101
98084,98086
98084,98098
98084,98101
98084,98113
98086,98093
98086,98098
98086,98101
98086,98113
98086,98123
98093,98098
98093,98101
98093,98113
98093,98123
98093,98125
98098,98101
98098,98113
98098,98125
98098,98135
98101,98113
98101,98123
98101,98125
98101,98135
98101,98136
98113,98123
98113,98125
98113,98135
98113,98136
98113,98139
98123,98125
98123,98135
98123,98136
98123,98139
98125,98135
98125,98136
98125,98139
98125,98140
98125,98143
98135,98136
98135,98139
98135,98140
98135,98148
98136,98139
98136,98140
98136,98143
98136,98148
98136,98149
98139,98140
98139,98143
98139,98148
98139,98149
98139,98150
98140,98143
98140,98148
98140,98149
98140,98150
98140,98156
98143,98148
98143,98149
98143,98150
98143,98156
98143,98162
98148,98156
98148,98166
98149,98150
98149,98156
98149,98162
98149,98167
98150,98156
98150,98162
98150,98166
98150,98167
98150,98170
98156,98162
98156,98166
98156,98167
98156,98170
98156,98171
98162,98166
98162,98167
98162,98173
98162,99162
98166,98167
98166,98170
98166,98171
98166,98173
98166,98180
98167,98170
98167,98171
98167,98173
98167,98180
98167,98182
98170,98171
98170,98173
98170,98180
98170,98182
98170,98188
98171,98173
98171,98180
98171,98182
98171,98188
98171,98189
98173,98180
98173,98182
98173,98188
98173,98189
98173,98191
98180,98182
98180,98188
98180,98189
98180,98191
98180,98196
98182,98188
98182,98189
98182,98191
98182,98196
98182,98197
98188,98191
98188,98196
98188,98197
98188,98198
98189,98191
98189,98196
98189,98197
98189,98198
98189,98200
98191,98196
98191,98197
98191,98200
98191,98203
98196,98197
98196,98198
98196,98200
98196,98203
98197,98198
98197,98203
98197,98209
98197,98224
98198,98200
98198,98203
98198,98209
98198,98224
98200,98203
98200,98224
98200,98225
98203,98209
98203,98224
98203,98225
98203,98228
98203,98230
98209,98224
98209,98225
98209,98228
98209,98230
98224,98225
98224,98230
98224,98233
98224,98244
98225,98228
98225,98233
98225,98244
98228,98230
98228,98233
98228,98244
98228,98248
98228,98253
98230,98233
98230,98244
98230,98248
98230,98253
98230,98255
98233,98244
98233,98248
98233,98253
98233,98255
98233,98267
98244,98248
98244,98253
98244,98255
98244,98267
98244,98277
98248,98253
98248,98255
98248,98267
98248,98277
98248,98281
98253,98255
98253,98267
98253,98277
98253,98284
98255,98267
98255,98277
98255,98281
98255,98284
98255,98286
98267,98277
98267,98284
98267,98286
98267,98288
98277,98281
98277,98284
98277,98286
98281,98284
98281,98288
98281,98289
98281,98291
98284,98286
98284,98288
98284,98289
98284,98292
98286,98288
98286,98289
98286,98291
98286,98292
98286,98295
98288,98289
98288,98291
98288,98292
98288,98295
98288,98299
98289,98291
98289,98292
98289,98295
98289,98299
98289,98303
98291,98292
98291,98295
98291,98299
98291,98307
98292,98295
98292,98299
98292,98303
98292,98307
98295,98299
98295,98303
98295,98307
98295,98310
98295,98314
98299,98303
98299,98307
98299,98310
98299,98314
98299,98319
98303,98307
98303,98310
98303,98314
98303,98319
98303,98321
98307,98310
98307,98314
98307,98319
98307,98321
98307,98330
98310,98314
98310,98319
98310,98321
98310,98330
98314,98319
98314,98321
98314,98330
98314,98335
98314,98339
98319,98321
98319,98330
98319,98335
98319,98341
98321,98330
98321,98335
98321,98339
98321,98341
98330,98335
98330,98339
98330,98341
98330,98342
98330,98343
98335,98339
98335,98341
98335,98342
98335,98343
98335,98346
98339,98341
98339,98342
98339,98346
98339,98348
98341,98342
98341,98343
98341,98346
98341,98348
98341,98350
98342,98343
98342,98346
98342,98348
98342,98350
98342,98362
98343,98346
98343,98348
98343,98350
98343,98362
98343,98364
98346,98348
98346,98350
98346,98362
98346,98364
98346,98375
98348,98350
98348,98362
98348,98364
98348,98375
98348,98376
98350,98362
98350,98364
98350,98375
98350,98376
98362,98364
98362,98375
98362,98376
98362,98380
98362,98381
98364,98375
98364,98376
98364,98380
98364,98381
98364,98384
98375,98376
98375,98380
98375,98381
98375,98384
98375,98386
98376,98380
98376,98381
98376,98384
98376,98388
98380,98381
98380,98386
98380,98388
98380,98394
98381,98384
98381,98386
98381,98388
98381,98394
98381,98395
98384,98386
98384,98388
98384,98394
98384,98395
98384,98406
98386,98388
98386,98395
98386,98406
98386,98407
98388,98394
98388,98395
98388,98406
98388,98407
98388,98413
98394,98395
98394,98406
98394,98407
98395,98406
98395,98407
98395,98413
98395,98419
98395,98421
98406,98407
98406,98419
98406,98421
98406,98424
98407,98419
98407,98421
98407,98424
98407,98426
98413,98419
98413,98421
98413,98424
98413,98426
98413,98436
98419,98421
98419,98424
98419,98426
98419,98436
98421,98424
98421,98426
98421,98436
98421,98441
98421,98443
98424,98426
98424,98436
98424,98443
98424,98446
98426,98436
98426,98441
98426,98446
98426,98454
98436,98441
98436,98443
98436,98446
98436,98454
98436,98458
98441,98443
98441,98446
98441,98454
98441,98458
98441,98462
98443,98446
98443,98454
98443,98458
98443,98462
98443,98463
98446,98454
98446,98458
98446,98462
98454,98458
98454,98462
98454,98463
98454,98472
98454,98473
98458,98462
98458,98473
98458,98479
98462,98463
98462,98473
98462,98479
98462,98490
98463,98472
98463,98473
98463,98479
98463,98490
98463,98494
98472,98473
98472,98479
98472,98490
98472,98494
98472,98497
98473,98479
98473,98490
98473,98494
98473,98497
98473,98498
98479,98490
98479,98494
98479,98497
98479,98498
98479,98505
98490,98494
98490,98497
98490,98498
98490,98505
98490,98509
98494,98497
98494,98498
98494,98505
98494,98509
98494,98516
98497,98498
98497,98505
98497,98509
98497,98516
98498,98505
98498,98509
98498,98516
98498,98518
98498,98520
98505,98509
98505,98516
98505,98518
98505,98520
98505,98527
98509,98516
98509,98518
98509,98520
98509,98527
98509,98531
98516,98518
98516,98520
98516,98527
98516,98531
98518,98520
98518,98527
98518,98531
98518,98532
98520,98527
98520,98531
98520,98532
98520,98534
98520,98536
98527,98531
98527,98532
98527,98536
98527,98542
98531,98532
98531,98534
98531,98536
98531,98542
98531,98544
98532,98534
98532,98536
98532,98542
98532,98544
98532,98547
98534,98542
98534,98544
98534,98547
98536,98542
98536,98544
98536,98547
98536,98548
98536,98553
98542,98544
98542,98547
98542,98548
98542,98553
98542,98555
98544,98547
98544,98553
98544,98555
98544,98557
98547,98548
98547,98553
98547,98555
98547,98557
98547,98560
98548,98555
98548,98557
98548,98560
98548,98564
98553,98555
98553,98557
98553,98560
98553,98564
98553,98570
98555,98557
98555,98560
98555,98570
98555,98573
98557,98560
98557,98564
98557,98570
98557,98573
98557,98576
98560,98564
98560,98570
98560,98576
98560,98578
98564,98570
98564,98573
98564,98583
98570,98573
98570,98576
98570,98578
98570,98583
98570,98587
98573,98576
98573,98583
98573,98587
98573,98591
98576,98578
98576,98583
98576,98587
98576,98591
98576,98592
98578,98587
98578,98591
98578,98592
98578,98595
98583,98587
98583,98592
98583,98595
98583,98596
98587,98591
98587,98592
98587,98596
98591,98595
98591,98596
98591,98597
98592,98595
98592,98596
98592,98597
98592,98598
98592,98603
98595,98596
98595,98597
98595,98598
98595,98603
98595,98604
98596,98597
98596,98598
98596,98603
98596,98604
98596,98606
98597,98598
98597,98603
98597,98604
98597,98606
98597,98618
98598,98603
98598,98618
98598,98625
98603,98604
98603,98606
98603,98618
98603,98625
98603,98631
98604,98606
98604,98618
98604,98625
98604,98631
98604,98635
98606,98618
98606,98625
98606,98631
98606,98635
98606,98639
98618,98625
98618,98631
98618,98635
98618,98639
98618,98640
98625,98631
98625,98635
98625,98639
98625,98640
98625,98641
98631,98635
98631,98639
98631,98640
98631,98641
98631,98644
98635,98639
98635,98640
98635,98641
98635,98644
98635,98647
98639,98640
98639,98641
98639,98644
98639,98647
98639,98648
98640,98644
98640,98647
98640,98648
98640,98662
98641,98644
98641,98647
98641,98648
98641,98662
98641,98664
98644,98647
98644,98648
98644,98662
98644,98664
98644,98665
98647,98648
98647,98662
98647,98664
98647,98665
98647,98672
98648,98662
98648,98664
98648,98665
98648,98672
98648,98674
98662,98665
98662,98674
98662,98677
98662,99461
98664,98665
98664,98672
98664,98674
98664,98677
98664,98680
98665,98672
98665,98674
98665,98677
98665,98680
98665,98682
98672,98674
98672,98677
98672,98680
98672,98682
98672,98683
98674,98677
98674,98680
98674,98682
98674,98683
98674,98685
98677,98680
98677,98682
98677,98683
98677,98685
98677,98686
98680,98682
98680,98683
98680,98685
98680,98686
98680,98695
98682,98683
98682,98685
98682,98686
98682,98695
98682,98713
98683,98685
98683,98686
98683,98713
98683,98714
98685,98686
98685,98713
98685,98714
98685,98719
98686,98695
98686,98713
98686,98714
98686,98719
98686,98730
98695,98713
98695,98714
98695,98719
98695,98730
98695,98734
98713,98714
98713,98719
98713,98730
98713,98734
98713,98737
98714,98719
98714,98730
98714,98734
98714,98737
98714,98742
98719,98730
98719,98734
98719,98737
98719,98746
98730,98734
98730,98737
98730,98746
98730,98752
98734,98737
98734,98742
98734,98746
98734,98754
98737,98742
98737,98752
98737,98754
98737,98765
98742,98746
98742,98752
98742,98754
98742,98765
98742,98767
98746,98752
98746,98754
98746,98765
98746,98767
98752,98754
98752,98765
98752,98768
98752,98777
98754,98765
98754,98767
98754,98768
98754,98777
98754,98791
98765,98767
98765,98768
98765,98777
98765,98791
98767,98768
98767,98777
98767,98791
98767,98794
98767,98796
98768,98777
98768,98791
98768,98794
98768,98796
98768,98797
98777,98794
98777,98796
98777,98797
98777,98801
98777,99649
98791,98794
98791,98796
98791,98801
98794,98796
98794,98797
98794,98801
98794,98810
98796,98801
98796,98805
98796,98810
98796,98814
98797,98801
98797,98805
98797,98810
98797,98814
98797,98817
98801,98805
98801,98810
98801,98814
98801,98817
98801,98821
98805,98810
98805,98814
98805,98817
98805,98821
98805,98823
98810,98814
98810,98817
98810,98821
98810,98823
98810,98834
98814,98817
98814,98821
98814,98823
98814,98834
98817,98821
98817,98823
98817,98834
98817,98851
98821,98823
98821,98834
98821,98837
98821,98851
98821,98852
98823,98834
98823,98837
98823,98851
98823,98852
98823,98857
98834,98837
98834,98851
98834,98852
98834,98857
98834,98863
98837,98851
98837,98852
98837,98857
98837,98863
98851,98852
98851,98857
98851,98869
98851,98875
98852,98857
98852,98863
98852,98869
98852,98875
98852,98879
98857,98863
98857,98869
98857,98875
98857,98879
98857,98883
98863,98869
98863,98875
98863,98879
98863,98884
98869,98879
98869,98883
98869,98884
98875,98879
98875,98883
98875,98884
98875,98885
98879,98883
98879,98884
98879,98885
98879,98890
98879,99937
98883,98884
98883,98885
98883,98888
98883,98890
98884,98885
98884,98888
98884,98890
98884,98891
98884,98896
98885,98888
98885,98890
98885,98891
98885,98896
98885,98909
98888,98890
98888,98891
98888,98896
98888,98909
98888,98915
98890,98891
98890,98909
98890,98915
98890,98917
98891,98896
98891,98909
98891,98915
98891,98917
98891,98918
98896,98909
98896,98915
98896,98917
98896,98918
98896,98922
98909,98915
98909,98917
98909,98918
98909,98923
98915,98917
98915,98918
98915,98922
98915,98932
98917,98918
98917,98922
98917,98923
98917,98935
98918,98922
98918,98923
98918,98932
98918,98935
98918,98937
98922,98923
98922,98932
98922,98935
98922,98937
98922,98940
98923,98932
98923,98935
98923,98937
98923,98940
98923,98943
98932,98935
98932,98937
98932,98940
98935,98937
98935,98940
98935,98943
98935,98950
98935,98958
98937,98940
98937,98943
98937,98950
98937,98958
98937,98964
98940,98943
98940,98950
98940,98958
98940,98964
98940,98975
98943,98950
98943,98958
98943,98964
98943,98975
98943,98978
98950,98964
98950,98975
98950,98978
98950,98981
98958,98964
98958,98975
98958,98978
98958,98981
98958,98983
98964,98975
98964,98978
98964,98981
98964,98983
98964,98988
98975,98978
98975,98983
98975,98988
98975,98993
98978,98981
98978,98983
98978,98988
98978,98993
98978,98996
98981,98988
98981,98993
98981,98996
98981,99001
98983,98988
98983,98993
98983,98996
98983,99002
98988,98993
98988,98996
98988,99001
98988,99002
98988,99005
98993,98996
98993,99001
98993,99002
98993,99005
98993,99007
98996,99001
98996,99002
98996,99005
98996,99007
98996,99008
99001,99005
99001,99007
99001,99008
99001,99013
99002,99005
99002,99007
99002,99008
99002,99015
99005,99007
99005,99008
99005,99013
99005,99019
99007,99008
99007,99013
99007,99015
99007,99022
99008,99013
99008,99015
99008,99019
99008,99022
99008,99023
99013,99019
99013,99022
99013,99023
99013,99029
99015,99019
99015,99022
99015,99023
99015,99030
99019,99022
99019,99023
99019,99030
99019,99033
99022,99023
99022,99030
99022,99033
99022,99034
99023,99029
99023,99030
99023,99034
99023,99038
99029,99030
99029,99033
99029,99034
99029,99038
99029,99044
99030,99033
99030,99034
99030,99038
99030,99044
99030,99048
99033,99044
99033,99048
99033,99052
99033,99905
99034,99038
99034,99044
99034,99048
99034,99052
99034,99053
99038,99044
99038,99052
99038,99053
99038,99057
99044,99048
99044,99052
99044,99053
99044,99057
99044,99061
99048,99052
99048,99053
99048,99057
99048,99063
99052,99053
99052,99057
99052,99061
99052,99063
99052,99069
99053,99057
99053,99061
99053,99063
99053,99069
99053,99074
99057,99061
99057,99063
99057,99069
99057,99074
99057,99075
99061,99063
99061,99069
99061,99075
99061,99079
99063,99069
99063,99074
99063,99075
99063,99079
99069,99074
99069,99075
99069,99079
99069,99088
99074,99075
99074,99079
99074,99088
99074,99089
99074,99093
99075,99079
99075,99088
99075,99089
99075,99093
99075,99106
99079,99088
99079,99089
99079,99093
99079,99135
99088,99089
99088,99093
99088,99106
99088,99135
99088,99139
99089,99093
99089,99106
99089,99135
99089,99139
99089,99142
99093,99106
99093,99135
99093,99139
99093,99142
99093,99144
99106,99135
99106,99139
99106,99142
99106,99144
99106,99158
99135,99139
99135,99142
99135,99144
99135,99158
99139,99142
99139,99144
99139,99158
99139,99160
99142,99144
99142,99158
99142,99160
99142,99162
99142,99167
99144,99160
99144,99162
99144,99167
99144,99169
99158,99160
99158,99162
99158,99167
99158,99169
99158,99176
99160,99162
99160,99167
99160,99169
99160,99176
99160,99178
99162,99167
99162,99169
99162,99176
99162,99178
99162,99186
99167,99169
99167,99176
99167,99178
99169,99176
99169,99178
99169,99186
99169,99192
99169,99198
99176,99178
99176,99192
99176,99198
99176,99199
99178,99186
99178,99192
99178,99198
99178,99199
99178,99209
99186,99192
99186,99198
99186,99199
99186,99209
99186,99215
99192,99198
99192,99199
99192,99209
99192,99215
99192,99218
99198,99199
99198,99209
99198,99215
99198,99218
99199,99209
99199,99215
99199,99218
99199,99220
99199,99239
99209,99215
99209,99218
99209,99242
99215,99220
99215,99239
99215,99242
99215,99243
99218,99220
99218,99239
99218,99242
99218,99243
99218,99247
99220,99239
99220,99242
99220,99243
99220,99251
99239,99242
99239,99243
99239,99247
99239,99251
99242,99243
99242,99251
99242,99255
99242,99256
99243,99247
99243,99251
99243,99255
99243,99262
99247,99251
99247,99255
99247,99256
99247,99262
99247,99271
99251,99255
99251,99256
99251,99271
99251,99290
99255,99256
99255,99262
99255,99271
99255,99290
99255,99291
99256,99262
99256,99271
99256,99291
99256,99297
99262,99271
99262,99290
99262,99291
99262,99297
99262,99304
99271,99290
99271,99291
99271,99297
99271,99304
99271,99309
99290,99291
99290,99297
99290,99309
99291,99297
99291,99304
99291,99309
99291,99312
99291,99317
99297,99304
99297,99309
99297,99312
99297,99317
99297,99323
99304,99309
99304,99312
99304,99317
99304,99323
99304,99325
99309,99312
99309,99317
99309,99323
99309,99325
99309,99329
99312,99323
99312,99325
99312,99329
99312,99331
99317,99323
99317,99325
99317,99329
99317,99331
99317,99335
99323,99325
99323,99329
99323,99335
99323,99343
99325,99329
99325,99331
99325,99335
99325,99343
99325,99345
99329,99343
99329,99345
99329,99349
99331,99335
99331,99343
99331,99345
99331,99349
99331,99350
99335,99343
99335,99349
99335,99350
99335,99351
99343,99345
99343,99349
99343,99350
99343,99351
99343,99352
99345,99349
99345,99350
99345,99351
99345,99352
99345,99355
99349,99351
99349,99352
99349,99360
99350,99351
99350,99352
99350,99355
99350,99360
99350,99361
99351,99352
99351,99355
99351,99360
99351,99361
99351,99363
99352,99355
99352,99360
99352,99361
99352,99363
99352,99370
99355,99361
99355,99363
99355,99370
99355,99371
99360,99361
99360,99363
99360,99370
99360,99371
99360,99385
99361,99363
99361,99370
99361,99371
99361,99385
99361,99392
99363,99370
99363,99371
99363,99385
99363,99392
99363,99406
99370,99371
99370,99392
99370,99406
99370,99411
99371,99385
99371,99392
99371,99406
99371,99411
99371,99426
99385,99392
99385,99406
99385,99411
99385,99426
99385,99429
99392,99406
99392,99411
99392,99426
99392,99429
99392,99434
99406,99411
99406,99426
99406,99429
99406,99434
99406,99435
99411,99426
99411,99429
99411,99434
99411,99442
99426,99429
99426,99435
99426,99442
99426,99446
99429,99435
99429,99442
99429,99446
99429,99447
99434,99435
99434,99442
99434,99446
99434,99447
99434,99450
99435,99442
99435,99446
99435,99447
99435,99451
99442,99446
99442,99447
99442,99450
99442,99451
99442,99453
99446,99447
99446,99451
99446,99458
99447,99451
99447,99453
99447,99458
99447,99459
99450,99451
99450,99453
99450,99458
99450,99459
99450,99461
99451,99453
99451,99458
99451,99459
99451,99461
99451,99477
99453,99458
99453,99459
99453,99461
99453,99477
99453,99478
99458,99461
99458,99478
99458,99479
99459,99461
99459,99477
99459,99478
99459,99479
99459,99483
99461,99477
99461,99478
99461,99479
99461,99484
99477,99478
99477,99479
99477,99483
99477,99484
99477,99486
99478,99479
99478,99483
99478,99484
99478,99486
99478,99487
99479,99483
99479,99484
99479,99486
99479,99487
99483,99484
99483,99486
99483,99487
99483,99490
99483,99492
99484,99487
99484,99490
99484,99497
99486,99490
99486,99492
99486,99497
99486,99507
99487,99490
99487,99492
99487,99497
99487,99507
99487,99513
99490,99492
99490,99507
99490,99513
99490,99521
99492,99497
99492,99507
99492,99513
99492,99521
99492,99529
99497,99507
99497,99513
99497,99521
99497,99529
99497,99533
99507,99513
99507,99521
99507,99533
99507,99534
99513,99521
99513,99529
99513,99533
99513,99534
99513,99535
99521,99529
99521,99533
99521,99534
99521,99535
99521,99538
99529,99533
99529,99534
99529,99535
99529,99538
99533,99534
99533,99535
99533,99538
99533,99539
99533,99542
99534,99535
99534,99538
99534,99539
99534,99542
99534,99544
99535,99538
99535,99539
99535,99542
99535,99544
99535,99546
99538,99539
99538,99542
99538,99544
99538,99546
99538,99547
99539,99542
99539,99544
99539,99547
99539,99550
99542,99544
99542,99546
99542,99547
99542,99550
99542,99554
99544,99546
99544,99547
99544,99550
99544,99554
99544,99556
99546,99547
99546,99550
99546,99554
99546,99556
99547,99550
99547,99554
99547,99556
99547,99557
99547,99560
99550,99554
99550,99556
99550,99557
99550,99560
99554,99557
99554,99560
99554,99563
99554,99568
99556,99557
99556,99560
99556,99563
99556,99568
99556,99572
99557,99560
99557,99563
99557,99568
99557,99572
99557,99578
99560,99563
99560,99568
99560,99572
99560,99578
99560,99579
99563,99568
99563,99572
99563,99578
99563,99579
99563,99585
99568,99572
99568,99578
99568,99579
99568,99585
99568,99586
99572,99578
99572,99579
99572,99585
99572,99586
99572,99590
99578,99579
99578,99585
99578,99590
99579,99585
99579,99586
99579,99590
99579,99593
99579,99597
99585,99586
99585,99590
99585,99593
99585,99597
99585,99607
99586,99590
99586,99593
99586,99597
99586,99607
99586,99608
99590,99593
99590,99597
99590,99608
99590,99609
99593,99597
99593,99607
99593,99608
99593,99609
99593,99613
99597,99607
99597,99608
99597,99609
99597,99613
99597,99617
99607,99608
99607,99609
99607,99613
99607,99617
99607,99628
99608,99609
99608,99613
99608,99617
99608,99628
99608,99632
99609,99613
99609,99617
99609,99632
99609,99633
99613,99617
99613,99632
99613,99633
99617,99628
99617,99632
99617,99633
99617,99634
99617,99635
99628,99632
99628,99633
99628,99634
99628,99635
99628,99636
99632,99633
99632,99634
99632,99635
99632,99636
99632,99640
99633,99634
99633,99635
99633,99636
99633,99640
99633,99641
99634,99635
99634,99640
99634,99641
99634,99644
99635,99636
99635,99640
99635,99641
99635,99644
99635,99646
99636,99640
99636,99641
99636,99644
99636,99646
99636,99647
99640,99641
99640,99644
99640,99647
99640,99649
99641,99644
99641,99646
99641,99647
99641,99649
99641,99656
99644,99646
99644,99647
99644,99649
99644,99656
99644,99657
99646,99647
99646,99649
99646,99656
99646,99657
99646,99666
99647,99649
99647,99656
99647,99657
99647,99666
99647,99668
99649,99656
99649,99657
99649,99666
99649,99668
99649,99675
99656,99657
99656,99668
99656,99675
99656,99679
99657,99666
99657,99668
99657,99675
99657,99679
99657,99693
99666,99675
99666,99679
99666,99693
99666,99696
99668,99675
99668,99679
99668,99696
99668,99697
99675,99693
99675,99696
99675,99697
99675,99698
99679,99693
99679,99696
99679,99697
99679,99698
99679,99699
99693,99696
99693,99697
99693,99698
99693,99699
99693,99704
99696,99697
99696,99698
99696,99699
99696,99704
99696,99706
99697,99698
99697,99699
99697,99706
99697,99707
99698,99699
99698,99704
99698,99706
99698,99707
99698,99708
99699,99704
99699,99706
99699,99707
99699,99708
99699,99709
99704,99706
99704,99707
99704,99708
99704,99709
99704,99713
99706,99707
99706,99708
99706,99709
99706,99713
99706,99716
99707,99708
99707,99709
99707,99716
99707,99717
99708,99713
99708,99717
99709,99713
99709,99716
99709,99717
99709,99725
99709,99726
99713,99716
99713,99717
99713,99725
99713,99726
99713,99739
99716,99717
99716,99725
99716,99726
99716,99739
99716,99740
99717,99725
99717,99726
99717,99739
99717,99740
99717,99744
99725,99726
99725,99739
99725,99740
99725,99744
99725,99748
99726,99739
99726,99740
99726,99744
99726,99748
99726,99753
99739,99740
99739,99744
99739,99753
99739,99756
99740,99744
99740,99748
99740,99753
99740,99759
99744,99748
99744,99753
99744,99756
99744,99759
99744,99764
99748,99753
99748,99756
99748,99759
99748,99764
99748,99766
99753,99756
99753,99759
99753,99764
99753,99766
99753,99767
99756,99759
99756,99766
99756,99771
99759,99764
99759,99766
99759,99767
99759,99771
99759,99773
99764,99766
99764,99767
99764,99771
99764,99773
99764,99780
99766,99771
99766,99773
99766,99780
99766,99782
99767,99771
99767,99773
99767,99780
99767,99782
99767,99784
99771,99773
99771,99782
99771,99784
99773,99780
99773,99782
99773,99784
99773,99786
99773,99790
99780,99782
99780,99784
99780,99790
99780,99793
99782,99784
99782,99786
99782,99790
99782,99793
99782,99798
99784,99786
99784,99790
99784,99793
99784,99798
99784,99803
99786,99790
99786,99793
99786,99798
99786,99803
99786,99808
99790,99803
99790,99808
99790,99818
99793,99798
99793,99803
99793,99808
99793,99818
99793,99822
99798,99803
99798,99818
99798,99822
99798,99823
99803,99822
99803,99823
99808,99818
99808,99822
99808,99830
99808,99831
99818,99822
99818,99823
99818,99830
99818,99831
99818,99840
99822,99823
99822,99831
99822,99840
99822,99845
99823,99830
99823,99831
99823,99840
99823,99845
99823,99848
99830,99831
99830,99845
99830,99848
99830,99849
99831,99840
99831,99845
99831,99848
99831,99849
99831,99858
99840,99845
99840,99848
99840,99849
99840,99858
99845,99848
99845,99849
99845,99858
99845,99860
99845,99862
99848,99849
99848,99858
99848,99860
99848,99862
99848,99863
99849,99858
99849,99860
99849,99862
99849,99863
99849,99867
99858,99860
99858,99862
99858,99867
99858,99871
99860,99862
99860,99863
99860,99867
99860,99871
99860,99872
99862,99863
99862,99867
99862,99871
99862,99872
99862,99874
99863,99867
99863,99871
99863,99872
99863,99874
99863,99882
99867,99871
99867,99874
99867,99882
99867,99884
99871,99872
99871,99874
99871,99882
99871,99886
99872,99874
99872,99882
99872,99886
99872,99889
99874,99882
99874,99884
99874,99886
99874,99893
99882,99884
99882,99886
99882,99889
99882,99893
99882,99904
99884,99886
99884,99889
99884,99893
99884,99904
99884,99905
99886,99889
99886,99893
99886,99904
99886,99912
99889,99893
99889,99904
99889,99905
99889,99912
99889,99914
99893,99904
99893,99912
99893,99914
99893,99915
99904,99905
99904,99912
99904,99914
99904,99915
99904,99919
99905,99912
99905,99914
99905,99915
99905,99919
99912,99914
99912,99915
99912,99919
99912,99920
99912,99921
99914,99915
99914,99919
99914,99920
99914,99921
99914,99922
99915,99919
99915,99920
99915,99921
99915,99922
99915,99923
99919,99920
99919,99921
99919,99922
99919,99923
99919,99930
99920,99921
99920,99922
99920,99923
99920,99930
99920,99931
99921,99922
99921,99923
99921,99930
99921,99931
99921,99934
99922,99923
99922,99930
99922,99931
99922,99934
99922,99937
99923,99930
99923,99934
99923,99937
99923,99941
99930,99931
99930,99937
99930,99941
99930,99942
99931,99934
99931,99937
99931,99941
99931,99942
99931,99945
99934,99937
99934,99941
99934,99942
99934,99945
99934,99947
99937,99941
99937,99942
99937,99945
99937,99947
99937,99953
99941,99942
99941,99947
99941,99958
99942,99945
99942,99947
99942,99953
99942,99958
99942,99961
99945,99947
99945,99953
99945,99958
99945,99961
99945,99962
99947,99953
99947,99958
99947,99961
99947,99962
99947,99966
99953,99958
99953,99961
99953,99962
99953,99966
99953,99970
99958,99961
99958,99962
99958,99970
99958,99971
99961,99962
99961,99966
99961,99970
99961,99971
99961,99975
99962,99966
99962,99970
99962,99971
99962,99984
99966,99970
99966,99971
99966,99975
99966,99984
99966,99985
99970,99971
99970,99975
99970,99984
99970,99985
99970,99988
99971,99975
99971,99984
99971,99988
99971,99997
99975,99984
99975,99985
99975,99988
99975,99998
99984,99985
99984,99988
99984,99997
99984,99999
99985,99997
99985,99998
99985,99999
99988,99997
99988,99998
99988,99999
99997,99998
99997,99999
99998,99999
